/*--------------------------------*- C++ -*----------------------------------*\
  =========                 |
  \\      /  F ield         | OpenFOAM: The Open Source CFD Toolbox
   \\    /   O peration     | Website:  https://openfoam.org
    \\  /    A nd           | Version:  10
     \\/     M anipulation  |
\*---------------------------------------------------------------------------*/
FoamFile
{
    format      ascii;
    class       labelList;
    note        "nPoints:3306  nCells:3042  nFaces:10779  nInternalFaces:4431";
    location    "constant/polyMesh";
    object      neighbour;
}
// * * * * * * * * * * * * * * * * * * * * * * * * * * * * * * * * * * * * * //


4431
(
362
764
2680
211
1828
2729
73
583
2758
50
138
1503
67
928
2945
155
277
2455
56
114
2064
330
2665
2780
83
612
1340
646
2735
2950
92
324
962
173
547
868
58
80
1434
43
1215
2708
22
293
1852
60
128
2289
320
501
700
237
362
2670
47
1505
2520
165
547
1496
41
2687
2780
215
1777
2014
540
1066
119
160
1641
106
290
2114
49
102
727
60
289
2174
183
327
2111
571
2813
2830
78
99
732
191
1126
2140
116
496
1469
95
464
2364
117
1405
2805
36
254
2431
77
723
1821
942
2142
85
769
1299
76
474
2099
335
610
2071
521
2470
2702
764
1079
53
443
1625
741
2573
261
521
754
207
791
1322
113
1984
2056
49
506
135
153
306
422
1092
1344
258
1000
86
250
1220
306
345
241
321
2749
139
457
2061
1325
1412
162
301
1118
110
1504
133
141
1642
1471
121
157
371
238
291
2163
158
744
2115
495
770
1074
111
341
1562
334
992
1166
1637
2090
229
581
1843
259
1175
1744
151
346
635
112
511
1433
76
147
1512
1588
1734
225
1181
2599
322
523
1284
470
892
1436
130
1339
315
1648
3001
672
2747
103
520
1972
184
201
383
205
538
336
1322
1360
213
574
194
1332
320
339
2617
552
2716
2950
122
218
955
182
572
2260
160
306
314
406
897
153
345
363
310
317
2643
591
789
256
2354
2835
540
956
1523
150
335
632
196
1195
195
2791
3041
120
989
2621
295
1316
1406
2250
274
355
2681
163
723
1679
1356
2296
168
363
371
142
181
749
148
276
2009
437
692
349
1320
337
579
664
2023
957
995
251
1897
2857
279
1734
891
1264
670
2305
3040
135
2768
408
702
124
827
156
1664
157
232
1379
369
618
298
554
1497
204
711
1764
348
451
1325
404
2291
245
281
1622
742
1717
679
1330
2844
206
383
401
1446
1945
172
1824
2685
916
167
487
818
313
346
633
579
660
542
2122
305
650
1517
199
564
519
658
299
776
1951
187
650
1549
893
2195
2598
359
504
1068
426
562
417
1234
537
883
1851
390
622
379
1497
188
1046
2062
1345
222
340
1706
1502
3029
1378
1401
1302
912
1189
615
2583
2703
395
816
2023
2715
651
1123
472
1333
662
1807
636
1490
242
929
2437
570
592
429
1302
273
790
1128
270
2611
2994
553
767
2308
648
2428
1355
2594
401
438
535
201
450
580
329
2488
2784
292
801
611
2738
2943
246
411
555
214
489
990
221
2926
621
768
498
1445
505
909
213
529
1026
324
443
880
430
1318
346
721
381
407
942
431
534
818
786
2754
206
444
1244
286
806
838
691
1296
2005
2627
570
1310
319
450
565
2221
3037
3038
428
654
287
1866
2521
1594
205
482
485
214
227
485
1410
2236
248
1361
364
2047
239
1034
1381
623
1756
2196
307
1232
2101
901
1358
316
421
2485
455
850
418
1242
238
590
769
272
466
2297
629
1032
228
278
748
375
386
652
596
776
388
1146
375
376
536
382
399
409
1289
1891
382
385
595
410
1150
252
1799
605
1580
377
411
432
376
380
757
450
497
380
387
433
385
394
676
646
1015
2880
354
386
448
353
1934
463
406
3024
271
359
1521
1251
1700
621
876
514
1433
2123
549
1416
2139
399
416
357
998
249
522
2515
977
1103
351
729
665
1167
2164
2647
624
1045
387
416
795
1344
2169
328
593
2426
828
1246
473
2895
2953
1022
582
694
393
889
1832
338
2195
327
917
1280
377
449
555
502
596
688
780
949
1868
318
1036
1617
454
647
687
426
543
556
661
763
1502
1266
2600
466
1272
503
2415
302
317
527
2544
645
1776
2584
1261
2938
501
725
512
644
2217
2786
467
1159
2516
550
1455
394
517
649
364
448
490
389
2167
2527
351
699
817
2226
2416
528
734
342
598
1876
1169
2892
483
2124
603
1045
1076
1462
1215
1655
516
2528
2923
981
2329
589
2718
2986
456
588
695
648
803
2475
2936
435
543
668
808
1033
1005
1205
390
528
617
638
680
1989
1367
2212
358
707
522
746
932
477
642
685
1795
2424
326
918
2401
442
554
1024
1081
1497
452
1625
907
940
1303
1441
1008
749
2926
625
1594
442
904
1395
1476
1798
333
365
641
680
337
587
588
480
2723
2103
576
647
697
2559
465
2028
1637
1812
3039
381
733
781
778
1025
475
1924
1474
840
1192
755
1364
1429
713
1221
432
800
886
2153
417
2009
509
1078
1881
432
507
812
1451
619
2709
2906
995
1668
844
940
640
704
824
604
710
2649
2829
1305
2902
840
1146
641
1511
414
1737
2897
475
963
879
905
1271
391
659
817
639
830
2442
2194
2187
840
468
984
815
1968
2689
609
895
952
430
613
1087
688
1448
533
685
750
1430
446
1785
2571
924
1469
1638
874
2910
2943
1099
1800
1706
599
1015
1231
648
2304
1108
2431
1270
1362
558
971
2537
1567
388
1622
730
832
2589
882
446
2312
914
970
1078
1365
2356
1069
1295
2876
737
1858
2048
820
930
1874
405
733
759
1349
1616
2596
2719
1793
890
989
2133
493
524
614
927
2722
932
1457
2220
704
802
794
1038
550
1229
823
1471
1711
486
640
848
1107
2325
1577
3027
540
861
2550
1823
1970
557
1939
717
2191
2244
1039
1702
2875
682
2513
626
834
681
1001
2108
528
1328
1547
753
1934
2194
1145
741
1357
2344
1920
1937
1345
1383
1206
592
1382
568
1485
705
1457
2313
1040
2514
485
823
887
634
1011
551
1373
457
958
1999
703
939
1406
606
1886
2502
2203
638
786
1997
797
821
2151
516
663
822
1424
1911
835
1192
1411
1967
2079
2168
677
847
1834
826
1092
1294
1415
1491
1879
1917
638
1042
2949
578
2200
2633
548
582
1247
937
997
2923
605
913
1760
1489
2658
1257
1811
2181
2752
1353
661
1976
1120
1831
689
787
1789
491
2104
820
2608
3018
548
1821
561
1781
1145
2069
597
575
1233
1337
1164
2359
893
1281
2990
513
631
2281
494
1427
875
2793
2856
850
911
1219
2480
717
738
2241
838
952
990
1195
493
987
1368
818
943
872
1347
510
2097
511
660
2209
922
1163
2555
841
857
1588
1780
827
993
983
2128
506
1633
2319
520
1307
1478
1678
1083
1432
1058
1089
1276
1303
1026
1361
784
914
1711
788
2279
2330
666
1104
920
2286
1561
549
881
706
1920
755
2546
637
1245
2524
1822
620
771
627
747
768
1097
1443
1681
1548
697
1279
2310
1219
2157
578
936
2631
620
1069
1111
709
2771
909
1016
1577
2093
634
859
869
798
1235
2756
922
935
1335
2341
1244
2914
1028
1524
1974
2580
911
979
724
1447
2546
884
1959
1187
2697
866
727
1475
2450
1769
2951
2976
589
1563
2400
1444
1175
748
2189
1748
2190
2052
2185
857
1513
2617
673
960
968
1014
2982
1360
2828
868
2552
2832
666
1097
1458
1563
2491
960
969
718
896
900
743
923
993
1037
601
1799
2797
731
1556
2246
1101
1249
1238
2457
2695
1927
1525
1654
1490
2437
690
959
1245
1016
1041
1078
1658
826
1377
899
979
999
1036
996
1362
1379
816
2947
1733
1414
2596
1845
2607
653
893
1364
670
819
1553
996
1013
814
599
1041
1065
2129
2314
2160
888
2157
877
1456
2942
1021
1229
2301
673
3019
2137
2476
2007
1688
1719
1797
758
2161
1305
2472
1065
1085
997
2127
3020
2058
2589
865
1037
1095
939
975
1289
752
1680
882
2677
2391
2889
2089
2885
779
1020
888
1442
664
1525
630
876
1290
1070
1091
1083
1430
2217
2595
1070
1084
887
1182
1085
1112
865
2508
1316
904
796
1011
1384
1216
833
1675
1817
986
1151
1842
982
2062
1343
1659
2265
2355
1326
1993
806
1241
935
1492
859
950
1112
1131
1951
2899
2155
961
1006
2948
1308
941
1404
1536
1911
1157
2484
706
902
696
919
946
863
1269
2643
702
1131
1143
1329
2301
1095
1166
994
2845
2105
2859
2021
2087
2947
766
1130
1329
808
862
1336
968
1520
831
951
2656
1718
877
1888
1933
793
2671
2999
850
943
1282
782
1778
3029
2494
2948
2190
2873
928
1515
1812
1548
1688
690
961
2740
1506
2357
715
756
1210
1266
1414
1810
965
783
1135
2038
1001
1183
1779
770
2489
962
1004
1047
793
796
1101
1820
1830
2095
2183
1013
1590
978
1705
2378
731
1767
2838
1166
1227
1507
1721
728
1605
1616
881
1255
1681
951
1761
2781
752
908
837
2253
2634
1241
1578
1650
1718
714
1260
842
1876
2031
1507
1671
716
2269
762
1890
1571
1870
2078
981
1313
1466
1772
2630
1423
2553
986
1593
1066
1201
2371
1388
1147
2109
1721
1778
933
1004
1315
1505
2204
2913
1227
1254
1099
1275
1991
1127
1431
1761
1091
1677
933
957
1488
907
1364
1643
1648
1758
1834
2429
931
1683
1895
1464
1562
1758
2183
1043
1796
804
902
1359
2459
792
923
978
1254
1263
1395
2260
758
2739
987
1235
774
805
912
2626
1720
1758
1035
1905
1447
852
2755
1485
1524
2147
1263
1273
1274
1423
2132
1311
1553
1876
1237
1434
2622
2683
2686
879
1883
2341
1508
1766
1074
2144
1762
2510
809
1007
2042
2275
991
1680
2624
1359
2064
894
1998
2957
1432
816
898
1261
1075
1511
1318
1848
916
2585
1273
1287
1802
2759
892
1931
834
973
857
1122
1133
2996
841
1334
985
1415
1024
1208
1763
2690
1114
1977
804
946
1006
881
1416
1249
1792
809
1262
2247
1200
2043
1151
1221
1486
1275
1293
1077
1251
1287
1309
1024
1031
1543
831
849
1249
2704
1197
1006
860
1368
2480
994
1183
1614
1293
1389
1153
1970
2476
1447
2270
2742
2808
1822
1110
1304
1199
953
2079
947
1705
1169
1309
1327
873
1251
1901
2425
1009
2181
2575
1982
2857
3000
1290
2230
1964
1419
2907
1390
1939
1402
2999
855
1096
2329
1311
2031
1226
1408
2083
2448
864
2009
2969
894
1268
2891
1961
2484
1035
1710
2702
1109
1421
2622
1373
1572
1327
1397
1730
2361
1516
2607
2833
1847
2655
929
1290
1326
1278
2974
3027
1071
1155
1223
1236
1733
962
1419
2220
1117
1673
2075
1422
1852
1198
1863
2082
2424
1122
1477
2312
1280
2405
2074
2164
2903
1496
1633
1887
1330
2470
3026
1107
1185
2507
1289
2047
1076
1509
1188
2725
1688
2444
2324
1561
2119
2466
1335
1451
1660
2556
2495
2763
1474
1558
963
972
2471
1153
2787
1103
1787
1398
2374
1925
1960
1750
2548
2486
2649
1397
1439
1387
1686
1660
1663
1580
1865
1340
1632
1044
1252
1350
2294
1187
1783
1820
1077
1437
1438
1533
1707
2401
2484
1438
1439
1351
1133
1401
1513
1531
1605
2299
2812
1429
1905
2315
2717
2085
2382
1399
1725
947
1512
2359
1614
2094
2911
1813
2238
1913
2213
1188
2199
2597
1001
1978
2116
2063
2170
2941
1343
2340
2835
1370
2703
2559
1296
1029
1052
1424
2227
1385
1617
2316
2536
990
1150
2878
1449
1562
1348
2357
948
2341
1428
1939
2281
1403
2276
2862
1029
951
2645
2698
2768
1460
1546
2624
1467
2136
1120
2361
2641
1509
1922
1478
2995
1292
1277
2697
1419
2410
2266
2518
2549
1525
1843
2947
1235
1732
1381
1418
1638
2604
2744
2975
1468
1164
1846
1389
1589
1322
1952
998
1929
2158
1323
2159
1347
1542
1026
1770
2981
2089
2368
2086
2311
1335
1437
1806
1475
2324
2529
1903
2458
1410
1782
1767
2838
2235
1673
1023
1027
1585
2846
2150
2394
2568
3019
1889
1092
1253
1853
1822
1907
1040
1871
2010
2871
1087
1093
1176
1044
1686
2308
1394
1501
1021
2672
1394
1803
1240
1448
1405
2925
2988
1117
1072
1162
1190
2283
1069
1567
2718
1935
1757
1796
2353
1455
2532
2916
2005
2391
3030
1093
2307
2494
2565
2730
1665
2303
1410
1518
1817
1959
1277
1536
1299
1415
2637
1824
2129
1323
1048
1487
1663
1973
2742
2736
2352
2369
2846
2052
2253
1391
2385
1625
2980
2063
2381
1513
2053
1205
1386
1167
1049
1051
1352
1271
1440
1197
1198
1272
1353
1055
1372
1056
2387
1058
1058
2263
1062
2264
1062
1063
1063
1441
2351
1506
1177
1300
1330
1942
2995
1102
2414
2497
1100
1165
2342
1384
1115
1144
1115
1116
1140
2407
1175
1333
2159
2028
2048
1232
2251
2384
1221
2617
1210
1400
2207
2899
1491
1914
2379
1873
2623
1380
1090
1425
2297
1425
2387
1106
1160
1918
1204
1118
1124
1161
1924
1316
2082
1129
1173
1676
1687
1106
1521
2704
2351
2908
2039
1589
1707
1897
2920
1119
2219
1297
2532
1765
2274
1311
2662
2066
2982
1949
1138
1149
1217
1899
2591
2350
1130
1220
1336
1138
1285
1241
1137
1239
1258
2535
1124
1371
1129
1284
1286
1332
1556
1983
1310
1837
2080
2643
1136
1179
2370
1810
2395
2611
1664
1148
1154
1207
1306
1409
1154
1265
1207
1265
1170
1236
1357
2935
1149
1172
2395
2965
3031
1406
1449
2653
1866
1955
1149
1156
2751
2504
1665
2135
1156
1162
1862
1849
1222
1650
2952
2186
1209
1835
2205
1224
1961
2184
1686
2433
2586
2285
2700
1170
1754
1265
1317
1171
1612
2564
1512
1285
1417
1298
1496
1528
2349
1182
1172
1191
1211
1179
1194
1209
1204
1248
1651
1225
1243
2767
3033
1534
1681
2732
2409
1874
2530
2691
2992
2892
1978
1811
2274
2531
1463
2830
1383
2585
2717
2201
2928
1216
1267
1476
1243
1267
2504
1698
2074
2870
1230
1495
2878
1374
1426
1639
1346
1346
2315
2638
1673
2046
2055
2077
1426
1869
2486
1243
1312
1380
1239
2013
1250
1308
1211
1257
2203
1224
1921
1225
1352
2172
1353
2173
1306
1325
2088
1218
2230
1224
1230
1538
2886
1368
1904
1720
2890
1374
1738
1239
1956
2624
2568
1407
1411
1941
2042
1285
1324
2795
1883
1881
2606
1865
2503
1802
1504
1844
2692
2807
1889
1929
1428
2644
2737
1989
2057
2340
1374
1869
1258
2021
1363
1380
1401
1695
1292
1392
1943
1542
1917
1337
1448
2004
1465
1317
1902
2548
2613
1396
1684
2715
1906
2168
2441
2216
2533
1654
1279
1768
2772
1443
2177
1529
2014
1499
1499
2333
2470
2968
1975
1417
2485
2978
1804
1902
1312
2514
2184
2694
1531
1883
1702
2383
2915
1392
1292
1296
1950
1811
2728
2731
2032
2493
2836
2336
1767
1770
2168
2233
1800
2339
1508
1376
1493
2844
1350
1393
2644
1784
1440
2692
2796
2020
1839
1523
2182
1450
2347
2855
1341
1695
2205
1710
2746
2887
1543
2018
1413
1473
1498
1691
2186
2640
1537
1701
2450
1509
2155
2215
1522
2003
2556
2799
1881
1435
2408
2567
1798
1518
1704
1723
2018
1779
1713
2554
2894
1752
2878
2721
1363
2154
1355
1519
1657
2437
2425
2717
1979
1371
2513
1529
1828
1909
1594
1636
2497
1413
1446
1452
2511
2157
2426
2095
1777
2644
1412
1402
2981
1656
1407
2744
3037
1470
1575
1631
1396
1647
1372
1766
2839
2660
2848
1676
1864
1841
1446
1498
1662
1762
1916
1787
1857
1384
1835
1753
2667
1806
1972
1893
1859
1888
1501
1790
1453
1514
1470
1653
2026
2066
2982
1445
1632
2393
1712
1878
2143
2560
1870
2417
1526
2569
1472
1672
2755
2763
1713
1895
3036
1487
2908
2613
1450
1826
2706
1500
1527
1689
1839
2547
2719
2131
1495
1973
2278
1814
1816
2520
2760
2841
2779
3009
1957
1863
2202
1569
1672
2636
1712
2479
1776
2551
2569
2899
2224
1847
2590
2648
1470
2523
2539
2464
1987
2081
2081
1813
1892
2739
1519
1659
2514
1891
1480
2223
1549
2713
2059
2586
1725
1851
2098
2091
1859
2674
2360
1707
2006
1462
2159
1461
2158
2879
2896
1720
2153
1564
2274
2040
2856
2454
2946
1996
2150
2970
2888
1851
1861
1479
1571
1817
1514
2350
1700
1704
2732
1805
1894
1517
1689
1484
2264
1483
2173
2263
2172
1830
1671
2452
2497
1543
2064
1550
2815
1786
1675
1846
1930
2040
2651
1808
1854
2022
1583
1642
1898
2459
2582
1765
1853
2169
1842
1816
3004
2610
1864
1527
1569
2038
1744
2774
2516
2789
1734
2786
1575
1764
1896
1871
1958
2297
1659
1838
2588
2620
1757
2447
2373
1786
1818
1777
1709
2893
3009
2251
1654
1969
2719
1725
2193
1917
2061
2043
2073
2978
1816
1919
1880
2893
2046
2075
1769
2074
2211
1771
2371
2732
1999
2043
2046
2295
2439
1633
2158
1925
2443
2593
2212
1762
2816
2067
2085
2068
2099
2137
2136
2151
1859
2773
3015
2228
2354
2490
2071
1641
2876
2972
2092
2096
2224
1591
1765
2455
2097
2104
2067
2068
2014
2170
2206
1884
2071
2121
1662
1868
1908
2103
2111
2100
2317
1647
2138
2174
2148
1962
2956
2343
2440
2444
1860
2102
2106
2100
2119
1676
2218
2117
2140
1675
1879
2102
2108
1951
2867
3016
2239
2693
1914
1981
2007
2231
2108
2116
1788
1790
2109
2113
2110
2165
2109
2135
2106
2114
2114
2124
2085
2103
2075
2118
2092
2097
2123
2130
2110
2125
2498
2133
2366
2073
2096
2131
2139
2128
2149
2116
2332
2139
2147
2650
2811
2145
2256
2209
2113
2123
1760
2367
2118
2124
2125
2178
2111
2128
2099
2104
2532
2131
2369
2141
2156
1669
1718
2137
2141
2162
2161
2176
2133
2255
2119
2130
1689
1926
2458
2135
2303
2185
2215
2253
1935
2508
2870
2970
1657
1912
2121
2145
2300
1937
2479
3001
2149
2156
2147
2161
2138
2196
1653
2840
2162
2188
1694
2087
2307
2178
2229
1684
2055
2573
1793
2741
1738
2812
2827
2328
2188
2214
2713
2761
2322
2270
2165
2176
2136
2259
1941
2393
1694
2787
2117
2222
1947
1988
2196
2214
1955
2037
2203
2455
1684
1764
2757
2254
2279
2858
3036
2151
2247
1800
2015
2174
2289
1878
2051
2257
2284
2170
2291
2153
1835
2140
2228
2245
2248
1736
2090
1827
2086
2587
2112
1808
1966
2634
2241
2244
2749
2587
2504
2008
2057
2181
2558
2966
2808
2033
2198
2828
2228
2246
2247
2298
2229
2257
1757
2569
2343
3011
2050
2248
2302
1818
2180
2241
2271
2245
2290
2246
2254
2244
2288
2222
2262
1792
1815
2268
2273
1986
2909
2095
2262
2268
2146
2164
1804
2032
1971
2206
2353
1948
1994
2166
2271
2282
2273
2282
2402
2567
2681
2259
2337
1814
1842
1887
2298
2302
2854
2929
1815
1825
1831
2627
3039
2288
2290
1862
2381
1784
2741
2202
2409
2289
2291
2039
2214
2279
2284
3020
2917
2013
2529
2409
2602
2652
2462
1991
2061
2210
2793
2869
2355
2389
2053
2163
2822
2337
2355
2187
2727
2606
1913
2542
1984
2997
1825
2477
1962
2122
1893
2237
2525
2258
2036
2144
2380
1818
1940
1833
1825
1954
2294
2120
1841
2353
2447
1885
1948
2675
2593
2598
1904
2053
2389
2451
1971
1856
1885
2293
2269
2762
2250
2474
3012
2406
2460
2629
2758
2533
2421
1844
2557
1940
1947
2489
2956
1869
1828
2120
2931
2576
2699
1848
2307
1856
2022
2207
2201
2361
2447
2430
2433
1867
1874
2608
1980
2864
1896
1993
2459
2460
2502
2487
1969
1919
2676
2798
2468
2534
2432
2407
2510
2451
2527
2886
2473
1965
2272
2402
2562
2272
2142
2645
2008
2028
2299
2314
1974
2011
2888
2197
2365
2621
1868
2078
2764
2509
2502
2540
1936
2493
2392
2436
2793
2216
2963
2990
1894
2270
2035
2708
2527
2540
1912
1915
1963
2460
2482
2319
2240
2471
1919
1966
2783
1964
2036
2921
1909
2583
1912
2000
2115
2442
2691
2992
2295
2567
1922
2112
2005
2149
2646
2350
2958
2233
2298
2033
2827
2487
2585
1954
2255
2256
1979
2919
2541
1993
2373
2234
2386
2261
2488
2572
1966
2022
2322
1938
2655
2769
2549
2521
1967
2523
2418
2849
2037
2127
2316
2004
1956
2226
2088
2523
2562
2630
2529
2690
2890
2525
2745
2051
1974
2275
2349
2154
2528
2571
2554
2605
1958
2101
2384
2238
2547
2023
2231
2733
2499
2435
2536
2570
2537
2543
1977
2543
2191
2438
2577
2762
2566
2394
2710
1996
2017
2255
2443
2661
2292
2207
2388
2416
2059
2469
2088
2478
2688
3020
2453
2511
2182
2358
2015
2564
2683
2789
2574
2107
2323
2551
2977
2313
2684
2146
2730
1991
1997
2231
2039
2188
2368
2359
2734
2581
2599
2011
2824
2287
2651
2767
2738
2800
2403
2424
2265
2287
2454
2757
2981
2829
2883
2323
2743
2651
2666
2665
2712
2574
2591
2827
2193
2403
2882
2840
2221
3028
2792
2670
2680
2062
2811
2673
2746
2303
2197
2630
2666
2670
2197
2688
2707
2673
2689
2555
2723
2678
2716
2665
2682
2686
2687
2561
2576
2812
2678
2735
2152
2966
2656
2261
2486
2666
2680
2686
2318
2682
2687
2695
2790
2691
2194
2688
2689
2552
2594
2198
2809
2765
2772
2806
2583
2612
2526
2705
2907
2406
2695
2711
2675
2711
2842
2819
2069
2724
2152
2516
3005
2200
2358
2861
2756
2354
2530
2210
2292
2698
2980
2177
2434
2403
2590
2964
2716
2809
2517
2587
2804
2668
2189
2419
2286
2105
3035
2107
2317
2679
2166
2495
2911
2626
2740
2296
2332
2777
2535
2546
2230
2754
2480
2729
2677
2210
2345
2735
2880
2515
2927
2224
2702
2887
2608
2707
2892
2326
2425
2272
2639
2235
2794
2192
2823
2266
2941
2310
2185
2826
2182
2418
2775
2396
2346
2193
2410
2451
2748
2848
2858
2414
2415
2738
2860
2797
2853
2782
2743
2872
2258
2560
2413
2601
2506
2223
2967
2865
2288
2668
3028
2593
2572
2211
3041
2278
2620
2839
2446
2538
2329
2675
2772
2891
2466
2467
2764
2278
2633
2561
2642
2933
2485
2513
2896
2306
2750
2785
2584
2317
2332
2227
2421
2386
2851
2866
2445
2257
2637
2407
2269
2477
2312
2508
2517
2320
2913
2367
2434
2851
2862
2439
2623
2825
2863
2809
2875
2653
2311
2868
2877
2838
2821
2260
2454
2378
2412
2415
2414
2337
2468
2866
2900
2817
2429
2422
2792
2612
2714
2875
2915
2877
2918
2572
2831
2313
2473
2330
2759
2845
2734
2949
2438
2771
2613
2801
2557
2648
2766
2927
2820
2874
2606
2445
2324
2942
2829
2898
2904
2907
2380
2710
2837
2393
2509
2365
2618
2566
2792
2967
2520
2538
2542
2860
2910
2535
2978
2500
2660
2804
2810
2872
2924
2584
2867
2637
2932
2986
2537
2657
2439
2448
2615
2910
2939
2555
2564
2413
2544
2573
2811
2916
2618
2488
2541
2971
2989
3017
2815
2818
2803
2822
2543
2574
2900
2953
2832
3004
2471
2549
2374
2975
2998
2778
2559
2684
2366
2369
2924
2951
2365
2731
2846
2853
2775
2536
2566
2995
2490
2712
2442
2551
2896
2960
2891
2957
2842
2983
2515
2528
2570
2433
2722
2405
2819
2632
2918
2509
2525
2571
2816
2839
2435
2763
2524
2915
2918
2725
2408
2869
2468
2676
2658
2803
2553
2746
2880
2991
2862
2905
2491
2932
2693
2408
2745
2823
2751
2774
2524
2472
2765
2834
2850
2681
2421
2581
2591
2588
2636
2824
2428
2446
2674
2854
2865
2715
2733
3007
2518
2939
2979
2942
2873
2578
2582
2917
2517
2547
2690
2495
2590
2901
2874
2614
2964
2554
2657
2821
2901
2881
2685
2648
2951
2984
2774
2489
2510
2503
2728
2932
2961
2796
2912
2721
2953
2961
2597
2984
2683
2847
2884
2599
2783
2957
2993
2911
2791
2870
2578
2639
2519
2781
2800
2736
2926
2787
2762
2638
3018
2492
2628
2807
3040
2663
2709
2635
2852
2944
2921
2575
2961
2526
2618
2699
2802
3003
3008
2685
2931
2610
2832
2848
2960
3014
2731
2790
2868
2531
2728
2660
2813
2727
2538
2674
2773
2766
2652
2902
2621
2979
2984
2814
2835
2760
2696
2747
2769
2653
2783
2589
2784
3013
2806
2767
2837
2627
2588
2701
2610
2887
2922
2729
2604
3025
2749
2934
2869
2601
2622
2847
3000
2605
2923
2752
2801
2698
2820
2586
2983
2993
2655
2755
2992
2639
2607
2629
2906
2727
2663
2962
2913
2959
3021
2830
3006
2841
2770
2952
2726
2895
2997
3010
2843
2858
2905
2930
2997
2706
2925
2623
2699
3003
3023
2986
2991
2697
2668
2750
2945
2757
2753
2842
2709
2985
3015
2788
2852
2985
2788
2662
2796
2650
2958
2661
2760
2704
2956
2694
2884
2656
2826
2955
2743
2776
2952
2916
2765
2737
2834
2914
2828
2818
3008
3031
2841
2788
2705
2920
3000
2933
2962
2941
2966
3010
2802
2948
2769
2940
2808
2833
2922
2950
2734
2909
2780
2784
3040
2723
2847
2789
2884
2989
3005
2779
2849
2813
2904
2988
3018
3017
2968
2807
2752
2764
2726
2851
2991
3014
3023
2955
2888
2751
2819
3041
2866
3028
2882
2861
2996
2853
2766
2921
2958
2750
2836
2940
2781
2917
2898
2983
2937
2909
2833
2935
2778
2867
2820
2890
2902
2806
3013
2804
2872
2903
2803
2818
3016
2987
2815
2816
2834
2937
2906
2912
3039
2799
2922
2934
2954
2822
3031
2821
2889
2988
2940
2963
2971
2826
2885
2840
3001
2850
2854
2897
2967
2874
2972
2865
2873
2897
3033
2894
3019
2856
3029
2855
2929
2877
2987
2920
2974
3035
2943
2936
2881
2972
2987
3022
2944
3038
2881
2960
3006
2954
2898
2993
2955
2893
3012
2999
2900
2964
2976
3024
3036
2998
2944
2929
2985
3032
2976
2971
2931
2939
2959
2965
2973
2970
2969
2989
3016
2996
2969
3007
3010
2949
2980
3007
2979
3024
3011
3008
3026
3002
3003
3030
2977
3025
3021
3002
3034
3004
3023
3017
3034
3022
3021
3030
3032
3034
3032
3025
3033
3035
)


// ************************************************************************* //
