/*--------------------------------*- C++ -*----------------------------------*\
  =========                 |
  \\      /  F ield         | OpenFOAM: The Open Source CFD Toolbox
   \\    /   O peration     | Website:  https://openfoam.org
    \\  /    A nd           | Version:  10
     \\/     M anipulation  |
\*---------------------------------------------------------------------------*/
FoamFile
{
    format      ascii;
    class       vectorField;
    location    "constant/polyMesh";
    object      points;
}
// * * * * * * * * * * * * * * * * * * * * * * * * * * * * * * * * * * * * * //


3306
(
(-5 -5 0)
(15 -5 0)
(15 5 0)
(-5 5 0)
(1 0 0)
(0 0 0)
(-5 -5 0.1)
(15 -5 0.1)
(15 5 0.1)
(-5 5 0.1)
(1 0 0.1)
(0 0 0.1)
(-4 -5 0)
(-3 -5 0)
(-2 -5 0)
(-1 -5 0)
(-8.98659e-12 -5 0)
(1 -5 0)
(2 -5 0)
(3 -5 0)
(4 -5 0)
(5 -5 0)
(6 -5 0)
(7 -5 0)
(8 -5 0)
(9 -5 0)
(10 -5 0)
(11 -5 0)
(12 -5 0)
(13 -5 0)
(14 -5 0)
(15 -4 0)
(15 -3 0)
(15 -2 0)
(15 -1 0)
(15 -6.16751e-12 0)
(15 1 0)
(15 2 0)
(15 3 0)
(15 4 0)
(14 5 0)
(13 5 0)
(12 5 0)
(11 5 0)
(10 5 0)
(9 5 0)
(8 5 0)
(7 5 0)
(6 5 0)
(5 5 0)
(4 5 0)
(3 5 0)
(2 5 0)
(1 5 0)
(1.247e-12 5 0)
(-1 5 0)
(-2 5 0)
(-3 5 0)
(-4 5 0)
(-5 4 0)
(-5 3 0)
(-5 2 0)
(-5 1 0)
(-5 6.16751e-12 0)
(-5 -1 0)
(-5 -2 0)
(-5 -3 0)
(-5 -4 0)
(0.990207 0.00149244 0)
(0.98042 0.00302838 0)
(0.97064 0.00460405 0)
(0.960865 0.0062153 0)
(0.951096 0.00785765 0)
(0.941331 0.00952627 0)
(0.93157 0.0112161 0)
(0.921811 0.0129218 0)
(0.912055 0.014638 0)
(0.902299 0.016359 0)
(0.892543 0.0180792 0)
(0.882786 0.0197929 0)
(0.873027 0.0214946 0)
(0.863265 0.0231789 0)
(0.853499 0.0248404 0)
(0.843728 0.0264743 0)
(0.833952 0.0280758 0)
(0.82417 0.0296404 0)
(0.814381 0.0311642 0)
(0.804586 0.0326435 0)
(0.794783 0.0340749 0)
(0.784974 0.0354557 0)
(0.775157 0.0367832 0)
(0.765332 0.0380555 0)
(0.755501 0.0392707 0)
(0.745662 0.0404274 0)
(0.735817 0.0415246 0)
(0.725965 0.0425614 0)
(0.716106 0.0435375 0)
(0.706242 0.0444527 0)
(0.696373 0.0453103 0)
(0.686502 0.0461485 0)
(0.676631 0.0469766 0)
(0.666758 0.0477937 0)
(0.656884 0.0485987 0)
(0.64701 0.0493907 0)
(0.637134 0.0501689 0)
(0.627257 0.0509325 0)
(0.617379 0.0516805 0)
(0.607499 0.0524121 0)
(0.597619 0.0531265 0)
(0.587737 0.0538228 0)
(0.577854 0.0545003 0)
(0.567969 0.0551579 0)
(0.558083 0.0557947 0)
(0.548196 0.0564099 0)
(0.538307 0.0570024 0)
(0.528417 0.0575711 0)
(0.518526 0.058115 0)
(0.508633 0.0586329 0)
(0.498739 0.0591235 0)
(0.488843 0.0595855 0)
(0.478946 0.0600176 0)
(0.469048 0.0604182 0)
(0.459148 0.0607856 0)
(0.449247 0.0611183 0)
(0.439345 0.0614141 0)
(0.429442 0.0616712 0)
(0.419538 0.0618872 0)
(0.409633 0.0620596 0)
(0.399728 0.0621859 0)
(0.389821 0.0622631 0)
(0.379915 0.0622877 0)
(0.370009 0.0622563 0)
(0.360103 0.0621647 0)
(0.350198 0.0620083 0)
(0.340294 0.0617819 0)
(0.330392 0.0614797 0)
(0.320493 0.0610949 0)
(0.310598 0.0606198 0)
(0.300708 0.0600453 0)
(0.290826 0.0593542 0)
(0.280954 0.0585338 0)
(0.271093 0.0575842 0)
(0.261246 0.0565066 0)
(0.251413 0.0553024 0)
(0.241596 0.0539739 0)
(0.231796 0.052524 0)
(0.222015 0.0509563 0)
(0.212252 0.0492752 0)
(0.202509 0.0474858 0)
(0.192785 0.0455939 0)
(0.18308 0.0436063 0)
(0.173393 0.04153 0)
(0.163725 0.0393732 0)
(0.154072 0.0371443 0)
(0.144435 0.0348525 0)
(0.13481 0.0325076 0)
(0.125195 0.0301195 0)
(0.115589 0.0276987 0)
(0.105989 0.0252559 0)
(0.0963911 0.022802 0)
(0.0867935 0.0203481 0)
(0.0771931 0.017905 0)
(0.0675871 0.0154836 0)
(0.0579731 0.0130948 0)
(0.0483484 0.0107489 0)
(0.038711 0.00845599 0)
(0.0290589 0.00622578 0)
(0.0193905 0.00406742 0)
(0.00970454 0.00198951 0)
(0.00970454 -0.00198951 0)
(0.0193905 -0.00406742 0)
(0.0290589 -0.00622578 0)
(0.038711 -0.00845599 0)
(0.0483484 -0.0107489 0)
(0.0579731 -0.0130948 0)
(0.0675871 -0.0154836 0)
(0.0771931 -0.017905 0)
(0.0867935 -0.0203481 0)
(0.0963911 -0.022802 0)
(0.105989 -0.0252559 0)
(0.115589 -0.0276987 0)
(0.125195 -0.0301195 0)
(0.13481 -0.0325076 0)
(0.144435 -0.0348525 0)
(0.154072 -0.0371443 0)
(0.163725 -0.0393732 0)
(0.173393 -0.04153 0)
(0.18308 -0.0436063 0)
(0.192785 -0.0455939 0)
(0.202509 -0.0474858 0)
(0.212252 -0.0492752 0)
(0.222015 -0.0509563 0)
(0.231796 -0.052524 0)
(0.241596 -0.0539739 0)
(0.251413 -0.0553024 0)
(0.261246 -0.0565066 0)
(0.271093 -0.0575842 0)
(0.280954 -0.0585338 0)
(0.290826 -0.0593542 0)
(0.300708 -0.0600453 0)
(0.310598 -0.0606198 0)
(0.320493 -0.0610949 0)
(0.330392 -0.0614797 0)
(0.340294 -0.0617819 0)
(0.350198 -0.0620083 0)
(0.360103 -0.0621647 0)
(0.370009 -0.0622563 0)
(0.379915 -0.0622877 0)
(0.389821 -0.0622631 0)
(0.399728 -0.0621859 0)
(0.409633 -0.0620596 0)
(0.419538 -0.0618872 0)
(0.429442 -0.0616712 0)
(0.439345 -0.0614141 0)
(0.449247 -0.0611183 0)
(0.459148 -0.0607856 0)
(0.469048 -0.0604182 0)
(0.478946 -0.0600176 0)
(0.488843 -0.0595855 0)
(0.498739 -0.0591235 0)
(0.508633 -0.0586329 0)
(0.518526 -0.058115 0)
(0.528417 -0.0575711 0)
(0.538307 -0.0570024 0)
(0.548196 -0.0564099 0)
(0.558083 -0.0557947 0)
(0.567969 -0.0551579 0)
(0.577854 -0.0545003 0)
(0.587737 -0.0538228 0)
(0.597619 -0.0531265 0)
(0.607499 -0.0524121 0)
(0.617379 -0.0516805 0)
(0.627257 -0.0509325 0)
(0.637134 -0.0501689 0)
(0.64701 -0.0493907 0)
(0.656884 -0.0485987 0)
(0.666758 -0.0477937 0)
(0.676631 -0.0469766 0)
(0.686502 -0.0461485 0)
(0.696373 -0.0453103 0)
(0.706242 -0.0444527 0)
(0.716106 -0.0435375 0)
(0.725965 -0.0425614 0)
(0.735817 -0.0415246 0)
(0.745662 -0.0404274 0)
(0.755501 -0.0392707 0)
(0.765332 -0.0380555 0)
(0.775157 -0.0367832 0)
(0.784974 -0.0354557 0)
(0.794783 -0.0340749 0)
(0.804586 -0.0326435 0)
(0.814381 -0.0311642 0)
(0.82417 -0.0296404 0)
(0.833952 -0.0280758 0)
(0.843728 -0.0264743 0)
(0.853499 -0.0248404 0)
(0.863265 -0.0231789 0)
(0.873027 -0.0214946 0)
(0.882786 -0.0197929 0)
(0.892543 -0.0180792 0)
(0.902299 -0.016359 0)
(0.912055 -0.014638 0)
(0.921811 -0.0129218 0)
(0.93157 -0.0112161 0)
(0.941331 -0.00952627 0)
(0.951096 -0.00785765 0)
(0.960865 -0.0062153 0)
(0.97064 -0.00460405 0)
(0.98042 -0.00302838 0)
(0.990207 -0.00149244 0)
(-4 -5 0.1)
(-3 -5 0.1)
(-2 -5 0.1)
(-1 -5 0.1)
(-8.98659e-12 -5 0.1)
(1 -5 0.1)
(2 -5 0.1)
(3 -5 0.1)
(4 -5 0.1)
(5 -5 0.1)
(6 -5 0.1)
(7 -5 0.1)
(8 -5 0.1)
(9 -5 0.1)
(10 -5 0.1)
(11 -5 0.1)
(12 -5 0.1)
(13 -5 0.1)
(14 -5 0.1)
(15 -4 0.1)
(15 -3 0.1)
(15 -2 0.1)
(15 -1 0.1)
(15 -6.16751e-12 0.1)
(15 1 0.1)
(15 2 0.1)
(15 3 0.1)
(15 4 0.1)
(14 5 0.1)
(13 5 0.1)
(12 5 0.1)
(11 5 0.1)
(10 5 0.1)
(9 5 0.1)
(8 5 0.1)
(7 5 0.1)
(6 5 0.1)
(5 5 0.1)
(4 5 0.1)
(3 5 0.1)
(2 5 0.1)
(1 5 0.1)
(1.247e-12 5 0.1)
(-1 5 0.1)
(-2 5 0.1)
(-3 5 0.1)
(-4 5 0.1)
(-5 4 0.1)
(-5 3 0.1)
(-5 2 0.1)
(-5 1 0.1)
(-5 6.16751e-12 0.1)
(-5 -1 0.1)
(-5 -2 0.1)
(-5 -3 0.1)
(-5 -4 0.1)
(0.990207 -0.00149244 0.1)
(0.98042 -0.00302838 0.1)
(0.97064 -0.00460405 0.1)
(0.960865 -0.0062153 0.1)
(0.951096 -0.00785765 0.1)
(0.941331 -0.00952627 0.1)
(0.93157 -0.0112161 0.1)
(0.921811 -0.0129218 0.1)
(0.912055 -0.014638 0.1)
(0.902299 -0.016359 0.1)
(0.892543 -0.0180792 0.1)
(0.882786 -0.0197929 0.1)
(0.873027 -0.0214946 0.1)
(0.863265 -0.0231789 0.1)
(0.853499 -0.0248404 0.1)
(0.843728 -0.0264743 0.1)
(0.833952 -0.0280758 0.1)
(0.82417 -0.0296404 0.1)
(0.814381 -0.0311642 0.1)
(0.804586 -0.0326435 0.1)
(0.794783 -0.0340749 0.1)
(0.784974 -0.0354557 0.1)
(0.775157 -0.0367832 0.1)
(0.765332 -0.0380555 0.1)
(0.755501 -0.0392707 0.1)
(0.745662 -0.0404274 0.1)
(0.735817 -0.0415246 0.1)
(0.725965 -0.0425614 0.1)
(0.716106 -0.0435375 0.1)
(0.706242 -0.0444527 0.1)
(0.696373 -0.0453103 0.1)
(0.686502 -0.0461485 0.1)
(0.676631 -0.0469766 0.1)
(0.666758 -0.0477937 0.1)
(0.656884 -0.0485987 0.1)
(0.64701 -0.0493907 0.1)
(0.637134 -0.0501689 0.1)
(0.627257 -0.0509325 0.1)
(0.617379 -0.0516805 0.1)
(0.607499 -0.0524121 0.1)
(0.597619 -0.0531265 0.1)
(0.587737 -0.0538228 0.1)
(0.577854 -0.0545003 0.1)
(0.567969 -0.0551579 0.1)
(0.558083 -0.0557947 0.1)
(0.548196 -0.0564099 0.1)
(0.538307 -0.0570024 0.1)
(0.528417 -0.0575711 0.1)
(0.518526 -0.058115 0.1)
(0.508633 -0.0586329 0.1)
(0.498739 -0.0591235 0.1)
(0.488843 -0.0595855 0.1)
(0.478946 -0.0600176 0.1)
(0.469048 -0.0604182 0.1)
(0.459148 -0.0607856 0.1)
(0.449247 -0.0611183 0.1)
(0.439345 -0.0614141 0.1)
(0.429442 -0.0616712 0.1)
(0.419538 -0.0618872 0.1)
(0.409633 -0.0620596 0.1)
(0.399728 -0.0621859 0.1)
(0.389821 -0.0622631 0.1)
(0.379915 -0.0622877 0.1)
(0.370009 -0.0622563 0.1)
(0.360103 -0.0621647 0.1)
(0.350198 -0.0620083 0.1)
(0.340294 -0.0617819 0.1)
(0.330392 -0.0614797 0.1)
(0.320493 -0.0610949 0.1)
(0.310598 -0.0606198 0.1)
(0.300708 -0.0600453 0.1)
(0.290826 -0.0593542 0.1)
(0.280954 -0.0585338 0.1)
(0.271093 -0.0575842 0.1)
(0.261246 -0.0565066 0.1)
(0.251413 -0.0553024 0.1)
(0.241596 -0.0539739 0.1)
(0.231796 -0.052524 0.1)
(0.222015 -0.0509563 0.1)
(0.212252 -0.0492752 0.1)
(0.202509 -0.0474858 0.1)
(0.192785 -0.0455939 0.1)
(0.18308 -0.0436063 0.1)
(0.173393 -0.04153 0.1)
(0.163725 -0.0393732 0.1)
(0.154072 -0.0371443 0.1)
(0.144435 -0.0348525 0.1)
(0.13481 -0.0325076 0.1)
(0.125195 -0.0301195 0.1)
(0.115589 -0.0276987 0.1)
(0.105989 -0.0252559 0.1)
(0.0963911 -0.022802 0.1)
(0.0867935 -0.0203481 0.1)
(0.0771931 -0.017905 0.1)
(0.0675871 -0.0154836 0.1)
(0.0579731 -0.0130948 0.1)
(0.0483484 -0.0107489 0.1)
(0.038711 -0.00845599 0.1)
(0.0290589 -0.00622578 0.1)
(0.0193905 -0.00406742 0.1)
(0.00970454 -0.00198951 0.1)
(0.00970454 0.00198951 0.1)
(0.0193905 0.00406742 0.1)
(0.0290589 0.00622578 0.1)
(0.038711 0.00845599 0.1)
(0.0483484 0.0107489 0.1)
(0.0579731 0.0130948 0.1)
(0.0675871 0.0154836 0.1)
(0.0771931 0.017905 0.1)
(0.0867935 0.0203481 0.1)
(0.0963911 0.022802 0.1)
(0.105989 0.0252559 0.1)
(0.115589 0.0276987 0.1)
(0.125195 0.0301195 0.1)
(0.13481 0.0325076 0.1)
(0.144435 0.0348525 0.1)
(0.154072 0.0371443 0.1)
(0.163725 0.0393732 0.1)
(0.173393 0.04153 0.1)
(0.18308 0.0436063 0.1)
(0.192785 0.0455939 0.1)
(0.202509 0.0474858 0.1)
(0.212252 0.0492752 0.1)
(0.222015 0.0509563 0.1)
(0.231796 0.052524 0.1)
(0.241596 0.0539739 0.1)
(0.251413 0.0553024 0.1)
(0.261246 0.0565066 0.1)
(0.271093 0.0575842 0.1)
(0.280954 0.0585338 0.1)
(0.290826 0.0593542 0.1)
(0.300708 0.0600453 0.1)
(0.310598 0.0606198 0.1)
(0.320493 0.0610949 0.1)
(0.330392 0.0614797 0.1)
(0.340294 0.0617819 0.1)
(0.350198 0.0620083 0.1)
(0.360103 0.0621647 0.1)
(0.370009 0.0622563 0.1)
(0.379915 0.0622877 0.1)
(0.389821 0.0622631 0.1)
(0.399728 0.0621859 0.1)
(0.409633 0.0620596 0.1)
(0.419538 0.0618872 0.1)
(0.429442 0.0616712 0.1)
(0.439345 0.0614141 0.1)
(0.449247 0.0611183 0.1)
(0.459148 0.0607856 0.1)
(0.469048 0.0604182 0.1)
(0.478946 0.0600176 0.1)
(0.488843 0.0595855 0.1)
(0.498739 0.0591235 0.1)
(0.508633 0.0586329 0.1)
(0.518526 0.058115 0.1)
(0.528417 0.0575711 0.1)
(0.538307 0.0570024 0.1)
(0.548196 0.0564099 0.1)
(0.558083 0.0557947 0.1)
(0.567969 0.0551579 0.1)
(0.577854 0.0545003 0.1)
(0.587737 0.0538228 0.1)
(0.597619 0.0531265 0.1)
(0.607499 0.0524121 0.1)
(0.617379 0.0516805 0.1)
(0.627257 0.0509325 0.1)
(0.637134 0.0501689 0.1)
(0.64701 0.0493907 0.1)
(0.656884 0.0485987 0.1)
(0.666758 0.0477937 0.1)
(0.676631 0.0469766 0.1)
(0.686502 0.0461485 0.1)
(0.696373 0.0453103 0.1)
(0.706242 0.0444527 0.1)
(0.716106 0.0435375 0.1)
(0.725965 0.0425614 0.1)
(0.735817 0.0415246 0.1)
(0.745662 0.0404274 0.1)
(0.755501 0.0392707 0.1)
(0.765332 0.0380555 0.1)
(0.775157 0.0367832 0.1)
(0.784974 0.0354557 0.1)
(0.794783 0.0340749 0.1)
(0.804586 0.0326435 0.1)
(0.814381 0.0311642 0.1)
(0.82417 0.0296404 0.1)
(0.833952 0.0280758 0.1)
(0.843728 0.0264743 0.1)
(0.853499 0.0248404 0.1)
(0.863265 0.0231789 0.1)
(0.873027 0.0214946 0.1)
(0.882786 0.0197929 0.1)
(0.892543 0.0180792 0.1)
(0.902299 0.016359 0.1)
(0.912055 0.014638 0.1)
(0.921811 0.0129218 0.1)
(0.93157 0.0112161 0.1)
(0.941331 0.00952627 0.1)
(0.951096 0.00785765 0.1)
(0.960865 0.0062153 0.1)
(0.97064 0.00460405 0.1)
(0.98042 0.00302838 0.1)
(0.990207 0.00149244 0.1)
(5.44889 4.18423 0)
(5.52162 -4.1687 0)
(8.49277 3.96155 0)
(9.43741 -4.17833 0)
(14.1059 0.50689 0)
(-4.13397 1.5 0)
(-1.52015 -4.16396 0)
(-1.37822 4.25707 0)
(-4.16767 -1.47955 0)
(2.46196 -4.11913 0)
(0.513991 -0.0691329 0)
(0.721649 -0.0502591 0)
(2.48759 4.24981 0)
(0.514383 0.069527 0)
(0.721881 0.0515869 0)
(0.434452 -4.16978 0)
(0.465295 4.13775 0)
(11.5173 4.22018 0)
(7.4279 -4.16964 0)
(13.9938 -1.44606 0)
(11.4636 -4.14697 0)
(14.349 2.4864 0)
(-4.13397 3.5 0)
(14.134 -3.5 0)
(-4.07955 -3.39197 0)
(13.4802 4.16501 0)
(-0.332118 -4.15273 0)
(-1.02148 -3.35964 0)
(0.127642 -3.47934 0)
(0.87943 -0.0293765 0)
(-0.4858 -2.86269 0)
(0.0990649 -0.0323408 0)
(0.761412 -3.42123 0)
(0.386147 -2.84022 0)
(0.265236 -0.0655737 0)
(0.364974 -0.071089 0)
(0.988077 -2.80679 0)
(0.707585 -2.34534 0)
(1.19244 -2.31499 0)
(0.920055 -1.87825 0)
(1.34502 -1.89241 0)
(0.486119 -1.92683 0)
(1.14732 -1.56253 0)
(1.4938 -1.54988 0)
(1.32171 -1.25311 0)
(1.63385 -1.2482 0)
(1.8267 -1.50591 0)
(1.93464 -1.19869 0)
(1.01864 -1.28131 0)
(2.18603 -1.46816 0)
(2.2701 -1.05575 0)
(2.58326 -1.41978 0)
(2.73509 -1.04173 0)
(2.44205 -0.653432 0)
(2.90949 -0.609786 0)
(2.59024 -0.231405 0)
(3.05637 -0.071059 0)
(3.42091 -0.527993 0)
(3.57905 0.0746049 0)
(3.98203 -0.405789 0)
(1.12389 -1.0511 0)
(0.613859 -0.0599891 0)
(0.563347 -0.0641837 0)
(0.662542 -0.0570197 0)
(0.903096 -1.06631 0)
(4.16952 0.206141 0)
(4.59441 -0.284476 0)
(2.70192 0.271026 0)
(0.993667 -0.880604 0)
(0.800965 -0.0421198 0)
(0.761469 -0.0471775 0)
(0.807828 -0.883282 0)
(0.895538 -0.722306 0)
(0.967295 -0.0147784 0)
(0.928168 -0.02052 0)
(1.05358 -0.710902 0)
(0.728684 -0.732073 0)
(0.636629 -0.870026 0)
(0.185674 -0.0531874 0)
(0.225495 -0.0605371 0)
(0.14726 -0.0443919 0)
(0.570019 -0.702275 0)
(0.473437 -0.854795 0)
(0.407494 -0.712067 0)
(0.314361 -0.846098 0)
(0.4356 -0.0721883 0)
(0.404837 -0.0696223 0)
(0.463968 -0.0703443 0)
(0.249862 -0.686134 0)
(0.154515 -0.832083 0)
(0.0751179 -0.668939 0)
(-0.00811611 -0.827887 0)
(-0.0950577 -0.671258 0)
(-0.183405 -0.833027 0)
(-0.266449 -0.661023 0)
(-0.389112 -0.818718 0)
(4.8165 0.360995 0)
(5.31582 -0.207044 0)
(0.795522 -0.602204 0)
(5.54197 0.537069 0)
(6.07259 -0.0408433 0)
(0.486275 -0.588131 0)
(0.172832 -0.565086 0)
(-0.281933 -1.02572 0)
(-0.528705 -1.01144 0)
(-0.613208 -0.784073 0)
(-0.804508 -0.995737 0)
(-0.876111 -0.67229 0)
(-1.11745 -0.966549 0)
(-1.25104 -0.645059 0)
(-1.03174 -0.363538 0)
(-1.38019 -0.316485 0)
(-1.15937 -0.0583622 0)
(-1.51358 0.0282886 0)
(-1.21152 0.307203 0)
(4.32147 0.831931 0)
(-1.50262 -0.936846 0)
(-0.152749 -0.510694 0)
(-1.66358 0.402001 0)
(-1.38191 0.716082 0)
(0.109472 0.0379696 0)
(-0.974331 0.65041 0)
(0.285579 0.0668503 0)
(0.206902 0.056442 0)
(0.364976 0.0707893 0)
(-1.10697 1.02583 0)
(-0.703182 0.931882 0)
(-0.836705 1.31601 0)
(-0.467325 1.2438 0)
(0.919836 0.023921 0)
(0.820595 0.0388794 0)
(-1.27184 1.43441 0)
(-0.568604 1.60009 0)
(-0.178403 1.52375 0)
(-0.41781 -1.24328 0)
(-0.101126 1.12218 0)
(0.212321 1.43568 0)
(6.31355 0.710659 0)
(6.8747 0.117652 0)
(-1.8919 0.0307328 0)
(2.18127 -0.334866 0)
(4.37327 -0.919961 0)
(0.313636 1.07829 0)
(0.622966 0.0598612 0)
(0.614102 1.35715 0)
(-1.81644 0.829417 0)
(5.77877 -0.885979 0)
(-1.33055 -1.3097 0)
(-1.77382 -1.27337 0)
(0.621594 0.963476 0)
(0.993328 1.20412 0)
(1.22796 0.855383 0)
(1.49752 1.17228 0)
(1.33877 1.63674 0)
(1.87059 1.53721 0)
(-0.811323 -0.108108 0)
(7.09942 0.912057 0)
(7.71596 0.290878 0)
(7.44472 -0.544197 0)
(8.31628 -0.376764 0)
(8.60252 0.484117 0)
(9.2187 -0.199291 0)
(9.50786 0.687467 0)
(10.1355 -0.0141424 0)
(-0.637274 0.570319 0)
(10.4332 0.882483 0)
(0.233119 -1.0014 0)
(-0.301305 1.93596 0)
(2.42924 -1.82956 0)
(2.90578 -1.79083 0)
(0.0935562 0.874053 0)
(1.43058 -2.65815 0)
(9.83462 -0.905488 0)
(10.7673 -0.723353 0)
(0.763283 -1.25817 0)
(-1.54894 -1.72477 0)
(-2.10012 -1.68264 0)
(-2.28597 -1.18392 0)
(5.72035 1.37779 0)
(8.02107 -1.23397 0)
(1.69357 2.07534 0)
(2.27703 1.94709 0)
(1.03517 2.13909 0)
(1.70863 -0.944563 0)
(1.59902 0.753239 0)
(-0.33961 -0.494482 0)
(-0.22296 -0.369239 0)
(0.0319536 -0.0156998 0)
(0.0607113 -0.0226152 0)
(-0.0925404 -0.357047 0)
(-0.162221 -0.282697 0)
(-0.00952715 -0.286974 0)
(-0.0806693 -0.183481 0)
(-0.251544 -0.241562 0)
(9.79343 1.5924 0)
(2.70377 -2.28143 0)
(3.28416 -2.20418 0)
(-0.772848 2.03448 0)
(-0.439398 2.43239 0)
(10.4645 -1.62807 0)
(11.3928 -1.43799 0)
(-1.82706 -2.20673 0)
(-2.47283 -2.1563 0)
(0.890342 0.578957 0)
(11.6851 -0.527003 0)
(-1.0125 2.53098 0)
(10.7323 1.79277 0)
(1.50728 2.65232 0)
(-1.09431 -1.63345 0)
(10.0838 2.50713 0)
(-0.613381 3.00297 0)
(0.0421502 2.84445 0)
(9.18809 2.27709 0)
(0.0184948 -0.371315 0)
(0.0682085 -0.285998 0)
(0.108857 -0.367698 0)
(0.145166 -0.29198 0)
(0.115714 -0.229664 0)
(0.180647 -0.22492 0)
(0.315635 -0.0680237 0)
(0.210548 -0.286028 0)
(0.240171 -0.231319 0)
(0.270489 -0.278831 0)
(0.294851 -0.223364 0)
(0.326034 -0.272583 0)
(0.348727 -0.224154 0)
(0.380769 -0.271864 0)
(0.402318 -0.224113 0)
(0.429047 -0.263812 0)
(0.448407 -0.220118 0)
(0.476756 -0.258129 0)
(0.494964 -0.209866 0)
(0.524395 -0.253813 0)
(0.546036 -0.20685 0)
(0.571335 -0.248559 0)
(0.593069 -0.20815 0)
(0.617387 -0.245426 0)
(0.638865 -0.198788 0)
(0.663382 -0.241088 0)
(0.684524 -0.200613 0)
(0.708413 -0.237369 0)
(0.726682 -0.197918 0)
(0.753575 -0.234357 0)
(0.770636 -0.189033 0)
(0.798985 -0.229748 0)
(0.818438 -0.182988 0)
(0.845415 -0.225962 0)
(0.839233 -0.0377 0)
(0.865324 -0.183797 0)
(0.892595 -0.222466 0)
(0.912332 -0.182669 0)
(0.940592 -0.219421 0)
(0.959114 -0.17044 0)
(0.993913 -0.220541 0)
(1.0115 -0.169433 0)
(1.0538 -0.220215 0)
(0.968666 -0.266404 0)
(0.649699 -0.289598 0)
(0.293757 -0.0707948 0)
(0.335081 -0.070206 0)
(0.821231 -0.0403499 0)
(0.822792 -0.273769 0)
(0.700005 -0.161978 0)
(0.791826 -0.154767 0)
(0.358306 -0.331058 0)
(0.886054 -0.145522 0)
(0.608261 -0.173312 0)
(0.516917 -0.176973 0)
(0.42437 -0.186227 0)
(0.144881 -0.180339 0)
(0.097925 -0.17649 0)
(0.499735 -0.299911 0)
(0.26098 -0.186117 0)
(0.252321 -0.34078 0)
(0.985566 -0.129117 0)
(1.02918 -0.124127 0)
(0.731654 -0.281109 0)
(0.127747 -0.138305 0)
(0.0855892 -0.134622 0)
(0.164683 -0.144252 0)
(1.00018 -0.0901657 0)
(1.04161 -0.086177 0)
(1.07327 -0.115237 0)
(0.96387 -0.0980769 0)
(0.108683 -0.106716 0)
(0.0747806 -0.0971164 0)
(0.0495414 -0.126923 0)
(0.0381155 -0.0879679 0)
(1.01742 -0.0603893 0)
(0.999662 -0.0103933 0)
(0.0138219 -0.11844 0)
(0.00253631 -0.0787705 0)
(0.00314085 -0.0107256 0)
(0.0207577 -0.165617 0)
(0.0610684 -0.068696 0)
(-2.17856 -2.75415 0)
(3.04749 -2.77561 0)
(3.69807 -2.69976 0)
(7.12573 -1.4004 0)
(7.71313 -2.05757 0)
(6.79716 -2.18405 0)
(2.42979 1.36327 0)
(2.86574 1.79009 0)
(2.72889 2.41428 0)
(3.3654 2.25253 0)
(8.62283 -1.9297 0)
(11.3737 1.07481 0)
(11.682 1.99509 0)
(-0.02266 -0.111103 0)
(-0.0328521 -0.0759684 0)
(-0.0632808 -0.106488 0)
(-0.0734274 -0.064086 0)
(3.10999 1.17323 0)
(-0.138024 -1.25536 0)
(-0.296887 -1.51236 0)
(3.22341 2.92894 0)
(3.90789 2.75231 0)
(12.3322 1.27036 0)
(-0.0134182 -0.0536686 0)
(3.92955 -2.08325 0)
(4.43904 -2.6327 0)
(4.13316 -3.37673 0)
(11.1388 -2.38988 0)
(12.1071 -2.14058 0)
(0.94633 -0.126084 0)
(0.932088 -0.0968564 0)
(0.947086 -0.0705867 0)
(0.918622 -0.0720536 0)
(0.904287 -0.0938576 0)
(0.894521 -0.070861 0)
(0.880455 -0.0900681 0)
(0.870476 -0.0673757 0)
(0.857832 -0.0866823 0)
(0.859886 -0.0328457 0)
(0.907529 -0.0506151 0)
(0.850798 -0.0678763 0)
(0.835635 -0.0812527 0)
(0.845082 -0.105142 0)
(0.821769 -0.101864 0)
(0.813031 -0.08062 0)
(0.799469 -0.0977874 0)
(0.792826 -0.0778725 0)
(0.778875 -0.0932356 0)
(0.780641 -0.046619 0)
(0.908 -0.0228021 0)
(0.775465 -0.0746445 0)
(0.758602 -0.0862489 0)
(0.765274 -0.109272 0)
(0.743986 -0.103675 0)
(0.691596 -0.0553827 0)
(0.747577 -0.131246 0)
(0.73743 -0.083848 0)
(0.723344 -0.0982851 0)
(0.741697 -0.0495695 0)
(0.718835 -0.0773356 0)
(0.704413 -0.0924116 0)
(0.708848 -0.113276 0)
(0.688572 -0.106269 0)
(0.686923 -0.0862295 0)
(0.669118 -0.0954714 0)
(0.671656 -0.119554 0)
(0.651792 -0.110242 0)
(0.648602 -0.0899449 0)
(0.633205 -0.102933 0)
(0.631339 -0.0592729 0)
(0.653702 -0.134624 0)
(10.1531 -2.51193 0)
(8.25403 -2.68886 0)
(0.831199 -0.125988 0)
(-0.168763 0.825211 0)
(-0.176254 0.596987 0)
(0.140394 0.510066 0)
(-2.86423 -2.69718 0)
(-2.60424 -3.38518 0)
(0.218103 -0.187017 0)
(0.242257 -0.152328 0)
(0.274976 -0.150043 0)
(0.26011 -0.12211 0)
(0.288804 -0.123563 0)
(0.304792 -0.144876 0)
(0.314193 -0.119233 0)
(0.331215 -0.138645 0)
(0.338767 -0.112253 0)
(0.355653 -0.133015 0)
(0.366115 -0.108503 0)
(0.379412 -0.128256 0)
(0.22975 -0.123335 0)
(0.388984 -0.107793 0)
(0.401581 -0.124269 0)
(0.384891 -0.0711599 0)
(0.242632 -0.0996388 0)
(0.218567 -0.10021 0)
(0.245309 -0.0634652 0)
(0.408467 -0.101245 0)
(0.42231 -0.119629 0)
(0.374335 -0.15726 0)
(0.429036 -0.0981143 0)
(0.442623 -0.115783 0)
(0.44926 -0.0967436 0)
(0.46341 -0.109294 0)
(0.456051 -0.132482 0)
(0.478098 -0.127419 0)
(0.484835 -0.10623 0)
(0.494194 -0.0679992 0)
(0.499502 -0.121628 0)
(0.504504 -0.101561 0)
(0.51962 -0.115803 0)
(0.52284 -0.0942588 0)
(0.539912 -0.106691 0)
(0.543765 -0.06527 0)
(0.47106 -0.151829 0)
(0.535237 -0.130596 0)
(0.556478 -0.123588 0)
(0.561475 -0.102254 0)
(0.577343 -0.116268 0)
(0.580662 -0.0960815 0)
(0.593281 -0.0620326 0)
(0.551747 -0.148297 0)
(0.297604 -0.101753 0)
(0.319668 -0.0960095 0)
(0.597616 -0.107719 0)
(0.59798 -0.0853199 0)
(0.350783 -0.0928644 0)
(0.0328876 -1.50009 0)
(-0.107778 -1.78713 0)
(0.324547 -0.166659 0)
(0.0242985 -0.0591181 0)
(0.487008 0.714764 0)
(0.433559 0.0738609 0)
(0.534928 -1.02263 0)
(4.60786 -1.96764 0)
(5.13822 -2.48417 0)
(3.73709 3.50877 0)
(0.988969 -0.0609233 0)
(0.139203 -0.106627 0)
(0.128741 -0.0810598 0)
(0.127477 -0.0402941 0)
(0.156451 -0.0855658 0)
(0.166691 -0.048825 0)
(0.100442 -0.0791488 0)
(4.05043 1.95072 0)
(4.59911 2.57303 0)
(-0.835469 0.338488 0)
(-0.534701 0.29512 0)
(0.264921 -0.0985402 0)
(1.16522 -4.0693 0)
(0.99946 -0.0370392 0)
(0.977021 -0.0388886 0)
(0.947725 -0.0167331 0)
(0.631202 -0.081749 0)
(12.6013 2.21248 0)
(0.0594578 -0.214276 0)
(0.886407 -0.050405 0)
(0.0125749 -0.0340849 0)
(0.116386 -0.0610445 0)
(0.0969772 -0.0588604 0)
(0.0798775 -0.0274407 0)
(-0.198006 -0.142364 0)
(-0.309069 -0.124622 0)
(-0.23246 -0.0462463 0)
(-0.399372 -0.227291 0)
(-0.452111 -0.0838846 0)
(-0.458243 -1.79991 0)
(2.45897 -2.80853 0)
(0.357964 -0.586718 0)
(0.431055 -0.489246 0)
(0.535203 -0.486436 0)
(0.31944 -0.477394 0)
(0.67497 -0.594553 0)
(0.737564 -0.49587 0)
(0.843449 -0.490627 0)
(0.792111 -0.412493 0)
(0.883768 -0.404955 0)
(0.943389 -0.479982 0)
(0.689428 -0.406772 0)
(0.981038 -0.384142 0)
(1.05112 -0.473693 0)
(1.0909 -0.371373 0)
(1.14996 -0.451543 0)
(1.19485 -0.35406 0)
(1.26469 -0.455469 0)
(1.32597 -0.31978 0)
(1.42735 -0.444463 0)
(1.48702 -0.288405 0)
(1.35165 -0.157771 0)
(1.55436 -0.122422 0)
(1.42333 0.0197074 0)
(1.61621 0.100692 0)
(1.32368 -0.599024 0)
(1.61848 -0.452519 0)
(1.27214 -0.0104359 0)
(1.26668 0.120465 0)
(1.05128 -0.0531707 0)
(1.13691 0.095866 0)
(0.980136 0.0156926 0)
(0.947443 0.0211445 0)
(1.17094 0.244946 0)
(1.01607 0.237926 0)
(0.869261 0.0324302 0)
(1.2126 -0.186406 0)
(0.368565 -0.0899559 0)
(0.136 -0.061713 0)
(-1.2425 3.08685 0)
(-1.64246 2.58844 0)
(-1.95565 3.24092 0)
(-2.31958 2.64695 0)
(-2.71323 3.28285 0)
(-2.0412 2.02101 0)
(-2.71332 2.06496 0)
(-2.42754 1.44046 0)
(0.0687393 -0.439224 0)
(-0.103099 -0.0913368 0)
(-0.121335 -0.0496878 0)
(-0.0820937 -0.0164625 0)
(-0.135569 0.00116445 0)
(-0.0969799 0.0406791 0)
(0.0511291 0.020257 0)
(0.0133844 0.0147053 0)
(-0.158629 0.0613838 0)
(-0.109225 0.104602 0)
(-0.181705 0.134822 0)
(-0.107388 0.188944 0)
(-0.0181995 0.173661 0)
(0.15593 0.0473557 0)
(0.174643 0.0551661 0)
(0.138343 0.0437785 0)
(-0.0375718 0.260578 0)
(0.0431598 0.212745 0)
(-0.215214 0.234277 0)
(0.0620041 0.147071 0)
(0.118639 0.182783 0)
(0.118269 0.265156 0)
(0.193991 0.20916 0)
(0.244547 0.0617283 0)
(0.265572 0.0683351 0)
(0.19428 0.304789 0)
(0.263904 0.256899 0)
(0.26101 0.199509 0)
(0.323362 0.0707172 0)
(0.31386 0.203196 0)
(0.305988 0.0692601 0)
(0.34012 0.279546 0)
(0.416217 0.227528 0)
(0.416816 0.321964 0)
(0.487156 0.250827 0)
(0.572837 0.0627369 0)
(0.546009 0.0667844 0)
(0.593281 0.0620326 0)
(0.462869 0.193388 0)
(0.548494 0.222271 0)
(0.671909 0.0580019 0)
(0.475293 0.0675963 0)
(0.455118 0.0694247 0)
(0.651884 0.0601496 0)
(0.692164 0.0542778 0)
(0.564785 0.287591 0)
(0.614699 0.224059 0)
(0.648124 0.302658 0)
(0.710478 0.234368 0)
(0.771689 0.0474084 0)
(0.751671 0.0486027 0)
(0.792079 0.0435869 0)
(0.343118 0.385932 0)
(0.318742 0.149953 0)
(0.519921 0.145301 0)
(0.675691 0.15269 0)
(0.755174 0.172134 0)
(0.78853 0.24632 0)
(0.837274 0.158138 0)
(-0.298624 0.150801 0)
(0.129393 0.123857 0)
(-0.00681803 0.0877042 0)
(0.720934 0.113997 0)
(0.578486 0.382645 0)
(0.607246 0.156094 0)
(-0.053555 0.0193041 0)
(0.193231 0.152792 0)
(0.393471 0.170892 0)
(0.404352 0.0720741 0)
(0.385818 0.0736695 0)
(-0.0435354 -0.0162819 0)
(-0.00715025 -0.00682742 0)
(-0.0126502 0.00689579 0)
(-0.00700961 -0.0194169 0)
(0.594756 -0.13039 0)
(0.805464 -0.0618337 0)
(0.823067 -0.0650213 0)
(0.829826 2.77932 0)
(1.32473 3.27538 0)
(1.90769 3.04274 0)
(0.113621 0.375147 0)
(0.228602 -0.0826219 0)
(0.208894 -0.0802457 0)
(0.19757 -0.0975034 0)
(0.205772 -0.0571418 0)
(0.190036 -0.0796476 0)
(0.164745 -0.105051 0)
(0.468871 1.85854 0)
(-0.213556 -2.15415 0)
(-0.674317 -2.1719 0)
(-0.72754 -0.375494 0)
(0.395132 -0.0930153 0)
(-3.01498 -2.11133 0)
(1.38788 0.267083 0)
(0.868879 -0.0498135 0)
(0.646718 -0.0717722 0)
(0.660989 -0.0777751 0)
(0.4892 -0.409042 0)
(0.49103 -0.0874737 0)
(0.472621 -0.0913634 0)
(0.416873 -0.086775 0)
(0.211922 -0.148385 0)
(0.25516 -0.0852667 0)
(1.02626 -0.0336251 0)
(1.0613 0.405535 0)
(-3.114 1.50039 0)
(-2.85637 0.8956 0)
(-3.42099 2.21987 0)
(0.565966 -0.0854829 0)
(0.550096 -0.0895082 0)
(0.580258 -0.0768966 0)
(9.40215 3.22307 0)
(5.33877 -1.67375 0)
(1.78613 -0.114758 0)
(1.95583 0.209845 0)
(0.530975 -0.0791239 0)
(10.3303 3.41778 0)
(0.929814 -0.0523054 0)
(0.948598 -0.0484487 0)
(0.699979 0.401967 0)
(0.581587 -0.403673 0)
(11.9017 2.85904 0)
(13.2828 1.43755 0)
(0.507483 -0.0831985 0)
(0.26913 -0.0803665 0)
(0.732975 -0.0702859 0)
(0.74753 -0.0691783 0)
(0.889897 0.249446 0)
(1.01514 0.129419 0)
(12.9822 0.484809 0)
(13.5432 -0.350228 0)
(-0.369764 0.488261 0)
(0.416864 -0.141002 0)
(-0.487211 4.24778 0)
(2.07475 -0.684494 0)
(-1.49652 -2.75413 0)
(0.790296 0.119175 0)
(0.848899 0.102021 0)
(0.815733 0.0874832 0)
(0.452506 0.433108 0)
(0.896945 -0.0370748 0)
(1.17863 -0.854024 0)
(1.33961 -0.976685 0)
(0.228132 -2.30902 0)
(4.8681 1.78106 0)
(5.4664 2.49807 0)
(6.30814 2.09206 0)
(6.22976 2.83449 0)
(6.96818 2.62833 0)
(6.72568 3.45911 0)
(7.62963 3.23707 0)
(7.77413 2.28896 0)
(0.213281 0.408441 0)
(0.295573 0.50875 0)
(0.935492 0.15062 0)
(0.927195 0.0878346 0)
(0.788112 -0.0595552 0)
(0.615011 -0.116665 0)
(0.985192 -0.0243432 0)
(1.4643 4.16577 0)
(-3.59973 0.903414 0)
(-3.23948 0.288791 0)
(-3.83563 0.321958 0)
(-3.64295 -0.264058 0)
(-2.87172 -0.363611 0)
(-3.37824 -0.997944 0)
(-0.0189709 0.463668 0)
(0.913244 -0.124428 0)
(0.401436 -0.396367 0)
(0.480013 -0.078557 0)
(4.40939 4.08188 0)
(-0.0465578 0.065014 0)
(4.55948 -4.1713 0)
(3.69185 -4.12217 0)
(-4.21125 -2.32861 0)
(12.858 3.27694 0)
(0.772089 -0.0577941 0)
(0.934197 -0.0340881 0)
(0.919314 -0.0371776 0)
(-0.581582 -0.202272 0)
(-0.497304 -0.359105 0)
(10.8372 -3.30488 0)
(0.737782 -0.162353 0)
(1.15686 -0.0117806 0)
(1.0558 -0.01922 0)
(-2.61914 0.35263 0)
(0.667158 -1.65263 0)
(1.00495 -0.563962 0)
(2.30147 0.0601349 0)
(2.33067 0.522278 0)
(6.47594 -4.17585 0)
(6.00095 -3.38092 0)
(6.90533 -3.38957 0)
(0.63177 -0.480073 0)
(0.163812 -0.449135 0)
(0.665513 -0.16662 0)
(0.459097 -0.083321 0)
(0.700796 -0.0753926 0)
(0.684393 -0.0668954 0)
(0.708999 -0.0640304 0)
(4.99564 3.34411 0)
(5.90496 -2.3252 0)
(6.23747 -1.54058 0)
(-1.18949 -2.12868 0)
(0.306624 -0.0847296 0)
(0.292414 -0.0842622 0)
(1.69079 -2.20671 0)
(2.21418 -2.26501 0)
(0.610651 0.517092 0)
(-1.36049 1.96301 0)
(1.12 -0.281758 0)
(1.14962 -0.567261 0)
(0.5747 -0.173877 0)
(8.40942 -4.18584 0)
(2.75136 -3.38586 0)
(2.14857 -3.37979 0)
(1.64126 0.426447 0)
(0.107409 -0.045319 0)
(0.312629 -0.382956 0)
(0.416185 -0.317635 0)
(0.437267 -0.0860003 0)
(5.10266 -3.33077 0)
(-0.669834 -1.49789 0)
(0.822003 0.33999 0)
(-2.25532 4.04823 0)
(-3.39995 4.01448 0)
(0.000562568 0.0136926 0)
(0.00845033 0.0313775 0)
(0.0324547 0.0170944 0)
(-0.0153532 0.0300425 0)
(-1.82036 1.38715 0)
(0.384932 -0.188828 0)
(12.4847 -4.18479 0)
(12 -3.26795 0)
(12.8494 -2.66734 0)
(12.9637 -1.76715 0)
(12.4759 4.21637 0)
(14.1933 -2.54048 0)
(-0.338982 0.296665 0)
(0.439349 -0.155503 0)
(0.461263 -0.182477 0)
(0.446989 -0.0770126 0)
(8.92504 1.36321 0)
(10.9792 2.67233 0)
(8.91805 -1.06238 0)
(-0.193204 3.50391 0)
(0.490034 3.36947 0)
(0.458705 2.37839 0)
(11.0678 0.177607 0)
(7.9549 1.30374 0)
(7.40204 4.14636 0)
(-2.38417 -4.16357 0)
(-3.38006 -4.07446 0)
(1.42149 -3.26875 0)
(-0.024783 -0.572168 0)
(9.53595 -1.78253 0)
(-0.708159 0.117617 0)
(0.615693 -0.0945613 0)
(0.613773 -0.0780904 0)
(0.601263 -0.0741617 0)
(0.254511 0.668072 0)
(0.950159 -0.0287838 0)
(3.46286 -1.5829 0)
(0.622911 -0.0676919 0)
(12.0097 0.358669 0)
(0.55444 -0.0749051 0)
(0.80286 -0.124265 0)
(8.49214 2.83157 0)
(1.86846 -0.369111 0)
(5.10714 -1.06121 0)
(3.77077 -1.0116 0)
(0.18511 -0.170155 0)
(0.122726 -1.20105 0)
(0.322223 -1.4509 0)
(3.69236 0.703046 0)
(3.81994 1.27995 0)
(9.20149 -2.60752 0)
(0.966195 -0.0561252 0)
(9.53146 4.17344 0)
(-4.19762 2.61024 0)
(-3.46727 3.04478 0)
(0.693342 -0.129762 0)
(0.719316 -0.136118 0)
(0.632126 -0.345948 0)
(0.576261 -0.336344 0)
(0.692949 -0.323359 0)
(7.10484 1.77344 0)
(6.589 -0.715723 0)
(0.205417 -0.119052 0)
(0.275753 -0.0679481 0)
(1.36167 -0.769567 0)
(0.858504 -0.12789 0)
(0.842324 -0.153201 0)
(0.816151 -0.0524143 0)
(0.830358 -0.0492615 0)
(0.393834 -1.17243 0)
(10.4177 -4.15827 0)
(0.711973 -0.052599 0)
(13.4801 -4.24738 0)
(14.1025 3.41602 0)
(0.79117 -0.0451281 0)
(0.499902 -0.1482 0)
(0.35502 -0.0710406 0)
(0.359934 -0.0809373 0)
(0.504022 -0.0679044 0)
(0.519798 -0.0787104 0)
(0.524252 -0.0679417 0)
(0.751622 -0.0486847 0)
(0.757801 -0.0578466 0)
(0.730875 -0.0507434 0)
(0.28494 -0.0671079 0)
(0.810771 -0.0404315 0)
(0.771353 -0.0459831 0)
(0.10927 -0.0335685 0)
(0.603554 -0.0616272 0)
(0.425239 -0.0695688 0)
(0.829789 -0.0370055 0)
(0.845839 -0.0500454 0)
(0.553674 -0.0646867 0)
(0.57366 -0.0644398 0)
(0.652365 -0.0584921 0)
(-0.508798 0.0777919 0)
(0.672402 -0.0559351 0)
(0.668922 -0.0667802 0)
(0.454014 -0.0699599 0)
(0.395478 -0.0711009 0)
(0.345029 -0.0708739 0)
(0.339716 -0.0807049 0)
(0.328584 -0.0818006 0)
(0.195028 -0.0560196 0)
(0.198894 -0.0676876 0)
(0.255272 -0.0645379 0)
(0.641513 -0.0599183 0)
(0.834062 -0.338709 0)
(0.909815 -0.327839 0)
(0.415256 -0.0726019 0)
(0.702186 -0.0542066 0)
(4.96386 1.04913 0)
(0.235379 -0.0621687 0)
(0.484327 -0.0685131 0)
(0.583996 -0.0639657 0)
(0.869663 -0.0311353 0)
(0.374935 -0.0712381 0)
(0.378943 -0.0809697 0)
(0.917479 -0.0246479 0)
(-1.86752 -3.43011 0)
(0.682305 -0.0542676 0)
(0.849828 -0.0360078 0)
(0.857628 -0.0442444 0)
(0.889397 -0.027802 0)
(0.956925 -0.017024 0)
(0.964412 -0.0277761 0)
(12.5989 -0.359999 0)
(0.215606 -0.0590028 0)
(0.218908 -0.0696463 0)
(0.156896 -0.0469487 0)
(0.159537 -0.058166 0)
(0.172433 -0.0603821 0)
(0.977292 -0.0133008 0)
(0.324886 -0.0700895 0)
(-0.186729 0.3917 0)
(0.306237 -0.0715805 0)
(0.176254 -0.0495061 0)
(0.118296 -0.0372282 0)
(0.898911 -0.0256688 0)
(0.137553 -0.042124 0)
(0.876248 -0.0399572 0)
(2.04443 0.982388 0)
(3.1413 0.561929 0)
(3.436 4.24294 0)
(1.67636 -1.78386 0)
(0.0896719 -0.0309316 0)
(0.0817598 -0.0392424 0)
(0.0680009 -0.034334 0)
(0.0722006 -0.0516007 0)
(0.0557072 -0.0478302 0)
(0.0432541 -0.0607811 0)
(0.0395396 -0.0432642 0)
(0.0936092 -0.0436759 0)
(-1.94123 -0.845374 0)
(0.887929 -0.114304 0)
(0.938858 -0.0201446 0)
(0.070674 -0.0235557 0)
(2.11849 2.52577 0)
(0.0506316 -0.0209268 0)
(14.2079 1.55539 0)
(-0.160478 -0.0902437 0)
(0.765603 -0.33808 0)
(0.185766 -0.06535 0)
(0.174033 -0.0754918 0)
(-0.948219 -1.27163 0)
(-0.913634 -2.6092 0)
(4.13346 -1.48994 0)
(0.185856 -0.357642 0)
(3.2113 -1.02874 0)
(0.988334 -0.0123559 0)
(0.0125276 -0.0105781 0)
(0.0223734 -0.0134399 0)
(0.0246756 -0.0251165 0)
(-1.62865 -0.579568 0)
(-2.00363 -0.398376 0)
(-2.38662 -0.667657 0)
(-0.446029 -0.649488 0)
(1.05789 -0.159212 0)
(1.1306 -0.14444 0)
(1.12314 -0.0870782 0)
(0.776394 -0.131652 0)
(1.01105 -0.0201216 0)
(0.0527373 -0.0330937 0)
(0.129417 -0.0509624 0)
(0.0422956 -0.0170847 0)
(1.02533 -0.29576 0)
(3.40749 -3.33386 0)
(-0.419303 0.730772 0)
(12.3021 -1.2024 0)
(-0.0985183 -2.60444 0)
(0.797805 -0.0525915 0)
(0.349899 -0.181546 0)
(0.0815811 -0.067556 0)
(0.238085 -1.74365 0)
(-3.32453 -3.31256 0)
(-0.0495798 -0.145726 0)
(0.728481 -0.11729 0)
(-0.83914 3.59482 0)
(0.238226 -0.412469 0)
(1.09297 -0.0414045 0)
(-4.27434 -0.743125 0)
(-2.71758 -1.60303 0)
(0.23894 -0.0727221 0)
(6.33314 4.23031 0)
(0.573906 -0.13769 0)
(0.785312 -0.112513 0)
(0.294594 -0.175387 0)
(0.00048813 0.0563052 0)
(0.0324725 0.0747604 0)
(0.078136 0.0302698 0)
(-0.119791 0.28646 0)
(0.489269 -0.171983 0)
(0.86596 -0.104817 0)
(0.321453 -0.194818 0)
(0.335504 -0.0927266 0)
(0.280959 -0.0928485 0)
(-1.4795 1.07858 0)
(0.516767 -0.133773 0)
(-2.09715 0.437994 0)
(-2.32485 0.906587 0)
(9.82035 -3.36227 0)
(0.303956 -0.321242 0)
(1.93561 0.59895 0)
(0.34713 -0.155425 0)
(0.59969 -0.292754 0)
(0.396029 -0.14276 0)
(0.435439 -0.13288 0)
(0.545321 -0.174171 0)
(0.712479 -1.04157 0)
(0.389936 -0.979471 0)
(-0.0208858 -0.00879701 0)
(-0.962098 1.6696 0)
(10.5228 4.274 0)
(0.689183 -0.278648 0)
(8.80646 -3.39619 0)
(1.03036 -0.00811626 0)
(1.05155 0.0146598 0)
(1.01603 0.0535995 0)
(1.01995 0.0140142 0)
(0.997272 0.0205142 0)
(0.97718 0.0421416 0)
(0.975973 0.0843206 0)
(-0.0722881 -1.02717 0)
(7.86293 -3.42522 0)
(0.177865 -0.0925784 0)
(-0.612395 -0.0397711 0)
(0.779661 -0.270834 0)
(0.870702 -0.275104 0)
(0.534795 -0.0671515 0)
(0.925232 -0.272853 0)
(0.033343 0.316603 0)
(0.904036 -0.573406 0)
(0.719342 0.673664 0)
(0.0310625 0.0435383 0)
(0.0597966 0.0536481 0)
(0.0664651 0.0963202 0)
(0.090452 0.0665328 0)
(0.100429 0.0974312 0)
(0.122759 0.0742229 0)
(0.151504 0.0947657 0)
(0.146521 0.0691492 0)
(0.170127 0.0746731 0)
(0.179125 0.1008 0)
(0.190888 0.0784766 0)
(0.207021 0.0980103 0)
(0.223772 0.0789075 0)
(0.234123 0.102929 0)
(0.22795 0.0626476 0)
(0.16725 0.127758 0)
(0.242994 0.0872376 0)
(0.260268 0.101657 0)
(0.250524 0.12829 0)
(0.282324 0.126004 0)
(0.288602 0.0982374 0)
(0.272243 0.0826089 0)
(0.111583 0.05441 0)
(0.236985 0.0607674 0)
(0.313064 0.115501 0)
(0.343278 0.126466 0)
(0.3353 0.0980435 0)
(0.34505 0.070472 0)
(0.363176 0.101504 0)
(0.376024 0.132822 0)
(0.388684 0.106554 0)
(0.409298 0.130896 0)
(0.430044 0.107672 0)
(0.439054 0.133271 0)
(0.457573 0.107477 0)
(0.476838 0.145877 0)
(0.486974 0.110564 0)
(0.493554 0.0710602 0)
(0.475448 0.0945386 0)
(0.495086 0.0886045 0)
(0.512665 0.103498 0)
(0.441192 0.0884631 0)
(0.423195 0.0857583 0)
(0.354622 0.164065 0)
(0.512674 0.0851949 0)
(0.531302 0.094582 0)
(0.526685 0.0774777 0)
(0.544582 0.0815718 0)
(0.552374 0.104016 0)
(0.557439 0.073987 0)
(0.530087 0.117306 0)
(0.559656 0.134311 0)
(0.582834 0.109228 0)
(0.622528 0.115931 0)
(0.605766 0.089004 0)
(0.636254 0.0864573 0)
(0.654514 0.115382 0)
(0.666037 0.0870714 0)
(0.58291 0.0878082 0)
(0.689959 0.112418 0)
(0.693534 0.082248 0)
(0.725452 0.0828534 0)
(0.459726 0.0827081 0)
(0.483766 0.0680012 0)
(0.333855 0.0720169 0)
(0.338609 0.0816382 0)
(0.354113 0.0819687 0)
(0.379311 0.0884131 0)
(0.620003 0.076433 0)
(0.0800164 0.0446352 0)
(0.504505 0.0754123 0)
(0.651586 0.0735149 0)
(0.42294 0.0735818 0)
(0.325057 0.0839761 0)
(0.678711 0.0716913 0)
(0.39627 0.0845505 0)
(0.664191 0.0688667 0)
(0.640734 0.0674155 0)
(0.562405 0.175788 0)
(0.604464 0.0721039 0)
(0.611678 0.0635169 0)
(-0.946394 0.0978355 0)
(-0.036636 -0.047825 0)
(0.474083 -0.0695056 0)
(0.354888 0.0694806 0)
(0.179341 -0.11695 0)
(0.613654 -0.142184 0)
(-0.240875 0.0630158 0)
(-0.347392 0.022297 0)
(0.216829 0.0616728 0)
(0.195874 0.0597008 0)
(0.534651 0.0676924 0)
(0.524532 0.0660767 0)
(1.07645 -0.0766136 0)
(2.00388 -1.8432 0)
(2.98194 3.61721 0)
(0.682339 0.0570465 0)
(0.565258 0.0889724 0)
(0.528872 -0.152404 0)
(1.65795 -0.262514 0)
(1.7266 -0.668065 0)
(0.593055 -0.151491 0)
(0.635769 -0.15598 0)
(0.674692 -0.141401 0)
(2.62584 0.873489 0)
(0.0969308 0.0449008 0)
(0.11969 0.0448809 0)
(0.0907567 0.0344569 0)
(0.130262 0.0542887 0)
(0.146219 0.0531209 0)
(0.0670365 0.0347698 0)
(1.13014 -0.209153 0)
(0.697691 -0.0632624 0)
(1.06725 0.0683892 0)
(0.764843 -0.15381 0)
(0.644397 0.147276 0)
(0.923415 -0.149828 0)
(0.662325 0.0566821 0)
(0.403701 -0.0819875 0)
(0.207469 0.072009 0)
(0.633855 -0.127105 0)
(0.446364 0.0728315 0)
(0.256955 0.0795032 0)
(0.0451284 1.79526 0)
(0.231453 -0.496169 0)
(0.974243 -0.0238174 0)
(0.747481 -0.0574363 0)
(0.583383 0.0627403 0)
(0.67492 -0.0772308 0)
(0.464417 0.0692098 0)
(14.3497 -0.5 0)
(0.0721273 -0.53922 0)
(0.582114 -1.4066 0)
(0.569148 -0.0731609 0)
(-0.415355 0.971358 0)
(0.313512 0.07763 0)
(0.310268 0.0930027 0)
(0.218441 0.127638 0)
(2.54535 3.03506 0)
(1.01375 -0.00627521 0)
(0.890758 1.64531 0)
(0.0626542 -0.163586 0)
(-0.00100093 -0.223802 0)
(0.0607219 0.0225725 0)
(0.0703013 0.024981 0)
(0.253128 0.0657231 0)
(-0.673815 -1.204 0)
(0.90803 -0.0329977 0)
(0.270941 0.327121 0)
(0.579647 -0.570294 0)
(-0.0132383 -0.144497 0)
(-0.106129 -0.140791 0)
(-0.145802 -0.203177 0)
(0.658307 -0.0663678 0)
(0.551329 -0.290648 0)
(1.51364 -0.615541 0)
(0.350096 -0.0792842 0)
(0.737161 -0.0598625 0)
(0.426879 -0.0815022 0)
(0.382428 -0.0937879 0)
(0.554661 0.0634077 0)
(0.563732 0.064718 0)
(0.603111 0.0604019 0)
(0.885708 -0.0368936 0)
(0.469453 -0.0787797 0)
(0.249348 -0.0741019 0)
(0.258829 -0.0739693 0)
(0.498393 -0.0766679 0)
(0.489644 -0.0767354 0)
(1.36623 0.554059 0)
(1.11228 0.600436 0)
(0.36947 -0.078838 0)
(0.542711 -0.0764848 0)
(0.857995 -0.0564453 0)
(13.076 -1.01274 0)
(0.49995 0.335227 0)
(0.413496 0.0702942 0)
(0.411016 0.0818684 0)
(1.84816 -4.03887 0)
(-0.0207032 -0.0303309 0)
(0.390095 -0.0820035 0)
(0.859878 -1.47387 0)
(0.0236725 0.0139519 0)
(0.0246623 0.0249252 0)
(0.0390195 0.0260369 0)
(-2.31169 -0.101381 0)
(0.229465 -0.0695392 0)
(0.622549 -0.0579134 0)
(0.634737 -0.0680809 0)
(0.573529 0.0735268 0)
(0.394971 0.0708893 0)
(6.53314 1.38709 0)
(0.816748 -0.147197 0)
(5.78444 3.44251 0)
(0.118979 -0.048451 0)
(4.32982 3.25202 0)
(0.478968 0.0786496 0)
(0.63281 0.0585057 0)
(0.629235 0.0689672 0)
(0.209495 -0.0666636 0)
(-0.0216206 -0.459268 0)
(-0.342158 -0.338336 0)
(0.148292 -0.0552851 0)
(0.149664 -0.0688644 0)
(0.1478 0.0432504 0)
(-0.167355 -0.0341029 0)
(0.139705 -0.0508953 0)
(0.590556 0.074536 0)
(0.521987 -0.351656 0)
(-3.50275 -2.56214 0)
(0.242937 -0.0828703 0)
(-3.50538 -1.75684 0)
(0.457894 -0.29727 0)
(-4.26795 4.26795 0)
(-4.26795 -4.26795 0)
(6.41845 -2.80932 0)
(3.4423 1.6893 0)
(0.276868 0.0691936 0)
(0.294734 0.0695981 0)
(0.299732 0.0813058 0)
(1.09356 0.0177516 0)
(0.955096 3.74572 0)
(0.265352 -0.566432 0)
(13.0424 -3.50418 0)
(7.33925 -2.74827 0)
(0.128088 0.0390205 0)
(0.605058 -1.17723 0)
(14.2679 -4.26795 0)
(14.2679 4.26795 0)
(1.20783 -0.0996519 0)
(-1.68359 -0.247082 0)
(0.0241579 2.22238 0)
(13.4359 2.45057 0)
(1.21344 -0.700156 0)
(0.997232 -0.0215771 0)
(0.189295 -0.139759 0)
(-2.92688 2.65188 0)
(0.0999079 0.0330771 0)
(-2.72803 -0.963233 0)
(4.40476 1.37856 0)
(0.165338 0.0486343 0)
(0.159796 0.0580166 0)
(0.183702 0.0652812 0)
(8.46609 2.0017 0)
(0.444641 -0.0681872 0)
(0.960872 -0.040171 0)
(1.54604 -0.817788 0)
(0.0159556 0.12246 0)
(0.915818 0.380603 0)
(0.689306 0.0656876 0)
(0.70265 0.0638506 0)
(0.701875 0.0520352 0)
(0.711943 0.0522848 0)
(0.717402 0.0647068 0)
(0.732184 0.0623427 0)
(0.745958 0.0766249 0)
(0.740826 0.0999756 0)
(0.748498 0.0610034 0)
(0.765492 0.0715631 0)
(0.740776 0.0516822 0)
(0.731609 0.0498507 0)
(0.763339 0.0973177 0)
(0.7877 0.0830185 0)
(0.783883 0.0622495 0)
(0.804991 0.0635097 0)
(0.835061 0.0664088 0)
(0.850181 0.0381541 0)
(0.867697 0.0727878 0)
(0.803049 0.0456964 0)
(0.855138 0.0560982 0)
(0.839425 0.0357052 0)
(0.831077 0.0361442 0)
(0.76377 0.056226 0)
(0.862572 0.040897 0)
(0.878459 0.0453081 0)
(0.899905 0.0265697 0)
(0.897435 0.0654043 0)
(0.890158 0.0264509 0)
(0.896488 0.0392102 0)
(0.920137 0.0497104 0)
(0.911336 0.0343978 0)
(0.935016 0.0339088 0)
(0.948655 0.0556505 0)
(0.881696 0.0307812 0)
(0.956427 0.0359873 0)
(0.963398 0.0190919 0)
(0.909086 0.0231771 0)
(0.70957 0.0781316 0)
(0.930366 0.0231363 0)
(0.72321 -0.0607308 0)
(0.806458 -0.0497168 0)
(0.837139 -0.0626914 0)
(0.186017 0.0538697 0)
(1.2127 -0.26436 0)
(0.0859912 -0.977917 0)
(0.761807 -0.0692782 0)
(0.039915 -0.028558 0)
(-0.5833 -0.555822 0)
(0.811242 0.03971 0)
(0.818697 0.0504374 0)
(0.885665 0.106134 0)
(0.503963 0.0667512 0)
(11.1453 3.46219 0)
(2.04889 -0.076068 0)
(0.733823 0.305061 0)
(0.234 0.162671 0)
(0.299758 -0.0778418 0)
(-0.029343 0.00877371 0)
(0.363658 0.209045 0)
(4.65644 -1.37429 0)
(0.286293 0.0779657 0)
(0.793333 0.0527249 0)
(0.783519 0.0463681 0)
(0.432906 0.169283 0)
(0.859789 0.0321911 0)
(2.08968 3.61786 0)
(0.761593 0.0459127 0)
(0.591187 -0.0721018 0)
(0.937747 0.017861 0)
(-0.0591406 0.35017 0)
(0.282825 -0.0772213 0)
(0.746718 0.123514 0)
(0.711438 0.139529 0)
(-4.32363 0.602052 0)
(0.97365 -0.0759061 0)
(0.407953 -0.163013 0)
(0.866461 -0.0395992 0)
(0.374604 0.0735171 0)
(0.9672 -0.321594 0)
(1.95526 -2.71637 0)
(-0.450082 -3.47391 0)
(-0.00208371 -0.0349748 0)
(0.009457 -0.0211909 0)
(0.160072 0.162072 0)
(1.20923 0.0495022 0)
(-0.0445844 0.118746 0)
(0.536622 -0.0906989 0)
(0.702957 0.179001 0)
(0.660033 0.186258 0)
(13.5331 -2.90176 0)
(0.0292846 -0.252763 0)
(0.155144 -0.122237 0)
(0.1262 -1.98416 0)
(0.835739 0.0459753 0)
(5.58441 -2.89024 0)
(0.461097 -0.0951805 0)
(-0.477165 -2.48048 0)
(0.314791 0.0678644 0)
(0.924737 -0.0292266 0)
(-0.066358 -3.02623 0)
(0.822284 0.115318 0)
(0.79543 0.47701 0)
(0.505297 0.124509 0)
(0.641914 0.0571261 0)
(0.609322 -0.0686153 0)
(1.5279 -1.05802 0)
(0.0953862 0.129493 0)
(0.708574 0.0962002 0)
(0.917099 0.807888 0)
(0.276743 0.161604 0)
(-0.0589231 -0.0361639 0)
(0.421293 0.56713 0)
(1.28057 -0.232915 0)
(0.239716 0.0722224 0)
(0.962832 -0.649136 0)
(0.316939 -0.0787056 0)
(0.509614 0.188909 0)
(0.051461 0.0334704 0)
(-0.81724 -1.84637 0)
(0.0248381 -0.0399702 0)
(1.95316 -0.939862 0)
(0.354061 0.859732 0)
(1.51755 -4.53618 0)
(0.27848 -0.107763 0)
(13.4895 -2.27377 0)
(0.0852256 -0.0521871 0)
(0.193014 0.1214 0)
(3.06253 -3.99221 0)
(0.161905 -0.0697376 0)
(-1.53417 3.64558 0)
(0.801367 -0.309178 0)
(0.471559 -0.344009 0)
(2.97652 -1.38013 0)
(-0.18695 0.0125105 0)
(0.119156 0.0358114 0)
(-0.0743275 -0.245539 0)
(0.0419325 0.0165186 0)
(0.0207456 0.656343 0)
(-0.0330097 -0.184777 0)
(1.21973 0.414412 0)
(-0.93648 -4.00029 0)
(0.367339 0.0833666 0)
(0.00802507 -0.0496799 0)
(-0.405699 0.168535 0)
(1.09029 0.167057 0)
(0.409807 0.098996 0)
(0.460644 -1.662 0)
(11.9947 3.62849 0)
(-4.21531 -0.0166346 0)
(0.0241926 0.162548 0)
(5.44889 4.18423 0.1)
(5.52162 -4.1687 0.1)
(8.49277 3.96155 0.1)
(9.43741 -4.17833 0.1)
(14.1059 0.50689 0.1)
(-4.13397 1.5 0.1)
(-1.52015 -4.16396 0.1)
(-1.37822 4.25707 0.1)
(-4.16767 -1.47955 0.1)
(2.46196 -4.11913 0.1)
(0.513991 -0.0691329 0.1)
(0.721649 -0.0502591 0.1)
(2.48759 4.24981 0.1)
(0.514383 0.069527 0.1)
(0.721881 0.0515869 0.1)
(0.434452 -4.16978 0.1)
(0.465295 4.13775 0.1)
(11.5173 4.22018 0.1)
(7.4279 -4.16964 0.1)
(13.9938 -1.44606 0.1)
(11.4636 -4.14697 0.1)
(14.349 2.4864 0.1)
(-4.13397 3.5 0.1)
(14.134 -3.5 0.1)
(-4.07955 -3.39197 0.1)
(13.4802 4.16501 0.1)
(-0.332118 -4.15273 0.1)
(-1.02148 -3.35964 0.1)
(0.127642 -3.47934 0.1)
(0.87943 -0.0293765 0.1)
(-0.4858 -2.86269 0.1)
(0.0990649 -0.0323408 0.1)
(0.761412 -3.42123 0.1)
(0.386147 -2.84022 0.1)
(0.265236 -0.0655737 0.1)
(0.364974 -0.071089 0.1)
(0.988077 -2.80679 0.1)
(0.707585 -2.34534 0.1)
(1.19244 -2.31499 0.1)
(0.920055 -1.87825 0.1)
(1.34502 -1.89241 0.1)
(0.486119 -1.92683 0.1)
(1.14732 -1.56253 0.1)
(1.4938 -1.54988 0.1)
(1.32171 -1.25311 0.1)
(1.63385 -1.2482 0.1)
(1.8267 -1.50591 0.1)
(1.93464 -1.19869 0.1)
(1.01864 -1.28131 0.1)
(2.18603 -1.46816 0.1)
(2.2701 -1.05575 0.1)
(2.58326 -1.41978 0.1)
(2.73509 -1.04173 0.1)
(2.44205 -0.653432 0.1)
(2.90949 -0.609786 0.1)
(2.59024 -0.231405 0.1)
(3.05637 -0.071059 0.1)
(3.42091 -0.527993 0.1)
(3.57905 0.0746049 0.1)
(3.98203 -0.405789 0.1)
(1.12389 -1.0511 0.1)
(0.613859 -0.0599891 0.1)
(0.563347 -0.0641837 0.1)
(0.662542 -0.0570197 0.1)
(0.903096 -1.06631 0.1)
(4.16952 0.206141 0.1)
(4.59441 -0.284476 0.1)
(2.70192 0.271026 0.1)
(0.993667 -0.880604 0.1)
(0.800965 -0.0421198 0.1)
(0.761469 -0.0471775 0.1)
(0.807828 -0.883282 0.1)
(0.895538 -0.722306 0.1)
(0.967295 -0.0147784 0.1)
(0.928168 -0.02052 0.1)
(1.05358 -0.710902 0.1)
(0.728684 -0.732073 0.1)
(0.636629 -0.870026 0.1)
(0.185674 -0.0531874 0.1)
(0.225495 -0.0605371 0.1)
(0.14726 -0.0443919 0.1)
(0.570019 -0.702275 0.1)
(0.473437 -0.854795 0.1)
(0.407494 -0.712067 0.1)
(0.314361 -0.846098 0.1)
(0.4356 -0.0721883 0.1)
(0.404837 -0.0696223 0.1)
(0.463968 -0.0703443 0.1)
(0.249862 -0.686134 0.1)
(0.154515 -0.832083 0.1)
(0.0751179 -0.668939 0.1)
(-0.00811611 -0.827887 0.1)
(-0.0950577 -0.671258 0.1)
(-0.183405 -0.833027 0.1)
(-0.266449 -0.661023 0.1)
(-0.389112 -0.818718 0.1)
(4.8165 0.360995 0.1)
(5.31582 -0.207044 0.1)
(0.795522 -0.602204 0.1)
(5.54197 0.537069 0.1)
(6.07259 -0.0408433 0.1)
(0.486275 -0.588131 0.1)
(0.172832 -0.565086 0.1)
(-0.281933 -1.02572 0.1)
(-0.528705 -1.01144 0.1)
(-0.613208 -0.784073 0.1)
(-0.804508 -0.995737 0.1)
(-0.876111 -0.67229 0.1)
(-1.11745 -0.966549 0.1)
(-1.25104 -0.645059 0.1)
(-1.03174 -0.363538 0.1)
(-1.38019 -0.316485 0.1)
(-1.15937 -0.0583622 0.1)
(-1.51358 0.0282886 0.1)
(-1.21152 0.307203 0.1)
(4.32147 0.831931 0.1)
(-1.50262 -0.936846 0.1)
(-0.152749 -0.510694 0.1)
(-1.66358 0.402001 0.1)
(-1.38191 0.716082 0.1)
(0.109472 0.0379696 0.1)
(-0.974331 0.65041 0.1)
(0.285579 0.0668503 0.1)
(0.206902 0.056442 0.1)
(0.364976 0.0707893 0.1)
(-1.10697 1.02583 0.1)
(-0.703182 0.931882 0.1)
(-0.836705 1.31601 0.1)
(-0.467325 1.2438 0.1)
(0.919836 0.023921 0.1)
(0.820595 0.0388794 0.1)
(-1.27184 1.43441 0.1)
(-0.568604 1.60009 0.1)
(-0.178403 1.52375 0.1)
(-0.41781 -1.24328 0.1)
(-0.101126 1.12218 0.1)
(0.212321 1.43568 0.1)
(6.31355 0.710659 0.1)
(6.8747 0.117652 0.1)
(-1.8919 0.0307328 0.1)
(2.18127 -0.334866 0.1)
(4.37327 -0.919961 0.1)
(0.313636 1.07829 0.1)
(0.622966 0.0598612 0.1)
(0.614102 1.35715 0.1)
(-1.81644 0.829417 0.1)
(5.77877 -0.885979 0.1)
(-1.33055 -1.3097 0.1)
(-1.77382 -1.27337 0.1)
(0.621594 0.963476 0.1)
(0.993328 1.20412 0.1)
(1.22796 0.855383 0.1)
(1.49752 1.17228 0.1)
(1.33877 1.63674 0.1)
(1.87059 1.53721 0.1)
(-0.811323 -0.108108 0.1)
(7.09942 0.912057 0.1)
(7.71596 0.290878 0.1)
(7.44472 -0.544197 0.1)
(8.31628 -0.376764 0.1)
(8.60252 0.484117 0.1)
(9.2187 -0.199291 0.1)
(9.50786 0.687467 0.1)
(10.1355 -0.0141424 0.1)
(-0.637274 0.570319 0.1)
(10.4332 0.882483 0.1)
(0.233119 -1.0014 0.1)
(-0.301305 1.93596 0.1)
(2.42924 -1.82956 0.1)
(2.90578 -1.79083 0.1)
(0.0935562 0.874053 0.1)
(1.43058 -2.65815 0.1)
(9.83462 -0.905488 0.1)
(10.7673 -0.723353 0.1)
(0.763283 -1.25817 0.1)
(-1.54894 -1.72477 0.1)
(-2.10012 -1.68264 0.1)
(-2.28597 -1.18392 0.1)
(5.72035 1.37779 0.1)
(8.02107 -1.23397 0.1)
(1.69357 2.07534 0.1)
(2.27703 1.94709 0.1)
(1.03517 2.13909 0.1)
(1.70863 -0.944563 0.1)
(1.59902 0.753239 0.1)
(-0.33961 -0.494482 0.1)
(-0.22296 -0.369239 0.1)
(0.0319536 -0.0156998 0.1)
(0.0607113 -0.0226152 0.1)
(-0.0925404 -0.357047 0.1)
(-0.162221 -0.282697 0.1)
(-0.00952715 -0.286974 0.1)
(-0.0806693 -0.183481 0.1)
(-0.251544 -0.241562 0.1)
(9.79343 1.5924 0.1)
(2.70377 -2.28143 0.1)
(3.28416 -2.20418 0.1)
(-0.772848 2.03448 0.1)
(-0.439398 2.43239 0.1)
(10.4645 -1.62807 0.1)
(11.3928 -1.43799 0.1)
(-1.82706 -2.20673 0.1)
(-2.47283 -2.1563 0.1)
(0.890342 0.578957 0.1)
(11.6851 -0.527003 0.1)
(-1.0125 2.53098 0.1)
(10.7323 1.79277 0.1)
(1.50728 2.65232 0.1)
(-1.09431 -1.63345 0.1)
(10.0838 2.50713 0.1)
(-0.613381 3.00297 0.1)
(0.0421502 2.84445 0.1)
(9.18809 2.27709 0.1)
(0.0184948 -0.371315 0.1)
(0.0682085 -0.285998 0.1)
(0.108857 -0.367698 0.1)
(0.145166 -0.29198 0.1)
(0.115714 -0.229664 0.1)
(0.180647 -0.22492 0.1)
(0.315635 -0.0680237 0.1)
(0.210548 -0.286028 0.1)
(0.240171 -0.231319 0.1)
(0.270489 -0.278831 0.1)
(0.294851 -0.223364 0.1)
(0.326034 -0.272583 0.1)
(0.348727 -0.224154 0.1)
(0.380769 -0.271864 0.1)
(0.402318 -0.224113 0.1)
(0.429047 -0.263812 0.1)
(0.448407 -0.220118 0.1)
(0.476756 -0.258129 0.1)
(0.494964 -0.209866 0.1)
(0.524395 -0.253813 0.1)
(0.546036 -0.20685 0.1)
(0.571335 -0.248559 0.1)
(0.593069 -0.20815 0.1)
(0.617387 -0.245426 0.1)
(0.638865 -0.198788 0.1)
(0.663382 -0.241088 0.1)
(0.684524 -0.200613 0.1)
(0.708413 -0.237369 0.1)
(0.726682 -0.197918 0.1)
(0.753575 -0.234357 0.1)
(0.770636 -0.189033 0.1)
(0.798985 -0.229748 0.1)
(0.818438 -0.182988 0.1)
(0.845415 -0.225962 0.1)
(0.839233 -0.0377 0.1)
(0.865324 -0.183797 0.1)
(0.892595 -0.222466 0.1)
(0.912332 -0.182669 0.1)
(0.940592 -0.219421 0.1)
(0.959114 -0.17044 0.1)
(0.993913 -0.220541 0.1)
(1.0115 -0.169433 0.1)
(1.0538 -0.220215 0.1)
(0.968666 -0.266404 0.1)
(0.649699 -0.289598 0.1)
(0.293757 -0.0707948 0.1)
(0.335081 -0.070206 0.1)
(0.821231 -0.0403499 0.1)
(0.822792 -0.273769 0.1)
(0.700005 -0.161978 0.1)
(0.791826 -0.154767 0.1)
(0.358306 -0.331058 0.1)
(0.886054 -0.145522 0.1)
(0.608261 -0.173312 0.1)
(0.516917 -0.176973 0.1)
(0.42437 -0.186227 0.1)
(0.144881 -0.180339 0.1)
(0.097925 -0.17649 0.1)
(0.499735 -0.299911 0.1)
(0.26098 -0.186117 0.1)
(0.252321 -0.34078 0.1)
(0.985566 -0.129117 0.1)
(1.02918 -0.124127 0.1)
(0.731654 -0.281109 0.1)
(0.127747 -0.138305 0.1)
(0.0855892 -0.134622 0.1)
(0.164683 -0.144252 0.1)
(1.00018 -0.0901657 0.1)
(1.04161 -0.086177 0.1)
(1.07327 -0.115237 0.1)
(0.96387 -0.0980769 0.1)
(0.108683 -0.106716 0.1)
(0.0747806 -0.0971164 0.1)
(0.0495414 -0.126923 0.1)
(0.0381155 -0.0879679 0.1)
(1.01742 -0.0603893 0.1)
(0.999662 -0.0103933 0.1)
(0.0138219 -0.11844 0.1)
(0.00253631 -0.0787705 0.1)
(0.00314085 -0.0107256 0.1)
(0.0207577 -0.165617 0.1)
(0.0610684 -0.068696 0.1)
(-2.17856 -2.75415 0.1)
(3.04749 -2.77561 0.1)
(3.69807 -2.69976 0.1)
(7.12573 -1.4004 0.1)
(7.71313 -2.05757 0.1)
(6.79716 -2.18405 0.1)
(2.42979 1.36327 0.1)
(2.86574 1.79009 0.1)
(2.72889 2.41428 0.1)
(3.3654 2.25253 0.1)
(8.62283 -1.9297 0.1)
(11.3737 1.07481 0.1)
(11.682 1.99509 0.1)
(-0.02266 -0.111103 0.1)
(-0.0328521 -0.0759684 0.1)
(-0.0632808 -0.106488 0.1)
(-0.0734274 -0.064086 0.1)
(3.10999 1.17323 0.1)
(-0.138024 -1.25536 0.1)
(-0.296887 -1.51236 0.1)
(3.22341 2.92894 0.1)
(3.90789 2.75231 0.1)
(12.3322 1.27036 0.1)
(-0.0134182 -0.0536686 0.1)
(3.92955 -2.08325 0.1)
(4.43904 -2.6327 0.1)
(4.13316 -3.37673 0.1)
(11.1388 -2.38988 0.1)
(12.1071 -2.14058 0.1)
(0.94633 -0.126084 0.1)
(0.932088 -0.0968564 0.1)
(0.947086 -0.0705867 0.1)
(0.918622 -0.0720536 0.1)
(0.904287 -0.0938576 0.1)
(0.894521 -0.070861 0.1)
(0.880455 -0.0900681 0.1)
(0.870476 -0.0673757 0.1)
(0.857832 -0.0866823 0.1)
(0.859886 -0.0328457 0.1)
(0.907529 -0.0506151 0.1)
(0.850798 -0.0678763 0.1)
(0.835635 -0.0812527 0.1)
(0.845082 -0.105142 0.1)
(0.821769 -0.101864 0.1)
(0.813031 -0.08062 0.1)
(0.799469 -0.0977874 0.1)
(0.792826 -0.0778725 0.1)
(0.778875 -0.0932356 0.1)
(0.780641 -0.046619 0.1)
(0.908 -0.0228021 0.1)
(0.775465 -0.0746445 0.1)
(0.758602 -0.0862489 0.1)
(0.765274 -0.109272 0.1)
(0.743986 -0.103675 0.1)
(0.691596 -0.0553827 0.1)
(0.747577 -0.131246 0.1)
(0.73743 -0.083848 0.1)
(0.723344 -0.0982851 0.1)
(0.741697 -0.0495695 0.1)
(0.718835 -0.0773356 0.1)
(0.704413 -0.0924116 0.1)
(0.708848 -0.113276 0.1)
(0.688572 -0.106269 0.1)
(0.686923 -0.0862295 0.1)
(0.669118 -0.0954714 0.1)
(0.671656 -0.119554 0.1)
(0.651792 -0.110242 0.1)
(0.648602 -0.0899449 0.1)
(0.633205 -0.102933 0.1)
(0.631339 -0.0592729 0.1)
(0.653702 -0.134624 0.1)
(10.1531 -2.51193 0.1)
(8.25403 -2.68886 0.1)
(0.831199 -0.125988 0.1)
(-0.168763 0.825211 0.1)
(-0.176254 0.596987 0.1)
(0.140394 0.510066 0.1)
(-2.86423 -2.69718 0.1)
(-2.60424 -3.38518 0.1)
(0.218103 -0.187017 0.1)
(0.242257 -0.152328 0.1)
(0.274976 -0.150043 0.1)
(0.26011 -0.12211 0.1)
(0.288804 -0.123563 0.1)
(0.304792 -0.144876 0.1)
(0.314193 -0.119233 0.1)
(0.331215 -0.138645 0.1)
(0.338767 -0.112253 0.1)
(0.355653 -0.133015 0.1)
(0.366115 -0.108503 0.1)
(0.379412 -0.128256 0.1)
(0.22975 -0.123335 0.1)
(0.388984 -0.107793 0.1)
(0.401581 -0.124269 0.1)
(0.384891 -0.0711599 0.1)
(0.242632 -0.0996388 0.1)
(0.218567 -0.10021 0.1)
(0.245309 -0.0634652 0.1)
(0.408467 -0.101245 0.1)
(0.42231 -0.119629 0.1)
(0.374335 -0.15726 0.1)
(0.429036 -0.0981143 0.1)
(0.442623 -0.115783 0.1)
(0.44926 -0.0967436 0.1)
(0.46341 -0.109294 0.1)
(0.456051 -0.132482 0.1)
(0.478098 -0.127419 0.1)
(0.484835 -0.10623 0.1)
(0.494194 -0.0679992 0.1)
(0.499502 -0.121628 0.1)
(0.504504 -0.101561 0.1)
(0.51962 -0.115803 0.1)
(0.52284 -0.0942588 0.1)
(0.539912 -0.106691 0.1)
(0.543765 -0.06527 0.1)
(0.47106 -0.151829 0.1)
(0.535237 -0.130596 0.1)
(0.556478 -0.123588 0.1)
(0.561475 -0.102254 0.1)
(0.577343 -0.116268 0.1)
(0.580662 -0.0960815 0.1)
(0.593281 -0.0620326 0.1)
(0.551747 -0.148297 0.1)
(0.297604 -0.101753 0.1)
(0.319668 -0.0960095 0.1)
(0.597616 -0.107719 0.1)
(0.59798 -0.0853199 0.1)
(0.350783 -0.0928644 0.1)
(0.0328876 -1.50009 0.1)
(-0.107778 -1.78713 0.1)
(0.324547 -0.166659 0.1)
(0.0242985 -0.0591181 0.1)
(0.487008 0.714764 0.1)
(0.433559 0.0738609 0.1)
(0.534928 -1.02263 0.1)
(4.60786 -1.96764 0.1)
(5.13822 -2.48417 0.1)
(3.73709 3.50877 0.1)
(0.988969 -0.0609233 0.1)
(0.139203 -0.106627 0.1)
(0.128741 -0.0810598 0.1)
(0.127477 -0.0402941 0.1)
(0.156451 -0.0855658 0.1)
(0.166691 -0.048825 0.1)
(0.100442 -0.0791488 0.1)
(4.05043 1.95072 0.1)
(4.59911 2.57303 0.1)
(-0.835469 0.338488 0.1)
(-0.534701 0.29512 0.1)
(0.264921 -0.0985402 0.1)
(1.16522 -4.0693 0.1)
(0.99946 -0.0370392 0.1)
(0.977021 -0.0388886 0.1)
(0.947725 -0.0167331 0.1)
(0.631202 -0.081749 0.1)
(12.6013 2.21248 0.1)
(0.0594578 -0.214276 0.1)
(0.886407 -0.050405 0.1)
(0.0125749 -0.0340849 0.1)
(0.116386 -0.0610445 0.1)
(0.0969772 -0.0588604 0.1)
(0.0798775 -0.0274407 0.1)
(-0.198006 -0.142364 0.1)
(-0.309069 -0.124622 0.1)
(-0.23246 -0.0462463 0.1)
(-0.399372 -0.227291 0.1)
(-0.452111 -0.0838846 0.1)
(-0.458243 -1.79991 0.1)
(2.45897 -2.80853 0.1)
(0.357964 -0.586718 0.1)
(0.431055 -0.489246 0.1)
(0.535203 -0.486436 0.1)
(0.31944 -0.477394 0.1)
(0.67497 -0.594553 0.1)
(0.737564 -0.49587 0.1)
(0.843449 -0.490627 0.1)
(0.792111 -0.412493 0.1)
(0.883768 -0.404955 0.1)
(0.943389 -0.479982 0.1)
(0.689428 -0.406772 0.1)
(0.981038 -0.384142 0.1)
(1.05112 -0.473693 0.1)
(1.0909 -0.371373 0.1)
(1.14996 -0.451543 0.1)
(1.19485 -0.35406 0.1)
(1.26469 -0.455469 0.1)
(1.32597 -0.31978 0.1)
(1.42735 -0.444463 0.1)
(1.48702 -0.288405 0.1)
(1.35165 -0.157771 0.1)
(1.55436 -0.122422 0.1)
(1.42333 0.0197074 0.1)
(1.61621 0.100692 0.1)
(1.32368 -0.599024 0.1)
(1.61848 -0.452519 0.1)
(1.27214 -0.0104359 0.1)
(1.26668 0.120465 0.1)
(1.05128 -0.0531707 0.1)
(1.13691 0.095866 0.1)
(0.980136 0.0156926 0.1)
(0.947443 0.0211445 0.1)
(1.17094 0.244946 0.1)
(1.01607 0.237926 0.1)
(0.869261 0.0324302 0.1)
(1.2126 -0.186406 0.1)
(0.368565 -0.0899559 0.1)
(0.136 -0.061713 0.1)
(-1.2425 3.08685 0.1)
(-1.64246 2.58844 0.1)
(-1.95565 3.24092 0.1)
(-2.31958 2.64695 0.1)
(-2.71323 3.28285 0.1)
(-2.0412 2.02101 0.1)
(-2.71332 2.06496 0.1)
(-2.42754 1.44046 0.1)
(0.0687393 -0.439224 0.1)
(-0.103099 -0.0913368 0.1)
(-0.121335 -0.0496878 0.1)
(-0.0820937 -0.0164625 0.1)
(-0.135569 0.00116445 0.1)
(-0.0969799 0.0406791 0.1)
(0.0511291 0.020257 0.1)
(0.0133844 0.0147053 0.1)
(-0.158629 0.0613838 0.1)
(-0.109225 0.104602 0.1)
(-0.181705 0.134822 0.1)
(-0.107388 0.188944 0.1)
(-0.0181995 0.173661 0.1)
(0.15593 0.0473557 0.1)
(0.174643 0.0551661 0.1)
(0.138343 0.0437785 0.1)
(-0.0375718 0.260578 0.1)
(0.0431598 0.212745 0.1)
(-0.215214 0.234277 0.1)
(0.0620041 0.147071 0.1)
(0.118639 0.182783 0.1)
(0.118269 0.265156 0.1)
(0.193991 0.20916 0.1)
(0.244547 0.0617283 0.1)
(0.265572 0.0683351 0.1)
(0.19428 0.304789 0.1)
(0.263904 0.256899 0.1)
(0.26101 0.199509 0.1)
(0.323362 0.0707172 0.1)
(0.31386 0.203196 0.1)
(0.305988 0.0692601 0.1)
(0.34012 0.279546 0.1)
(0.416217 0.227528 0.1)
(0.416816 0.321964 0.1)
(0.487156 0.250827 0.1)
(0.572837 0.0627369 0.1)
(0.546009 0.0667844 0.1)
(0.593281 0.0620326 0.1)
(0.462869 0.193388 0.1)
(0.548494 0.222271 0.1)
(0.671909 0.0580019 0.1)
(0.475293 0.0675963 0.1)
(0.455118 0.0694247 0.1)
(0.651884 0.0601496 0.1)
(0.692164 0.0542778 0.1)
(0.564785 0.287591 0.1)
(0.614699 0.224059 0.1)
(0.648124 0.302658 0.1)
(0.710478 0.234368 0.1)
(0.771689 0.0474084 0.1)
(0.751671 0.0486027 0.1)
(0.792079 0.0435869 0.1)
(0.343118 0.385932 0.1)
(0.318742 0.149953 0.1)
(0.519921 0.145301 0.1)
(0.675691 0.15269 0.1)
(0.755174 0.172134 0.1)
(0.78853 0.24632 0.1)
(0.837274 0.158138 0.1)
(-0.298624 0.150801 0.1)
(0.129393 0.123857 0.1)
(-0.00681803 0.0877042 0.1)
(0.720934 0.113997 0.1)
(0.578486 0.382645 0.1)
(0.607246 0.156094 0.1)
(-0.053555 0.0193041 0.1)
(0.193231 0.152792 0.1)
(0.393471 0.170892 0.1)
(0.404352 0.0720741 0.1)
(0.385818 0.0736695 0.1)
(-0.0435354 -0.0162819 0.1)
(-0.00715025 -0.00682742 0.1)
(-0.0126502 0.00689579 0.1)
(-0.00700961 -0.0194169 0.1)
(0.594756 -0.13039 0.1)
(0.805464 -0.0618337 0.1)
(0.823067 -0.0650213 0.1)
(0.829826 2.77932 0.1)
(1.32473 3.27538 0.1)
(1.90769 3.04274 0.1)
(0.113621 0.375147 0.1)
(0.228602 -0.0826219 0.1)
(0.208894 -0.0802457 0.1)
(0.19757 -0.0975034 0.1)
(0.205772 -0.0571418 0.1)
(0.190036 -0.0796476 0.1)
(0.164745 -0.105051 0.1)
(0.468871 1.85854 0.1)
(-0.213556 -2.15415 0.1)
(-0.674317 -2.1719 0.1)
(-0.72754 -0.375494 0.1)
(0.395132 -0.0930153 0.1)
(-3.01498 -2.11133 0.1)
(1.38788 0.267083 0.1)
(0.868879 -0.0498135 0.1)
(0.646718 -0.0717722 0.1)
(0.660989 -0.0777751 0.1)
(0.4892 -0.409042 0.1)
(0.49103 -0.0874737 0.1)
(0.472621 -0.0913634 0.1)
(0.416873 -0.086775 0.1)
(0.211922 -0.148385 0.1)
(0.25516 -0.0852667 0.1)
(1.02626 -0.0336251 0.1)
(1.0613 0.405535 0.1)
(-3.114 1.50039 0.1)
(-2.85637 0.8956 0.1)
(-3.42099 2.21987 0.1)
(0.565966 -0.0854829 0.1)
(0.550096 -0.0895082 0.1)
(0.580258 -0.0768966 0.1)
(9.40215 3.22307 0.1)
(5.33877 -1.67375 0.1)
(1.78613 -0.114758 0.1)
(1.95583 0.209845 0.1)
(0.530975 -0.0791239 0.1)
(10.3303 3.41778 0.1)
(0.929814 -0.0523054 0.1)
(0.948598 -0.0484487 0.1)
(0.699979 0.401967 0.1)
(0.581587 -0.403673 0.1)
(11.9017 2.85904 0.1)
(13.2828 1.43755 0.1)
(0.507483 -0.0831985 0.1)
(0.26913 -0.0803665 0.1)
(0.732975 -0.0702859 0.1)
(0.74753 -0.0691783 0.1)
(0.889897 0.249446 0.1)
(1.01514 0.129419 0.1)
(12.9822 0.484809 0.1)
(13.5432 -0.350228 0.1)
(-0.369764 0.488261 0.1)
(0.416864 -0.141002 0.1)
(-0.487211 4.24778 0.1)
(2.07475 -0.684494 0.1)
(-1.49652 -2.75413 0.1)
(0.790296 0.119175 0.1)
(0.848899 0.102021 0.1)
(0.815733 0.0874832 0.1)
(0.452506 0.433108 0.1)
(0.896945 -0.0370748 0.1)
(1.17863 -0.854024 0.1)
(1.33961 -0.976685 0.1)
(0.228132 -2.30902 0.1)
(4.8681 1.78106 0.1)
(5.4664 2.49807 0.1)
(6.30814 2.09206 0.1)
(6.22976 2.83449 0.1)
(6.96818 2.62833 0.1)
(6.72568 3.45911 0.1)
(7.62963 3.23707 0.1)
(7.77413 2.28896 0.1)
(0.213281 0.408441 0.1)
(0.295573 0.50875 0.1)
(0.935492 0.15062 0.1)
(0.927195 0.0878346 0.1)
(0.788112 -0.0595552 0.1)
(0.615011 -0.116665 0.1)
(0.985192 -0.0243432 0.1)
(1.4643 4.16577 0.1)
(-3.59973 0.903414 0.1)
(-3.23948 0.288791 0.1)
(-3.83563 0.321958 0.1)
(-3.64295 -0.264058 0.1)
(-2.87172 -0.363611 0.1)
(-3.37824 -0.997944 0.1)
(-0.0189709 0.463668 0.1)
(0.913244 -0.124428 0.1)
(0.401436 -0.396367 0.1)
(0.480013 -0.078557 0.1)
(4.40939 4.08188 0.1)
(-0.0465578 0.065014 0.1)
(4.55948 -4.1713 0.1)
(3.69185 -4.12217 0.1)
(-4.21125 -2.32861 0.1)
(12.858 3.27694 0.1)
(0.772089 -0.0577941 0.1)
(0.934197 -0.0340881 0.1)
(0.919314 -0.0371776 0.1)
(-0.581582 -0.202272 0.1)
(-0.497304 -0.359105 0.1)
(10.8372 -3.30488 0.1)
(0.737782 -0.162353 0.1)
(1.15686 -0.0117806 0.1)
(1.0558 -0.01922 0.1)
(-2.61914 0.35263 0.1)
(0.667158 -1.65263 0.1)
(1.00495 -0.563962 0.1)
(2.30147 0.0601349 0.1)
(2.33067 0.522278 0.1)
(6.47594 -4.17585 0.1)
(6.00095 -3.38092 0.1)
(6.90533 -3.38957 0.1)
(0.63177 -0.480073 0.1)
(0.163812 -0.449135 0.1)
(0.665513 -0.16662 0.1)
(0.459097 -0.083321 0.1)
(0.700796 -0.0753926 0.1)
(0.684393 -0.0668954 0.1)
(0.708999 -0.0640304 0.1)
(4.99564 3.34411 0.1)
(5.90496 -2.3252 0.1)
(6.23747 -1.54058 0.1)
(-1.18949 -2.12868 0.1)
(0.306624 -0.0847296 0.1)
(0.292414 -0.0842622 0.1)
(1.69079 -2.20671 0.1)
(2.21418 -2.26501 0.1)
(0.610651 0.517092 0.1)
(-1.36049 1.96301 0.1)
(1.12 -0.281758 0.1)
(1.14962 -0.567261 0.1)
(0.5747 -0.173877 0.1)
(8.40942 -4.18584 0.1)
(2.75136 -3.38586 0.1)
(2.14857 -3.37979 0.1)
(1.64126 0.426447 0.1)
(0.107409 -0.045319 0.1)
(0.312629 -0.382956 0.1)
(0.416185 -0.317635 0.1)
(0.437267 -0.0860003 0.1)
(5.10266 -3.33077 0.1)
(-0.669834 -1.49789 0.1)
(0.822003 0.33999 0.1)
(-2.25532 4.04823 0.1)
(-3.39995 4.01448 0.1)
(0.000562568 0.0136926 0.1)
(0.00845033 0.0313775 0.1)
(0.0324547 0.0170944 0.1)
(-0.0153532 0.0300425 0.1)
(-1.82036 1.38715 0.1)
(0.384932 -0.188828 0.1)
(12.4847 -4.18479 0.1)
(12 -3.26795 0.1)
(12.8494 -2.66734 0.1)
(12.9637 -1.76715 0.1)
(12.4759 4.21637 0.1)
(14.1933 -2.54048 0.1)
(-0.338982 0.296665 0.1)
(0.439349 -0.155503 0.1)
(0.461263 -0.182477 0.1)
(0.446989 -0.0770126 0.1)
(8.92504 1.36321 0.1)
(10.9792 2.67233 0.1)
(8.91805 -1.06238 0.1)
(-0.193204 3.50391 0.1)
(0.490034 3.36947 0.1)
(0.458705 2.37839 0.1)
(11.0678 0.177607 0.1)
(7.9549 1.30374 0.1)
(7.40204 4.14636 0.1)
(-2.38417 -4.16357 0.1)
(-3.38006 -4.07446 0.1)
(1.42149 -3.26875 0.1)
(-0.024783 -0.572168 0.1)
(9.53595 -1.78253 0.1)
(-0.708159 0.117617 0.1)
(0.615693 -0.0945613 0.1)
(0.613773 -0.0780904 0.1)
(0.601263 -0.0741617 0.1)
(0.254511 0.668072 0.1)
(0.950159 -0.0287838 0.1)
(3.46286 -1.5829 0.1)
(0.622911 -0.0676919 0.1)
(12.0097 0.358669 0.1)
(0.55444 -0.0749051 0.1)
(0.80286 -0.124265 0.1)
(8.49214 2.83157 0.1)
(1.86846 -0.369111 0.1)
(5.10714 -1.06121 0.1)
(3.77077 -1.0116 0.1)
(0.18511 -0.170155 0.1)
(0.122726 -1.20105 0.1)
(0.322223 -1.4509 0.1)
(3.69236 0.703046 0.1)
(3.81994 1.27995 0.1)
(9.20149 -2.60752 0.1)
(0.966195 -0.0561252 0.1)
(9.53146 4.17344 0.1)
(-4.19762 2.61024 0.1)
(-3.46727 3.04478 0.1)
(0.693342 -0.129762 0.1)
(0.719316 -0.136118 0.1)
(0.632126 -0.345948 0.1)
(0.576261 -0.336344 0.1)
(0.692949 -0.323359 0.1)
(7.10484 1.77344 0.1)
(6.589 -0.715723 0.1)
(0.205417 -0.119052 0.1)
(0.275753 -0.0679481 0.1)
(1.36167 -0.769567 0.1)
(0.858504 -0.12789 0.1)
(0.842324 -0.153201 0.1)
(0.816151 -0.0524143 0.1)
(0.830358 -0.0492615 0.1)
(0.393834 -1.17243 0.1)
(10.4177 -4.15827 0.1)
(0.711973 -0.052599 0.1)
(13.4801 -4.24738 0.1)
(14.1025 3.41602 0.1)
(0.79117 -0.0451281 0.1)
(0.499902 -0.1482 0.1)
(0.35502 -0.0710406 0.1)
(0.359934 -0.0809373 0.1)
(0.504022 -0.0679044 0.1)
(0.519798 -0.0787104 0.1)
(0.524252 -0.0679417 0.1)
(0.751622 -0.0486847 0.1)
(0.757801 -0.0578466 0.1)
(0.730875 -0.0507434 0.1)
(0.28494 -0.0671079 0.1)
(0.810771 -0.0404315 0.1)
(0.771353 -0.0459831 0.1)
(0.10927 -0.0335685 0.1)
(0.603554 -0.0616272 0.1)
(0.425239 -0.0695688 0.1)
(0.829789 -0.0370055 0.1)
(0.845839 -0.0500454 0.1)
(0.553674 -0.0646867 0.1)
(0.57366 -0.0644398 0.1)
(0.652365 -0.0584921 0.1)
(-0.508798 0.0777919 0.1)
(0.672402 -0.0559351 0.1)
(0.668922 -0.0667802 0.1)
(0.454014 -0.0699599 0.1)
(0.395478 -0.0711009 0.1)
(0.345029 -0.0708739 0.1)
(0.339716 -0.0807049 0.1)
(0.328584 -0.0818006 0.1)
(0.195028 -0.0560196 0.1)
(0.198894 -0.0676876 0.1)
(0.255272 -0.0645379 0.1)
(0.641513 -0.0599183 0.1)
(0.834062 -0.338709 0.1)
(0.909815 -0.327839 0.1)
(0.415256 -0.0726019 0.1)
(0.702186 -0.0542066 0.1)
(4.96386 1.04913 0.1)
(0.235379 -0.0621687 0.1)
(0.484327 -0.0685131 0.1)
(0.583996 -0.0639657 0.1)
(0.869663 -0.0311353 0.1)
(0.374935 -0.0712381 0.1)
(0.378943 -0.0809697 0.1)
(0.917479 -0.0246479 0.1)
(-1.86752 -3.43011 0.1)
(0.682305 -0.0542676 0.1)
(0.849828 -0.0360078 0.1)
(0.857628 -0.0442444 0.1)
(0.889397 -0.027802 0.1)
(0.956925 -0.017024 0.1)
(0.964412 -0.0277761 0.1)
(12.5989 -0.359999 0.1)
(0.215606 -0.0590028 0.1)
(0.218908 -0.0696463 0.1)
(0.156896 -0.0469487 0.1)
(0.159537 -0.058166 0.1)
(0.172433 -0.0603821 0.1)
(0.977292 -0.0133008 0.1)
(0.324886 -0.0700895 0.1)
(-0.186729 0.3917 0.1)
(0.306237 -0.0715805 0.1)
(0.176254 -0.0495061 0.1)
(0.118296 -0.0372282 0.1)
(0.898911 -0.0256688 0.1)
(0.137553 -0.042124 0.1)
(0.876248 -0.0399572 0.1)
(2.04443 0.982388 0.1)
(3.1413 0.561929 0.1)
(3.436 4.24294 0.1)
(1.67636 -1.78386 0.1)
(0.0896719 -0.0309316 0.1)
(0.0817598 -0.0392424 0.1)
(0.0680009 -0.034334 0.1)
(0.0722006 -0.0516007 0.1)
(0.0557072 -0.0478302 0.1)
(0.0432541 -0.0607811 0.1)
(0.0395396 -0.0432642 0.1)
(0.0936092 -0.0436759 0.1)
(-1.94123 -0.845374 0.1)
(0.887929 -0.114304 0.1)
(0.938858 -0.0201446 0.1)
(0.070674 -0.0235557 0.1)
(2.11849 2.52577 0.1)
(0.0506316 -0.0209268 0.1)
(14.2079 1.55539 0.1)
(-0.160478 -0.0902437 0.1)
(0.765603 -0.33808 0.1)
(0.185766 -0.06535 0.1)
(0.174033 -0.0754918 0.1)
(-0.948219 -1.27163 0.1)
(-0.913634 -2.6092 0.1)
(4.13346 -1.48994 0.1)
(0.185856 -0.357642 0.1)
(3.2113 -1.02874 0.1)
(0.988334 -0.0123559 0.1)
(0.0125276 -0.0105781 0.1)
(0.0223734 -0.0134399 0.1)
(0.0246756 -0.0251165 0.1)
(-1.62865 -0.579568 0.1)
(-2.00363 -0.398376 0.1)
(-2.38662 -0.667657 0.1)
(-0.446029 -0.649488 0.1)
(1.05789 -0.159212 0.1)
(1.1306 -0.14444 0.1)
(1.12314 -0.0870782 0.1)
(0.776394 -0.131652 0.1)
(1.01105 -0.0201216 0.1)
(0.0527373 -0.0330937 0.1)
(0.129417 -0.0509624 0.1)
(0.0422956 -0.0170847 0.1)
(1.02533 -0.29576 0.1)
(3.40749 -3.33386 0.1)
(-0.419303 0.730772 0.1)
(12.3021 -1.2024 0.1)
(-0.0985183 -2.60444 0.1)
(0.797805 -0.0525915 0.1)
(0.349899 -0.181546 0.1)
(0.0815811 -0.067556 0.1)
(0.238085 -1.74365 0.1)
(-3.32453 -3.31256 0.1)
(-0.0495798 -0.145726 0.1)
(0.728481 -0.11729 0.1)
(-0.83914 3.59482 0.1)
(0.238226 -0.412469 0.1)
(1.09297 -0.0414045 0.1)
(-4.27434 -0.743125 0.1)
(-2.71758 -1.60303 0.1)
(0.23894 -0.0727221 0.1)
(6.33314 4.23031 0.1)
(0.573906 -0.13769 0.1)
(0.785312 -0.112513 0.1)
(0.294594 -0.175387 0.1)
(0.00048813 0.0563052 0.1)
(0.0324725 0.0747604 0.1)
(0.078136 0.0302698 0.1)
(-0.119791 0.28646 0.1)
(0.489269 -0.171983 0.1)
(0.86596 -0.104817 0.1)
(0.321453 -0.194818 0.1)
(0.335504 -0.0927266 0.1)
(0.280959 -0.0928485 0.1)
(-1.4795 1.07858 0.1)
(0.516767 -0.133773 0.1)
(-2.09715 0.437994 0.1)
(-2.32485 0.906587 0.1)
(9.82035 -3.36227 0.1)
(0.303956 -0.321242 0.1)
(1.93561 0.59895 0.1)
(0.34713 -0.155425 0.1)
(0.59969 -0.292754 0.1)
(0.396029 -0.14276 0.1)
(0.435439 -0.13288 0.1)
(0.545321 -0.174171 0.1)
(0.712479 -1.04157 0.1)
(0.389936 -0.979471 0.1)
(-0.0208858 -0.00879701 0.1)
(-0.962098 1.6696 0.1)
(10.5228 4.274 0.1)
(0.689183 -0.278648 0.1)
(8.80646 -3.39619 0.1)
(1.03036 -0.00811626 0.1)
(1.05155 0.0146598 0.1)
(1.01603 0.0535995 0.1)
(1.01995 0.0140142 0.1)
(0.997272 0.0205142 0.1)
(0.97718 0.0421416 0.1)
(0.975973 0.0843206 0.1)
(-0.0722881 -1.02717 0.1)
(7.86293 -3.42522 0.1)
(0.177865 -0.0925784 0.1)
(-0.612395 -0.0397711 0.1)
(0.779661 -0.270834 0.1)
(0.870702 -0.275104 0.1)
(0.534795 -0.0671515 0.1)
(0.925232 -0.272853 0.1)
(0.033343 0.316603 0.1)
(0.904036 -0.573406 0.1)
(0.719342 0.673664 0.1)
(0.0310625 0.0435383 0.1)
(0.0597966 0.0536481 0.1)
(0.0664651 0.0963202 0.1)
(0.090452 0.0665328 0.1)
(0.100429 0.0974312 0.1)
(0.122759 0.0742229 0.1)
(0.151504 0.0947657 0.1)
(0.146521 0.0691492 0.1)
(0.170127 0.0746731 0.1)
(0.179125 0.1008 0.1)
(0.190888 0.0784766 0.1)
(0.207021 0.0980103 0.1)
(0.223772 0.0789075 0.1)
(0.234123 0.102929 0.1)
(0.22795 0.0626476 0.1)
(0.16725 0.127758 0.1)
(0.242994 0.0872376 0.1)
(0.260268 0.101657 0.1)
(0.250524 0.12829 0.1)
(0.282324 0.126004 0.1)
(0.288602 0.0982374 0.1)
(0.272243 0.0826089 0.1)
(0.111583 0.05441 0.1)
(0.236985 0.0607674 0.1)
(0.313064 0.115501 0.1)
(0.343278 0.126466 0.1)
(0.3353 0.0980435 0.1)
(0.34505 0.070472 0.1)
(0.363176 0.101504 0.1)
(0.376024 0.132822 0.1)
(0.388684 0.106554 0.1)
(0.409298 0.130896 0.1)
(0.430044 0.107672 0.1)
(0.439054 0.133271 0.1)
(0.457573 0.107477 0.1)
(0.476838 0.145877 0.1)
(0.486974 0.110564 0.1)
(0.493554 0.0710602 0.1)
(0.475448 0.0945386 0.1)
(0.495086 0.0886045 0.1)
(0.512665 0.103498 0.1)
(0.441192 0.0884631 0.1)
(0.423195 0.0857583 0.1)
(0.354622 0.164065 0.1)
(0.512674 0.0851949 0.1)
(0.531302 0.094582 0.1)
(0.526685 0.0774777 0.1)
(0.544582 0.0815718 0.1)
(0.552374 0.104016 0.1)
(0.557439 0.073987 0.1)
(0.530087 0.117306 0.1)
(0.559656 0.134311 0.1)
(0.582834 0.109228 0.1)
(0.622528 0.115931 0.1)
(0.605766 0.089004 0.1)
(0.636254 0.0864573 0.1)
(0.654514 0.115382 0.1)
(0.666037 0.0870714 0.1)
(0.58291 0.0878082 0.1)
(0.689959 0.112418 0.1)
(0.693534 0.082248 0.1)
(0.725452 0.0828534 0.1)
(0.459726 0.0827081 0.1)
(0.483766 0.0680012 0.1)
(0.333855 0.0720169 0.1)
(0.338609 0.0816382 0.1)
(0.354113 0.0819687 0.1)
(0.379311 0.0884131 0.1)
(0.620003 0.076433 0.1)
(0.0800164 0.0446352 0.1)
(0.504505 0.0754123 0.1)
(0.651586 0.0735149 0.1)
(0.42294 0.0735818 0.1)
(0.325057 0.0839761 0.1)
(0.678711 0.0716913 0.1)
(0.39627 0.0845505 0.1)
(0.664191 0.0688667 0.1)
(0.640734 0.0674155 0.1)
(0.562405 0.175788 0.1)
(0.604464 0.0721039 0.1)
(0.611678 0.0635169 0.1)
(-0.946394 0.0978355 0.1)
(-0.036636 -0.047825 0.1)
(0.474083 -0.0695056 0.1)
(0.354888 0.0694806 0.1)
(0.179341 -0.11695 0.1)
(0.613654 -0.142184 0.1)
(-0.240875 0.0630158 0.1)
(-0.347392 0.022297 0.1)
(0.216829 0.0616728 0.1)
(0.195874 0.0597008 0.1)
(0.534651 0.0676924 0.1)
(0.524532 0.0660767 0.1)
(1.07645 -0.0766136 0.1)
(2.00388 -1.8432 0.1)
(2.98194 3.61721 0.1)
(0.682339 0.0570465 0.1)
(0.565258 0.0889724 0.1)
(0.528872 -0.152404 0.1)
(1.65795 -0.262514 0.1)
(1.7266 -0.668065 0.1)
(0.593055 -0.151491 0.1)
(0.635769 -0.15598 0.1)
(0.674692 -0.141401 0.1)
(2.62584 0.873489 0.1)
(0.0969308 0.0449008 0.1)
(0.11969 0.0448809 0.1)
(0.0907567 0.0344569 0.1)
(0.130262 0.0542887 0.1)
(0.146219 0.0531209 0.1)
(0.0670365 0.0347698 0.1)
(1.13014 -0.209153 0.1)
(0.697691 -0.0632624 0.1)
(1.06725 0.0683892 0.1)
(0.764843 -0.15381 0.1)
(0.644397 0.147276 0.1)
(0.923415 -0.149828 0.1)
(0.662325 0.0566821 0.1)
(0.403701 -0.0819875 0.1)
(0.207469 0.072009 0.1)
(0.633855 -0.127105 0.1)
(0.446364 0.0728315 0.1)
(0.256955 0.0795032 0.1)
(0.0451284 1.79526 0.1)
(0.231453 -0.496169 0.1)
(0.974243 -0.0238174 0.1)
(0.747481 -0.0574363 0.1)
(0.583383 0.0627403 0.1)
(0.67492 -0.0772308 0.1)
(0.464417 0.0692098 0.1)
(14.3497 -0.5 0.1)
(0.0721273 -0.53922 0.1)
(0.582114 -1.4066 0.1)
(0.569148 -0.0731609 0.1)
(-0.415355 0.971358 0.1)
(0.313512 0.07763 0.1)
(0.310268 0.0930027 0.1)
(0.218441 0.127638 0.1)
(2.54535 3.03506 0.1)
(1.01375 -0.00627521 0.1)
(0.890758 1.64531 0.1)
(0.0626542 -0.163586 0.1)
(-0.00100093 -0.223802 0.1)
(0.0607219 0.0225725 0.1)
(0.0703013 0.024981 0.1)
(0.253128 0.0657231 0.1)
(-0.673815 -1.204 0.1)
(0.90803 -0.0329977 0.1)
(0.270941 0.327121 0.1)
(0.579647 -0.570294 0.1)
(-0.0132383 -0.144497 0.1)
(-0.106129 -0.140791 0.1)
(-0.145802 -0.203177 0.1)
(0.658307 -0.0663678 0.1)
(0.551329 -0.290648 0.1)
(1.51364 -0.615541 0.1)
(0.350096 -0.0792842 0.1)
(0.737161 -0.0598625 0.1)
(0.426879 -0.0815022 0.1)
(0.382428 -0.0937879 0.1)
(0.554661 0.0634077 0.1)
(0.563732 0.064718 0.1)
(0.603111 0.0604019 0.1)
(0.885708 -0.0368936 0.1)
(0.469453 -0.0787797 0.1)
(0.249348 -0.0741019 0.1)
(0.258829 -0.0739693 0.1)
(0.498393 -0.0766679 0.1)
(0.489644 -0.0767354 0.1)
(1.36623 0.554059 0.1)
(1.11228 0.600436 0.1)
(0.36947 -0.078838 0.1)
(0.542711 -0.0764848 0.1)
(0.857995 -0.0564453 0.1)
(13.076 -1.01274 0.1)
(0.49995 0.335227 0.1)
(0.413496 0.0702942 0.1)
(0.411016 0.0818684 0.1)
(1.84816 -4.03887 0.1)
(-0.0207032 -0.0303309 0.1)
(0.390095 -0.0820035 0.1)
(0.859878 -1.47387 0.1)
(0.0236725 0.0139519 0.1)
(0.0246623 0.0249252 0.1)
(0.0390195 0.0260369 0.1)
(-2.31169 -0.101381 0.1)
(0.229465 -0.0695392 0.1)
(0.622549 -0.0579134 0.1)
(0.634737 -0.0680809 0.1)
(0.573529 0.0735268 0.1)
(0.394971 0.0708893 0.1)
(6.53314 1.38709 0.1)
(0.816748 -0.147197 0.1)
(5.78444 3.44251 0.1)
(0.118979 -0.048451 0.1)
(4.32982 3.25202 0.1)
(0.478968 0.0786496 0.1)
(0.63281 0.0585057 0.1)
(0.629235 0.0689672 0.1)
(0.209495 -0.0666636 0.1)
(-0.0216206 -0.459268 0.1)
(-0.342158 -0.338336 0.1)
(0.148292 -0.0552851 0.1)
(0.149664 -0.0688644 0.1)
(0.1478 0.0432504 0.1)
(-0.167355 -0.0341029 0.1)
(0.139705 -0.0508953 0.1)
(0.590556 0.074536 0.1)
(0.521987 -0.351656 0.1)
(-3.50275 -2.56214 0.1)
(0.242937 -0.0828703 0.1)
(-3.50538 -1.75684 0.1)
(0.457894 -0.29727 0.1)
(-4.26795 4.26795 0.1)
(-4.26795 -4.26795 0.1)
(6.41845 -2.80932 0.1)
(3.4423 1.6893 0.1)
(0.276868 0.0691936 0.1)
(0.294734 0.0695981 0.1)
(0.299732 0.0813058 0.1)
(1.09356 0.0177516 0.1)
(0.955096 3.74572 0.1)
(0.265352 -0.566432 0.1)
(13.0424 -3.50418 0.1)
(7.33925 -2.74827 0.1)
(0.128088 0.0390205 0.1)
(0.605058 -1.17723 0.1)
(14.2679 -4.26795 0.1)
(14.2679 4.26795 0.1)
(1.20783 -0.0996519 0.1)
(-1.68359 -0.247082 0.1)
(0.0241579 2.22238 0.1)
(13.4359 2.45057 0.1)
(1.21344 -0.700156 0.1)
(0.997232 -0.0215771 0.1)
(0.189295 -0.139759 0.1)
(-2.92688 2.65188 0.1)
(0.0999079 0.0330771 0.1)
(-2.72803 -0.963233 0.1)
(4.40476 1.37856 0.1)
(0.165338 0.0486343 0.1)
(0.159796 0.0580166 0.1)
(0.183702 0.0652812 0.1)
(8.46609 2.0017 0.1)
(0.444641 -0.0681872 0.1)
(0.960872 -0.040171 0.1)
(1.54604 -0.817788 0.1)
(0.0159556 0.12246 0.1)
(0.915818 0.380603 0.1)
(0.689306 0.0656876 0.1)
(0.70265 0.0638506 0.1)
(0.701875 0.0520352 0.1)
(0.711943 0.0522848 0.1)
(0.717402 0.0647068 0.1)
(0.732184 0.0623427 0.1)
(0.745958 0.0766249 0.1)
(0.740826 0.0999756 0.1)
(0.748498 0.0610034 0.1)
(0.765492 0.0715631 0.1)
(0.740776 0.0516822 0.1)
(0.731609 0.0498507 0.1)
(0.763339 0.0973177 0.1)
(0.7877 0.0830185 0.1)
(0.783883 0.0622495 0.1)
(0.804991 0.0635097 0.1)
(0.835061 0.0664088 0.1)
(0.850181 0.0381541 0.1)
(0.867697 0.0727878 0.1)
(0.803049 0.0456964 0.1)
(0.855138 0.0560982 0.1)
(0.839425 0.0357052 0.1)
(0.831077 0.0361442 0.1)
(0.76377 0.056226 0.1)
(0.862572 0.040897 0.1)
(0.878459 0.0453081 0.1)
(0.899905 0.0265697 0.1)
(0.897435 0.0654043 0.1)
(0.890158 0.0264509 0.1)
(0.896488 0.0392102 0.1)
(0.920137 0.0497104 0.1)
(0.911336 0.0343978 0.1)
(0.935016 0.0339088 0.1)
(0.948655 0.0556505 0.1)
(0.881696 0.0307812 0.1)
(0.956427 0.0359873 0.1)
(0.963398 0.0190919 0.1)
(0.909086 0.0231771 0.1)
(0.70957 0.0781316 0.1)
(0.930366 0.0231363 0.1)
(0.72321 -0.0607308 0.1)
(0.806458 -0.0497168 0.1)
(0.837139 -0.0626914 0.1)
(0.186017 0.0538697 0.1)
(1.2127 -0.26436 0.1)
(0.0859912 -0.977917 0.1)
(0.761807 -0.0692782 0.1)
(0.039915 -0.028558 0.1)
(-0.5833 -0.555822 0.1)
(0.811242 0.03971 0.1)
(0.818697 0.0504374 0.1)
(0.885665 0.106134 0.1)
(0.503963 0.0667512 0.1)
(11.1453 3.46219 0.1)
(2.04889 -0.076068 0.1)
(0.733823 0.305061 0.1)
(0.234 0.162671 0.1)
(0.299758 -0.0778418 0.1)
(-0.029343 0.00877371 0.1)
(0.363658 0.209045 0.1)
(4.65644 -1.37429 0.1)
(0.286293 0.0779657 0.1)
(0.793333 0.0527249 0.1)
(0.783519 0.0463681 0.1)
(0.432906 0.169283 0.1)
(0.859789 0.0321911 0.1)
(2.08968 3.61786 0.1)
(0.761593 0.0459127 0.1)
(0.591187 -0.0721018 0.1)
(0.937747 0.017861 0.1)
(-0.0591406 0.35017 0.1)
(0.282825 -0.0772213 0.1)
(0.746718 0.123514 0.1)
(0.711438 0.139529 0.1)
(-4.32363 0.602052 0.1)
(0.97365 -0.0759061 0.1)
(0.407953 -0.163013 0.1)
(0.866461 -0.0395992 0.1)
(0.374604 0.0735171 0.1)
(0.9672 -0.321594 0.1)
(1.95526 -2.71637 0.1)
(-0.450082 -3.47391 0.1)
(-0.00208371 -0.0349748 0.1)
(0.009457 -0.0211909 0.1)
(0.160072 0.162072 0.1)
(1.20923 0.0495022 0.1)
(-0.0445844 0.118746 0.1)
(0.536622 -0.0906989 0.1)
(0.702957 0.179001 0.1)
(0.660033 0.186258 0.1)
(13.5331 -2.90176 0.1)
(0.0292846 -0.252763 0.1)
(0.155144 -0.122237 0.1)
(0.1262 -1.98416 0.1)
(0.835739 0.0459753 0.1)
(5.58441 -2.89024 0.1)
(0.461097 -0.0951805 0.1)
(-0.477165 -2.48048 0.1)
(0.314791 0.0678644 0.1)
(0.924737 -0.0292266 0.1)
(-0.066358 -3.02623 0.1)
(0.822284 0.115318 0.1)
(0.79543 0.47701 0.1)
(0.505297 0.124509 0.1)
(0.641914 0.0571261 0.1)
(0.609322 -0.0686153 0.1)
(1.5279 -1.05802 0.1)
(0.0953862 0.129493 0.1)
(0.708574 0.0962002 0.1)
(0.917099 0.807888 0.1)
(0.276743 0.161604 0.1)
(-0.0589231 -0.0361639 0.1)
(0.421293 0.56713 0.1)
(1.28057 -0.232915 0.1)
(0.239716 0.0722224 0.1)
(0.962832 -0.649136 0.1)
(0.316939 -0.0787056 0.1)
(0.509614 0.188909 0.1)
(0.051461 0.0334704 0.1)
(-0.81724 -1.84637 0.1)
(0.0248381 -0.0399702 0.1)
(1.95316 -0.939862 0.1)
(0.354061 0.859732 0.1)
(1.51755 -4.53618 0.1)
(0.27848 -0.107763 0.1)
(13.4895 -2.27377 0.1)
(0.0852256 -0.0521871 0.1)
(0.193014 0.1214 0.1)
(3.06253 -3.99221 0.1)
(0.161905 -0.0697376 0.1)
(-1.53417 3.64558 0.1)
(0.801367 -0.309178 0.1)
(0.471559 -0.344009 0.1)
(2.97652 -1.38013 0.1)
(-0.18695 0.0125105 0.1)
(0.119156 0.0358114 0.1)
(-0.0743275 -0.245539 0.1)
(0.0419325 0.0165186 0.1)
(0.0207456 0.656343 0.1)
(-0.0330097 -0.184777 0.1)
(1.21973 0.414412 0.1)
(-0.93648 -4.00029 0.1)
(0.367339 0.0833666 0.1)
(0.00802507 -0.0496799 0.1)
(-0.405699 0.168535 0.1)
(1.09029 0.167057 0.1)
(0.409807 0.098996 0.1)
(0.460644 -1.662 0.1)
(11.9947 3.62849 0.1)
(-4.21531 -0.0166346 0.1)
(0.0241926 0.162548 0.1)
)


// ************************************************************************* //
