/*--------------------------------*- C++ -*----------------------------------*\
  =========                 |
  \\      /  F ield         | OpenFOAM: The Open Source CFD Toolbox
   \\    /   O peration     | Website:  https://openfoam.org
    \\  /    A nd           | Version:  10
     \\/     M anipulation  |
\*---------------------------------------------------------------------------*/
FoamFile
{
    format      ascii;
    class       volScalarField;
    location    "235";
    object      nuTilda;
}
// * * * * * * * * * * * * * * * * * * * * * * * * * * * * * * * * * * * * * //

dimensions      [0 2 -1 0 0 0 0];

internalField   nonuniform List<scalar> 
3042
(
0.00878363
0.144512
0.0762159
0.0235312
0.0340406
0.134885
0.151142
0.00777643
0.00976562
0.00987806
0.0644087
0.143572
0.144751
0.0414975
0.0316515
0.00609009
0.139524
0.00961477
0.141112
0.144357
0.00781186
0.14823
0.0491628
0.0312677
0.00611158
0.140705
0.00614468
0.0059482
0.035277
0.0137613
0.00872005
0.0907908
0.12478
0.038252
0.0408599
0.120428
0.0395383
0.0246391
0.0062827
0.0072492
0.0124879
0.00889498
0.0552776
0.0392525
0.0216735
0.101311
0.0387611
0.140855
0.056133
0.14063
0.0228955
0.00396979
0.157531
0.0618334
0.144449
0.111342
0.149182
0.166973
0.145138
0.155849
0.00653912
0.0998758
0.0197015
0.15326
0.142062
0.0674909
0.0978219
0.0292743
0.089286
0.0663911
0.14013
0.00964058
0.0089265
0.0824532
0.088353
0.145789
0.00660587
0.132378
0.0111971
0.0377728
0.145035
0.0751586
0.0582705
0.0128958
0.107521
0.0306002
0.156518
0.140504
0.00917056
0.140797
0.148001
0.0406378
0.0724888
0.077445
0.140323
0.127608
0.0081823
0.0572486
0.0120306
0.0198171
0.0169661
0.0111636
0.140532
0.0790743
0.0649438
0.0684549
0.00646991
0.089696
0.130543
0.0818129
0.147021
0.0766206
0.0129074
0.0528558
0.150869
0.00751879
0.0791294
0.042331
0.0173793
0.0361687
0.0117733
0.107238
0.140962
0.0896139
0.113486
0.137868
0.119987
0.146563
0.005992
0.143255
0.00812958
0.012555
0.0440873
0.15378
0.130217
0.0475516
0.0318656
0.141376
0.018211
0.115319
0.107144
0.160668
0.132304
0.117605
0.13721
0.0496754
0.109974
0.0117875
0.0923892
0.142393
0.0153887
0.138969
0.14168
0.0687486
0.127432
0.132016
0.140807
0.0920319
0.151069
0.0334794
0.0329183
0.0727098
0.162153
0.0726417
0.00459858
0.145247
0.149899
0.0352617
0.0825165
0.139473
0.0288192
0.14155
0.132739
0.143544
0.0309209
0.0772287
0.0433135
0.142864
0.00703155
0.120561
0.0247254
0.12741
0.146919
0.00654213
0.0510153
0.0367973
0.0663493
0.142581
0.14167
0.0540914
0.0440955
0.0100179
0.0274924
0.0415464
0.157597
0.0185742
0.023169
0.0885442
0.00686495
0.160286
0.0184731
0.0694338
0.0142882
0.0154789
0.13241
0.0113195
0.0370819
0.105133
0.0832292
0.00583521
0.0428427
0.145191
0.129434
0.0293036
0.0211826
0.151008
0.0253323
0.163537
0.14038
0.0142623
0.127507
0.125131
0.126502
0.132162
0.144589
0.0911765
0.146051
0.0134102
0.0154624
0.0993262
0.125971
0.136543
0.0935507
0.140637
0.148859
0.0123796
0.122086
0.0106645
0.020512
0.073392
0.145328
0.14369
0.148076
0.00671237
0.0073902
0.143745
0.118783
0.0644801
0.00825164
0.0711664
0.158004
0.00774907
0.0209243
0.14278
0.0349116
0.0136076
0.00931227
0.0093157
0.00418662
0.0957037
0.00441411
0.0320177
0.00629675
0.118901
0.122187
0.035199
0.127633
0.0118688
0.0135342
0.120716
0.0353723
0.152094
0.16401
0.140602
0.0747167
0.104449
0.0789636
0.137065
0.016839
0.0696585
0.108196
0.143294
0.151577
0.113939
0.015632
0.0754236
0.0353107
0.0207564
0.0673997
0.00637975
0.00601633
0.0232748
0.142592
0.0263422
0.0529213
0.140617
0.0113285
0.0194478
0.135768
0.118625
0.0152463
0.175878
0.141072
0.0184477
0.0434417
0.121225
0.0529827
0.049241
0.0663457
0.0142027
0.140575
0.140963
0.136761
0.140542
0.0377353
0.0498496
0.126074
0.14095
0.128524
0.0802419
0.139267
0.145538
0.148142
0.113699
0.0615489
0.0171065
0.14045
0.00606141
0.0153039
0.0506929
0.00995223
0.0392121
0.0625394
0.0935549
0.10336
0.00777975
0.112888
0.0128904
0.0350818
0.141426
0.129809
0.0664112
0.0759921
0.133345
0.131222
0.0744598
0.141236
0.0471016
0.148392
0.0708085
0.0585301
0.0692942
0.0197814
0.00891598
0.120179
0.076682
0.00831454
0.11375
0.053013
0.120414
0.078768
0.149903
0.00999947
0.0874917
0.111861
0.127291
0.0075086
0.0542758
0.137995
0.118545
0.0127975
0.0988301
0.0608767
0.0994916
0.00718292
0.130911
0.135369
0.123038
0.0241175
0.137074
0.139551
0.0553741
0.145614
0.0553158
0.0956362
0.148019
0.126177
0.142145
0.128357
0.0213095
0.0142757
0.0748274
0.132679
0.0049819
0.151645
0.0229069
0.0208403
0.00853093
0.0644684
0.144361
0.095506
0.0411801
0.0077309
0.0148666
0.00655276
0.0602026
0.0687936
0.0597835
0.00821656
0.144038
0.00928843
0.124947
0.0571077
0.00586938
0.00782643
0.0357328
0.143513
0.086956
0.154783
0.00784034
0.0109017
0.141874
0.140306
0.00638189
0.0109518
0.0193769
0.0104676
0.0983131
0.15892
0.0726608
0.131324
0.0490634
0.12912
0.138485
0.0467171
0.0134701
0.00925425
0.146785
0.027969
0.116608
0.0932615
0.0190061
0.137366
0.0574995
0.0211478
0.0105674
0.0650883
0.169656
0.11908
0.115246
0.0868925
0.1442
0.0265789
0.0215912
0.0166852
0.0211164
0.0173397
0.113287
0.0383431
0.117269
0.128635
0.0506785
0.106817
0.0136933
0.125586
0.00965799
0.161718
0.112376
0.13205
0.14268
0.00580721
0.00783774
0.101826
0.0161809
0.00628502
0.109683
0.128445
0.0127553
0.0661584
0.154887
0.14089
0.0121328
0.0198307
0.00632534
0.00911044
0.0127025
0.0520971
0.0253512
0.00985262
0.0315847
0.10995
0.00593362
0.0096789
0.0135558
0.139835
0.14203
0.0995458
0.10224
0.00623579
0.141787
0.0722895
0.137767
0.118655
0.16226
0.102821
0.0413151
0.140917
0.130175
0.00795476
0.134848
0.00619613
0.00936599
0.0131376
0.155945
0.00705615
0.016536
0.0611874
0.149978
0.145784
0.134887
0.079044
0.0179364
0.0626539
0.136171
0.0106908
0.124788
0.151502
0.093186
0.0164144
0.0460301
0.00418715
0.14469
0.00614611
0.016515
0.0464593
0.0258595
0.12943
0.142606
0.0179036
0.00680891
0.0461042
0.0047715
0.120908
0.0122992
0.141101
0.00726074
0.0158671
0.144035
0.0998931
0.00880452
0.143573
0.0192371
0.0119801
0.141502
0.138479
0.11739
0.0185432
0.15433
0.0991942
0.1431
0.13616
0.0160992
0.0163619
0.141086
0.162163
0.0968219
0.00792445
0.00711383
0.13837
0.00935644
0.0308459
0.0514595
0.147807
0.0344221
0.0397033
0.12929
0.0204603
0.0160115
0.121719
0.0184492
0.0740541
0.0819116
0.119282
0.0825248
0.0127839
0.0580104
0.0319672
0.0227202
0.0158324
0.0158855
0.0344128
0.125675
0.0442474
0.014716
0.133355
0.145035
0.126116
0.108718
0.0645345
0.0264168
0.0327439
0.0070785
0.00499091
0.0312156
0.0602683
0.102188
0.0238538
0.0917051
0.10031
0.0495705
0.00766786
0.00780454
0.00771235
0.14545
0.0195557
0.0464274
0.148801
0.0251861
0.111863
0.0576345
0.149647
0.146586
0.0217656
0.00647708
0.02762
0.0795674
0.140158
0.144652
0.14661
0.140185
0.148253
0.153194
0.0110244
0.141685
0.14522
0.139949
0.14628
0.0119459
0.0455856
0.148393
0.0540728
0.102957
0.019151
0.14337
0.0241608
0.11031
0.0124517
0.0113352
0.135249
0.150258
0.117216
0.163752
0.124314
0.0670794
0.157136
0.161977
0.138089
0.0222953
0.13157
0.0882161
0.0136394
0.121117
0.00623316
0.163349
0.0571941
0.159027
0.13487
0.173625
0.0203732
0.0421295
0.0273671
0.135056
0.146829
0.111779
0.0302009
0.135827
0.147463
0.0170182
0.0628611
0.018301
0.0497906
0.00650003
0.150422
0.142393
0.0600355
0.0115253
0.144805
0.00823735
0.122625
0.142526
0.0448902
0.155121
0.148245
0.130556
0.0879124
0.0257772
0.16669
0.0539923
0.010215
0.0842819
0.140969
0.112803
0.0155128
0.0957501
0.0546863
0.0468099
0.155173
0.0535934
0.0233008
0.107509
0.029381
0.12935
0.0539937
0.141933
0.139504
0.142404
0.142872
0.0114638
0.140902
0.00831821
0.00447139
0.141726
0.0712694
0.0846265
0.00638796
0.139134
0.153821
0.141
0.114125
0.0797363
0.131809
0.0106087
0.01158
0.0597474
0.0280391
0.155324
0.0444001
0.0307466
0.0116334
0.0154544
0.0453236
0.0676658
0.00732689
0.15864
0.15275
0.164536
0.0760028
0.146832
0.00903395
0.131364
0.0090057
0.151846
0.049049
0.0277785
0.0162381
0.0090818
0.14256
0.134227
0.00656711
0.0738524
0.00833687
0.0451443
0.142858
0.113621
0.00838329
0.042973
0.159202
0.14164
0.145533
0.0225573
0.142228
0.148376
0.143832
0.039703
0.153854
0.00962548
0.120148
0.0887505
0.0589682
0.14894
0.0441242
0.0711249
0.133989
0.144257
0.140587
0.14169
0.0150593
0.142684
0.00979374
0.131787
0.138818
0.0941843
0.160302
0.148796
0.00902396
0.142085
0.14762
0.00918691
0.00572824
0.141916
0.132608
0.143816
0.0691769
0.133425
0.15778
0.151266
0.045707
0.137755
0.175211
0.148686
0.00635157
0.00911571
0.133842
0.0866683
0.0109407
0.00875576
0.0823997
0.0725788
0.0360588
0.0247872
0.00885833
0.0142129
0.169091
0.00815758
0.0677993
0.14225
0.0215323
0.108294
0.00929322
0.00706568
0.151123
0.0410659
0.0326908
0.153693
0.140211
0.110397
0.140282
0.0339819
0.0438191
0.0105665
0.11514
0.142294
0.0624023
0.00890524
0.0724995
0.0110514
0.115006
0.0298275
0.0655838
0.138919
0.0237226
0.04579
0.14297
0.149737
0.00952956
0.140301
0.132806
0.141736
0.0493513
0.144694
0.00608016
0.0220684
0.173354
0.13837
0.142297
0.083263
0.00909909
0.00937085
0.143413
0.14304
0.0102301
0.0155281
0.103522
0.141933
0.00862975
0.0180119
0.147564
0.13496
0.00665299
0.0498611
0.0784743
0.0127237
0.00956734
0.142166
0.00653048
0.113824
0.0728223
0.00741451
0.0199763
0.00605817
0.00808386
0.0368844
0.141949
0.0584836
0.010345
0.0631972
0.141238
0.0838277
0.0998343
0.0118803
0.141123
0.144915
0.156329
0.121881
0.14483
0.0618191
0.139523
0.0530113
0.0623232
0.0536006
0.141212
0.0217538
0.150665
0.113936
0.131079
0.0188222
0.0501898
0.00599721
0.141636
0.16082
0.00769325
0.00635795
0.0174518
0.162926
0.106583
0.00890074
0.00610029
0.00613885
0.0514824
0.149306
0.00918558
0.0171328
0.0621393
0.156731
0.165388
0.0207994
0.128426
0.0454284
0.0177942
0.0968156
0.057471
0.156369
0.0453072
0.0343428
0.156135
0.0109898
0.159259
0.163646
0.0435122
0.029821
0.143026
0.0467919
0.0506521
0.0116958
0.130032
0.141123
0.0679144
0.152524
0.121615
0.0299065
0.0200122
0.00872935
0.0522575
0.111776
0.0704955
0.00849072
0.0937461
0.00943944
0.0223773
0.0173484
0.134815
0.096582
0.117873
0.140454
0.140479
0.106885
0.0287517
0.00705382
0.165227
0.0194301
0.0598263
0.140826
0.138408
0.00640431
0.132896
0.0101144
0.141737
0.0084348
0.00734637
0.00827692
0.0230492
0.0337736
0.0984096
0.103756
0.012927
0.150342
0.0237082
0.0578866
0.121132
0.0177142
0.00581706
0.00670215
0.132375
0.141388
0.153146
0.141468
0.149889
0.144154
0.141547
0.114322
0.0245821
0.146329
0.108309
0.0272609
0.152785
0.0146311
0.0477531
0.00619457
0.142371
0.0104227
0.148617
0.145163
0.00555563
0.00671662
0.134256
0.105125
0.0351722
0.00699955
0.125831
0.162307
0.0141391
0.130439
0.140262
0.176732
0.0913944
0.0122028
0.123018
0.0982769
0.00703262
0.0128321
0.0137304
0.0415177
0.0370133
0.00748188
0.141272
0.0198732
0.141457
0.154728
0.170467
0.168975
0.106731
0.167604
0.163994
0.160828
0.156412
0.15823
0.157294
0.158211
0.158931
0.18238
0.164886
0.144694
0.17317
0.155192
0.0087059
0.0368673
0.0600222
0.181503
0.117041
0.153253
0.0269074
0.14013
0.123447
0.15253
0.141881
0.0582126
0.142048
0.143964
0.132197
0.0121152
0.0328733
0.141061
0.142127
0.115235
0.0225932
0.0339733
0.0041682
0.125355
0.16054
0.162283
0.157798
0.0300568
0.0172264
0.143254
0.154745
0.0942836
0.140126
0.136306
0.126855
0.13315
0.139796
0.133765
0.176726
0.0074927
0.13622
0.00391746
0.145027
0.00900994
0.140881
0.121435
0.026883
0.151532
0.0298632
0.125352
0.0896649
0.146429
0.154884
0.144897
0.161836
0.132914
0.125839
0.144975
0.141881
0.15265
0.14872
0.152583
0.00951182
0.0132255
0.138752
0.137557
0.157056
0.0267625
0.0380425
0.141389
0.109387
0.145761
0.131932
0.136336
0.138271
0.124137
0.150743
0.0200793
0.0853002
0.0240348
0.117433
0.00775806
0.122495
0.00658544
0.0951962
0.131191
0.0137847
0.14184
0.0272196
0.0854123
0.114091
0.140515
0.100672
0.0780076
0.141467
0.114424
0.158159
0.150729
0.0970495
0.139539
0.0131999
0.105791
0.0904736
0.155701
0.143665
0.00677007
0.154544
0.0952885
0.155647
0.109116
0.152505
0.0660875
0.119149
0.00753457
0.0921947
0.157007
0.00464934
0.0909431
0.00639236
0.00835681
0.119522
0.0180134
0.0584017
0.124279
0.00858019
0.149149
0.116328
0.0955158
0.116446
0.0156484
0.10375
0.0214967
0.142471
0.168972
0.167199
0.0114269
0.0058754
0.0755207
0.142195
0.0943038
0.147398
0.14075
0.108754
0.119807
0.132293
0.105947
0.142158
0.113773
0.170163
0.166397
0.145923
0.0176504
0.149766
0.10551
0.0200671
0.00850472
0.154891
0.141559
0.0263789
0.138288
0.0973086
0.125835
0.0402041
0.0866293
0.115835
0.144252
0.10102
0.0297944
0.0383201
0.130199
0.102373
0.00751101
0.131908
0.142979
0.0101995
0.140066
0.114602
0.115133
0.150232
0.0963458
0.0244063
0.0266903
0.0121857
0.136317
0.155377
0.140539
0.0970129
0.143603
0.140951
0.151194
0.082456
0.10407
0.122858
0.129375
0.151881
0.0215033
0.11413
0.0826078
0.0130588
0.0791896
0.0569346
0.141938
0.0505551
0.103805
0.00857602
0.136699
0.146261
0.116194
0.152013
0.0773272
0.00872424
0.133596
0.105687
0.123682
0.0117362
0.109016
0.00795917
0.0785906
0.0320704
0.00938914
0.151497
0.1114
0.152941
0.0742009
0.116376
0.0987805
0.150579
0.0080575
0.15208
0.134723
0.0192278
0.0203669
0.156109
0.139791
0.155051
0.0164402
0.00894265
0.147076
0.0834763
0.108817
0.0174827
0.00750041
0.146366
0.0614576
0.101745
0.0728131
0.0192063
0.0348807
0.0894705
0.140758
0.00766451
0.151871
0.140291
0.155295
0.146684
0.147687
0.0899871
0.141502
0.102982
0.140584
0.0261832
0.146767
0.148597
0.0713193
0.0093442
0.132703
0.010363
0.00734837
0.153324
0.054338
0.143155
0.052276
0.165827
0.125904
0.0991591
0.0129153
0.0103925
0.0961415
0.143891
0.148036
0.0286046
0.0680429
0.165803
0.111816
0.147646
0.144809
0.145692
0.0629311
0.172048
0.164336
0.147324
0.143349
0.00815416
0.11313
0.146105
0.153055
0.105008
0.0368216
0.062861
0.0832477
0.0455445
0.00627003
0.0853683
0.106316
0.00795636
0.160364
0.0117881
0.144819
0.157212
0.0336122
0.139401
0.147989
0.0130307
0.0254137
0.140511
0.0793684
0.101857
0.0846313
0.0588981
0.0654231
0.140275
0.130402
0.141648
0.141258
0.0768933
0.135507
0.152449
0.0101858
0.150016
0.148416
0.14155
0.145898
0.123458
0.0689394
0.00659503
0.14215
0.142274
0.140965
0.106415
0.0125113
0.171895
0.0278481
0.0862553
0.0883213
0.0114923
0.146675
0.124635
0.12109
0.150269
0.148729
0.0743882
0.0153358
0.00692288
0.102784
0.101293
0.0365965
0.141701
0.109069
0.0150811
0.00616198
0.171183
0.160466
0.143171
0.141846
0.152575
0.0261236
0.104584
0.0082689
0.118546
0.00688524
0.143443
0.00838382
0.127832
0.0655735
0.0661769
0.0669806
0.105654
0.130133
0.0241022
0.135118
0.144464
0.00797666
0.149359
0.00924988
0.119047
0.0895894
0.0788711
0.0819012
0.145178
0.141379
0.141902
0.142867
0.130739
0.0525695
0.137654
0.140782
0.141884
0.140779
0.141807
0.011943
0.0453122
0.1283
0.00898972
0.0157071
0.0281901
0.092422
0.0940668
0.0080141
0.142501
0.146055
0.00681762
0.141024
0.14227
0.142777
0.0755176
0.145292
0.0820366
0.17597
0.160393
0.158492
0.171321
0.13484
0.142199
0.178951
0.155105
0.011976
0.145763
0.0187378
0.0233133
0.00795445
0.141594
0.105902
0.143751
0.139291
0.149104
0.133049
0.14915
0.141619
0.126874
0.0294837
0.143788
0.141176
0.155656
0.142223
0.156262
0.14116
0.14488
0.0562031
0.00992683
0.141291
0.141161
0.0818958
0.059052
0.0776819
0.0833619
0.144282
0.0240654
0.150311
0.146226
0.0544676
0.130571
0.0570564
0.00617819
0.145936
0.143933
0.145629
0.0145603
0.0271509
0.077676
0.140716
0.100573
0.0038929
0.124627
0.141588
0.0280241
0.0042031
0.0106274
0.0874252
0.109113
0.152591
0.00386146
0.00378454
0.14227
0.00990643
0.0220628
0.144626
0.0126508
0.00413236
0.00433457
0.0427387
0.00370274
0.125551
0.00777669
0.00481167
0.00468089
0.0172726
0.00403201
0.00705163
0.0546865
0.0211584
0.130323
0.00401651
0.00425571
0.149474
0.00356498
0.144398
0.00443847
0.145098
0.0356255
0.0039911
0.00420486
0.0772074
0.00352108
0.00599626
0.116353
0.024403
0.10575
0.00421143
0.00437681
0.121665
0.00443897
0.0102723
0.00418809
0.10794
0.0973521
0.136586
0.0305244
0.0326807
0.00405375
0.141737
0.0708625
0.00440097
0.00471295
0.00449507
0.00418125
0.00394386
0.00420233
0.00419298
0.00402938
0.00454336
0.00470753
0.117713
0.00418528
0.00393896
0.00418995
0.00423702
0.00377554
0.00442471
0.140313
0.00450851
0.00720915
0.00441685
0.102927
0.129877
0.00409086
0.00468598
0.00409534
0.00416346
0.142704
0.00449064
0.00402107
0.043706
0.046349
0.00392432
0.00467204
0.00446415
0.00442915
0.106959
0.00977455
0.142494
0.00464506
0.0230381
0.0641119
0.0320296
0.0943335
0.144078
0.00446269
0.022314
0.152882
0.0344424
0.00410458
0.00431341
0.00371615
0.0794457
0.0322629
0.00388754
0.0342001
0.154973
0.0046349
0.0773785
0.0597446
0.0309966
0.0584976
0.143364
0.127921
0.145624
0.0866892
0.00376513
0.14636
0.0923051
0.141302
0.00706234
0.00469114
0.00382688
0.142924
0.0532846
0.00454708
0.142374
0.142411
0.00622918
0.0033353
0.0129134
0.131751
0.0329671
0.135608
0.0797746
0.0417193
0.0892317
0.00501718
0.0108198
0.0842608
0.00332559
0.141377
0.13589
0.0222429
0.100108
0.00369708
0.148768
0.00449726
0.00360445
0.0461059
0.140777
0.00473743
0.00393762
0.0149334
0.158045
0.142827
0.141612
0.011194
0.00388669
0.143293
0.167609
0.123895
0.137873
0.014928
0.0193157
0.00865324
0.12726
0.151311
0.100473
0.00455832
0.00354373
0.0045269
0.00757318
0.0339126
0.0355224
0.032824
0.141661
0.00391798
0.143676
0.00429844
0.14145
0.00405796
0.00467981
0.00374291
0.00455481
0.141606
0.00448321
0.00763042
0.128107
0.0723816
0.00451181
0.0111386
0.00959468
0.142009
0.00359325
0.140941
0.00433504
0.00441047
0.00363259
0.033323
0.00339416
0.14271
0.00390688
0.0157056
0.140591
0.0342667
0.00410702
0.0101419
0.0734479
0.158496
0.00342064
0.00584288
0.00658629
0.0345335
0.00448586
0.102419
0.0514432
0.015169
0.139178
0.0916253
0.126112
0.160064
0.0124337
0.00931932
0.00824652
0.0222365
0.0971944
0.00877292
0.00386249
0.012004
0.00312424
0.101656
0.146536
0.139488
0.12568
0.108761
0.0224789
0.139544
0.114769
0.0758147
0.0641624
0.144927
0.0250861
0.141695
0.143009
0.141682
0.143581
0.142827
0.0479551
0.00370367
0.141398
0.00651133
0.0375771
0.151648
0.0115505
0.137163
0.00419129
0.136566
0.141633
0.0126721
0.144168
0.0639177
0.00613964
0.141516
0.00701373
0.052523
0.121415
0.0551847
0.023105
0.142222
0.142594
0.141468
0.00760628
0.143483
0.142719
0.125244
0.12414
0.0642864
0.143832
0.129457
0.141793
0.00997879
0.154392
0.144503
0.141785
0.131682
0.137589
0.00380912
0.141618
0.0190557
0.140611
0.004757
0.0103167
0.145446
0.148586
0.00425879
0.0436986
0.143947
0.0818142
0.142265
0.0153264
0.0222518
0.143297
0.152438
0.141974
0.00347087
0.142236
0.0161461
0.0296506
0.141584
0.00423154
0.141731
0.0316587
0.0173238
0.129024
0.114865
0.142765
0.0111111
0.171695
0.155459
0.10562
0.0205046
0.0229479
0.0309676
0.139189
0.137579
0.0226138
0.00432798
0.00585486
0.00675013
0.00995796
0.0550357
0.0583476
0.147522
0.0119711
0.0452514
0.131944
0.004252
0.0381823
0.144986
0.141799
0.0233289
0.142643
0.133487
0.109617
0.142033
0.0865234
0.0297875
0.0667093
0.146033
0.0170208
0.14466
0.00561082
0.150378
0.0909631
0.00368615
0.142047
0.0149596
0.00607624
0.15181
0.0170974
0.00997787
0.124261
0.0460925
0.14528
0.00456141
0.120109
0.144497
0.110741
0.0291902
0.14583
0.00892882
0.106334
0.0376064
0.141952
0.15859
0.141928
0.141466
0.143222
0.102043
0.0107864
0.135986
0.0338929
0.0458738
0.118562
0.0298855
0.143247
0.00453525
0.136985
0.0158571
0.0566211
0.0039949
0.1546
0.143152
0.156061
0.142946
0.126687
0.0467811
0.0908168
0.0340647
0.154643
0.0520251
0.142635
0.141705
0.0380687
0.0830502
0.111387
0.092003
0.01121
0.144319
0.031072
0.0337857
0.00409508
0.0301083
0.00661685
0.00724249
0.0827238
0.1099
0.141866
0.0343255
0.141499
0.141885
0.14251
0.0078184
0.0851636
0.0927549
0.14053
0.0640748
0.100354
0.142846
0.136392
0.103281
0.0902719
0.00651229
0.116671
0.00736128
0.0374807
0.00878127
0.0161943
0.0337966
0.00598747
0.00721311
0.0759364
0.142815
0.030977
0.00431297
0.0160679
0.00375512
0.146388
0.140034
0.0150785
0.0322387
0.0221413
0.0105729
0.114863
0.00349538
0.00396944
0.0046747
0.0794708
0.122466
0.013415
0.139051
0.0358686
0.0187912
0.0727547
0.00872462
0.142983
0.00546125
0.140167
0.148426
0.13743
0.00401476
0.00483137
0.161431
0.00435635
0.00535189
0.160616
0.141773
0.0594768
0.00427106
0.00398817
0.137754
0.00426481
0.0125742
0.00402865
0.00462377
0.0421592
0.00946072
0.126505
0.00478007
0.0488914
0.0306798
0.0403626
0.144481
0.00622811
0.00774037
0.00490778
0.143735
0.00520519
0.00405708
0.00466996
0.00549929
0.100833
0.0155558
0.00398724
0.142547
0.151838
0.0101649
0.0141527
0.00497241
0.0598243
0.0269037
0.0154791
0.0358465
0.141409
0.00507082
0.104072
0.140838
0.0064966
0.154344
0.00482225
0.150872
0.00571596
0.00589736
0.00603006
0.0818927
0.00633859
0.111883
0.00536291
0.0108575
0.00572321
0.00430919
0.0919702
0.0188576
0.0236129
0.137153
0.116355
0.137999
0.011711
0.00486608
0.00566983
0.159915
0.159599
0.145277
0.00725247
0.0184559
0.142941
0.0054853
0.00597634
0.00605525
0.115526
0.00543924
0.00550671
0.14168
0.00587964
0.00584661
0.040558
0.00574527
0.0056853
0.00555559
0.00399732
0.00569098
0.00591579
0.00573277
0.00602003
0.0063862
0.00550944
0.142136
0.00596769
0.00555371
0.152089
0.00546128
0.00613104
0.00566945
0.00598025
0.143511
0.00610993
0.11067
0.00617481
0.00545312
0.00645493
0.00561637
0.0543098
0.00579044
0.127295
0.00610289
0.0059825
0.0092133
0.00616235
0.00402932
0.00619515
0.00578327
0.0510631
0.00517962
0.00605259
0.00650719
0.00548872
0.0325319
0.141607
0.141684
0.00616756
0.0107585
0.00588069
0.00398772
0.00578337
0.0294573
0.00528095
0.064304
0.0510705
0.121927
0.0179448
0.00559895
0.0108892
0.14093
0.140944
0.0474676
0.00609818
0.00541319
0.0137513
0.00907872
0.00637139
0.141285
0.0139003
0.0220408
0.0354323
0.00513474
0.0055053
0.173407
0.164315
0.00511555
0.00331218
0.00635094
0.136268
0.00640776
0.00305972
0.144575
0.0106535
0.0578289
0.0642477
0.0842937
0.0165183
0.0945366
0.0940379
0.00529574
0.14328
0.015966
0.00885989
0.0111765
0.140282
0.0152493
0.0373293
0.00497326
0.164723
0.153596
0.0113592
0.11272
0.128093
0.159915
0.135038
0.120821
0.140573
0.0051427
0.141933
0.00482369
0.0079531
0.101214
0.0126424
0.138714
0.110118
0.00499487
0.0292331
0.0661471
0.0692047
0.126179
0.00495215
0.0566012
0.00890186
0.00626405
0.0911398
0.0061893
0.00367395
0.0309678
0.0259917
0.00641166
0.00636872
0.151975
0.03964
0.00422877
0.0127386
0.00793145
0.141736
0.13929
0.0708915
0.15819
0.106101
0.134277
0.00608563
0.00489707
0.00356875
0.00548866
0.00589035
0.00630552
0.00525602
0.00577394
0.00528109
0.072707
0.0284001
0.00504204
0.0206169
0.00700049
0.00631647
0.00628304
0.00631741
0.145477
0.00593403
0.1469
0.0429158
0.00631658
0.159491
0.18397
0.0106407
0.0249223
0.00456021
0.00623002
0.142314
0.00991872
0.00624404
0.14162
0.00627606
0.122741
0.143332
0.0121068
0.00560068
0.108355
0.00665738
0.00517653
0.157574
0.00615568
0.0331119
0.00609413
0.12368
0.00573512
0.0249207
0.0055287
0.00509677
0.00589347
0.00497906
0.0985904
0.0158949
0.144217
0.00542004
0.00597082
0.159967
0.0057951
0.117959
0.0190105
0.128786
0.00587767
0.00646542
0.136254
0.014815
0.0510844
0.152537
0.141522
0.00389568
0.13528
0.0244255
0.0775399
0.0383602
0.119195
0.0146893
0.0430154
0.00538393
0.143406
0.141936
0.114666
0.00336933
0.141483
0.118062
0.136978
0.0080229
0.00597643
0.00353378
0.096389
0.140485
0.00724784
0.0058503
0.00508393
0.0852355
0.00748937
0.00415393
0.136755
0.00528612
0.0317935
0.140546
0.0113106
0.0407197
0.0327266
0.0315375
0.0966394
0.00738636
0.0069097
0.0804555
0.00445499
0.143138
0.148426
0.171714
0.104536
0.00522407
0.00659448
0.00531714
0.00528793
0.157718
0.105691
0.00879091
0.0493084
0.136707
0.00402519
0.00330625
0.119284
0.115981
0.00570683
0.132874
0.00626608
0.00601779
0.0338805
0.0812485
0.00405957
0.146697
0.00618278
0.00402521
0.00519683
0.00432842
0.0502221
0.041114
0.141608
0.00805313
0.00620808
0.00890991
0.0318346
0.0498837
0.00763489
0.162074
0.141965
0.00634027
0.00495508
0.0095239
0.0083908
0.146871
0.0317896
0.0302904
0.0105354
0.00366738
0.0054117
0.00406848
0.0111631
0.139755
0.00561018
0.138952
0.00348981
0.00709839
0.141355
0.141863
0.00764412
0.158403
0.019151
0.00459346
0.00808367
0.0379588
0.181114
0.163328
0.0328235
0.0768552
0.0422524
0.142755
0.129109
0.0271236
0.00836034
0.0648963
0.139829
0.0275596
0.00942303
0.00351289
0.132418
0.00902345
0.141614
0.0473048
0.153987
0.141578
0.136458
0.14181
0.0110323
0.14851
0.00913909
0.00536909
0.0199631
0.0870998
0.149023
0.00768016
0.0189124
0.00976393
0.125515
0.00522703
0.00838624
0.00399047
0.14126
0.0065123
0.142317
0.10312
0.0115557
0.133358
0.00465722
0.0102397
0.00802433
0.15014
0.00941921
0.00518091
0.00755916
0.0975792
0.0750463
0.00484634
0.00663507
0.0190306
0.0262172
0.141539
0.010735
0.109795
0.00686822
0.0343663
0.0038924
0.122111
0.0715729
0.141526
0.00847713
0.0280448
0.00581563
0.00950464
0.0335994
0.00991207
0.0628495
0.118505
0.143341
0.0500222
0.0380914
0.142523
0.00655409
0.011903
0.021459
0.00759396
0.145902
0.141944
0.00543541
0.179484
0.123643
0.142803
0.00485012
0.00413357
0.00781538
0.107473
0.12074
0.00435404
0.106634
0.0175148
0.0717002
0.02586
0.142169
0.142277
0.124049
0.139297
0.00922361
0.0559634
0.0910654
0.156839
0.00804738
0.00813577
0.141595
0.0131986
0.00387626
0.136206
0.0141523
0.0571412
0.0215523
0.00637352
0.047361
0.138068
0.00644909
0.112142
0.142078
0.0647265
0.143703
0.141836
0.0390315
0.088112
0.119894
0.0738747
0.00733339
0.0343583
0.114457
0.0853314
0.0562836
0.00353433
0.00615247
0.15256
0.0251022
0.106465
0.0372896
0.00726592
0.142931
0.00600977
0.0923994
0.138132
0.00886415
0.143614
0.0116303
0.0542157
0.144931
0.0391924
0.00625352
0.102397
0.137677
0.00370747
0.0362449
0.00527399
0.0932395
0.00735886
0.0430731
0.0527888
0.15771
0.029288
0.0836578
0.00820859
0.0107156
0.0177526
0.141533
0.00430532
0.142657
0.0804966
0.141594
0.0259198
0.0976852
0.0504518
0.141467
0.161833
0.0445524
0.0171255
0.00965653
0.0817524
0.0329896
0.0312125
0.142943
0.0571921
0.0957807
0.00803648
0.048447
0.0797811
0.0278674
0.0970384
0.0136761
0.0111691
0.0143681
0.0952309
0.128511
0.0265025
0.00633234
0.00420314
0.142638
0.0307819
0.0196011
0.0227354
0.0206557
0.00748465
0.00386508
0.140112
0.0155067
0.00479171
0.128049
0.0134631
0.11208
0.00568339
0.0437286
0.0146859
0.0425526
0.0244895
0.00843526
0.020159
0.00645136
0.122803
0.0108379
0.116108
0.0174651
0.0139047
0.142199
0.00923727
0.0104663
0.14158
0.0960706
0.127853
0.0793343
0.139165
0.14767
0.0365425
0.0061968
0.00692423
0.00757055
0.0159757
0.141641
0.00605481
0.00828485
0.077218
0.0147094
0.142936
0.0361483
0.0898896
0.0111516
0.00522339
0.0130739
0.0930417
0.0180657
0.0450579
0.00298999
0.00629822
0.0060912
0.0769933
0.0151266
0.0349299
0.00781739
0.146687
0.144104
0.0057685
0.128165
0.00606938
0.0316558
0.00658942
0.00634887
0.00573154
0.0073612
0.0410466
0.00580596
0.105717
0.0422657
0.126164
0.00658716
0.00615696
0.00592603
0.0057177
0.137379
0.0944419
0.0150503
0.138413
0.0846665
0.00707193
0.0811065
0.123297
0.0217956
0.0083958
0.107922
0.0293334
0.0109294
0.0274696
0.133822
0.0452315
0.0161825
0.00594004
0.0614093
0.0349228
0.00576734
0.00700216
0.00640379
0.144466
0.00927473
0.0735041
0.00672796
0.0593083
0.0104239
0.083613
0.00412733
0.00808187
0.00740793
0.138915
0.00618367
0.0100764
0.00860804
0.141427
0.108901
0.143971
0.00795441
0.115809
0.085738
0.0544084
0.00602845
0.0074224
0.120617
0.0175092
0.00514968
0.133459
0.00594533
0.0639955
0.010681
0.0050605
0.0102625
0.00542016
0.00560583
0.144453
0.0412474
0.144066
0.0112305
0.0072347
0.00822043
0.00796697
0.00711666
0.142464
0.00575826
0.0385836
0.0587815
0.127554
0.108319
0.0994731
0.143617
0.142194
0.140293
0.00680927
0.00635683
0.00584189
0.030694
0.143579
0.0129523
0.0892549
0.00690901
0.123113
0.141243
0.00593284
0.00694598
0.00679887
0.105296
0.0217158
0.00763824
0.0407342
0.00711487
0.0787451
0.0400116
0.0078674
0.0578233
0.0654313
0.0162171
0.0907127
0.00645539
0.0225384
0.143223
0.0105605
0.00678935
0.043051
0.0135648
0.00706855
0.00821999
0.00737506
0.00541754
0.0153654
0.145518
0.00777044
0.0062345
0.0415382
0.067907
0.0087288
0.00784633
0.00759647
0.00620639
0.139518
0.128777
0.028418
0.0269312
0.00824286
0.00831117
0.00755332
0.0078059
0.00593225
0.0220256
0.00709822
0.0081332
0.0055229
0.142995
0.00920172
0.00591112
0.124702
0.0963506
0.0146489
0.0272576
0.00781314
0.143041
0.0457477
0.00976206
0.00798203
0.0072081
0.00540349
0.00847788
0.16148
0.0257632
0.10079
0.00643114
0.100689
0.0111492
0.126583
0.00670836
0.0975153
0.00778143
0.0292786
0.0097425
0.00658628
0.00963777
0.133989
0.00959525
0.021576
0.0109083
0.00706645
0.00709661
0.00743082
0.00497287
0.115592
0.00690443
0.00861635
0.0112333
0.0100987
0.00637073
0.101739
0.00664714
0.00783875
0.0206591
0.00421747
0.00490977
0.0102111
0.0118259
0.00801631
0.0180954
0.00728591
0.0170626
0.0124473
0.00819411
0.0114224
0.0453958
0.0084987
0.087291
0.00693559
0.0111276
0.00773005
0.00832053
0.00725127
0.0178697
0.00715528
0.00599637
0.0153026
0.103415
0.00951156
0.00742537
0.0071872
0.00966625
0.113908
0.00664658
0.0155399
0.00976636
0.00781091
0.0552501
0.00612613
0.0473242
0.0400575
0.171131
0.00608499
0.00563988
0.00628074
0.00821831
0.105322
0.0178015
0.0074987
0.141767
0.0470564
0.00711527
0.116879
0.00516979
0.0594529
0.00717526
0.0494702
0.00504005
0.0268151
0.125761
0.124069
0.00739213
0.0149523
0.0194255
0.12588
0.00804627
0.0786496
0.047218
0.122063
0.114683
0.00916135
0.0664223
0.00568637
0.144661
0.0522982
0.13421
0.00690651
0.00851924
0.0243533
0.0236043
0.0707942
0.148435
0.0283922
0.00928426
0.00535542
0.0173224
0.00718608
0.0495789
0.00717341
0.12326
0.0073661
0.0119407
0.00721062
0.00664971
0.00755662
0.0670989
0.048066
0.0152607
0.017363
0.031684
0.143317
0.00768445
0.0590915
0.087803
0.0324176
0.0114482
0.0140057
0.00866496
0.00575746
0.00706577
0.00615123
0.121873
0.00552281
0.028599
0.0291671
0.153832
0.00613692
0.00575328
0.118644
0.00778211
0.0165755
0.0184032
0.112507
0.062076
0.00756929
0.087171
0.00671903
0.0180234
0.0696602
0.0146783
0.0175932
0.164276
0.108961
0.005065
0.0330358
0.0120554
0.00702085
0.16434
0.0906909
0.0164523
0.0612623
0.00868566
0.00753472
0.0225798
0.0452751
0.00760428
0.119405
0.00671486
0.12324
0.11022
0.0819513
0.00764269
0.103046
0.096866
0.0523816
0.00844159
0.00643097
0.0650443
0.00654041
0.00825458
0.00814557
0.0094871
0.131833
0.00865826
0.010108
0.119534
0.00744488
0.0141271
0.00738246
0.00947028
0.00512134
0.00386488
0.0331747
0.0136613
0.0131952
)
;

boundaryField
{
    frontAndBack
    {
        type            empty;
    }
    upperAndLower
    {
        type            symmetry;
    }
    outlet
    {
        type            freestream;
        freestreamValue uniform 0.14;
        value           nonuniform List<scalar> 10(0.106731 0.160828 0.18238 0.164886 0.144694 0.166397 0.17597 0.160393 0.133049 0.116355);
    }
    inlet
    {
        type            freestream;
        freestreamValue uniform 0.14;
        value           uniform 0.14;
    }
    airfoil
    {
        type            fixedValue;
        value           uniform 0;
    }
}


// ************************************************************************* //
