/*--------------------------------*- C++ -*----------------------------------*\
  =========                 |
  \\      /  F ield         | OpenFOAM: The Open Source CFD Toolbox
   \\    /   O peration     | Website:  https://openfoam.org
    \\  /    A nd           | Version:  10
     \\/     M anipulation  |
\*---------------------------------------------------------------------------*/
FoamFile
{
    format      ascii;
    class       volScalarField;
    location    "235";
    object      p;
}
// * * * * * * * * * * * * * * * * * * * * * * * * * * * * * * * * * * * * * //

dimensions      [0 2 -2 0 0 0 0];

internalField   nonuniform List<scalar> 
3042
(
-121.66
-4.60489
26.2386
-56.5048
21.6015
-13.075
4.42859
-109.721
-4.06568
-150.177
99.9373
8.35707
-20.5975
14.1476
18.0749
28.5011
-4.0306
-128.48
-25.985
13.725
-112.216
-7.75062
17.2888
21.2923
-57.178
-16.5241
34.3098
-24.9377
-27.2381
41.4328
-94.4634
71.9691
-29.521
-35.0881
-49.3978
3.06608
-48.4077
-86.4046
-48.2218
-77.9029
-76.3902
-118.86
59.8074
11.7987
-77.2198
-18.3912
-71.2769
-31.214
26.2284
-25.9182
-56.0478
25.2472
-1.23346
50.6829
41.827
2.65003
4.05538
-0.557305
-25.0446
-3.11762
23.5909
5.28306
-84.6571
5.84657
19.6735
-83.9787
-34.0257
18.0784
-41.4959
5.44037
8.08702
-65.1181
-44.0072
41.8171
-9.75681
0.724759
-49.5891
3.13333
40.7751
-92.2981
-17.7205
8.54968
-46.8488
-1.51645
-21.3948
-80.0576
2.68969
0.51235
-148.961
47.0491
23.8471
41.7113
97.0726
31.9242
6.44985
-21.5215
-109.496
17.6918
-75.3175
34.6634
-11.1982
-77.4369
-11.8672
5.71865
5.43491
2.00526
-57.5726
16.3043
20.8717
-78.4595
-27.3405
-77.5032
-63.7679
-68.4847
4.33123
37.6022
78.2312
-27.6303
-139.857
16.3824
-79.8364
3.65848
37.2233
-11.9579
9.88314
1.21557
0.412677
2.59223
34.265
-5.5539
44.7701
-70.7435
-51.0023
-3.0868
1.81385
18.0465
21.844
7.90525
-58.7629
2.39838
0.444833
-3.32861
14.7331
35.4011
-0.272846
-61.6493
-0.126876
-40.0152
-73.1889
-5.1111
-72.5344
6.70182
9.29488
23.3819
-11.4896
-13.8588
30.4381
-2.63132
5.51212
-47.9155
32.3356
-65.5634
-0.780087
3.40735
-45.8788
15.7222
17.3965
23.8972
8.6012
10.8675
-1.66921
17.6719
4.50377
6.13864
-53.2407
-29.8412
-60.0606
79.2364
-21.9704
-16.163
17.8224
24.5187
24.4861
-25.134
-56.1118
-73.2907
76.257
-0.952465
9.47781
-42.0975
13.2731
-89.9526
-64.3815
-35.893
2.02713
-19.2743
33.9746
-30.222
64.4579
-4.3366
-73.5413
-39.7998
7.09949
16.8052
-0.0228112
3.85445
-61.096
-15.392
98.4731
15.6242
-10.1741
-5.13495
-0.772473
-79.9822
14.6199
-9.19443
-80.5481
0.299664
47.5095
-87.5104
-6.86515
24.6725
-10.5004
-4.63576
-7.87117
-7.60502
-10.5974
22.3041
-87.4838
-34.7987
-12.3476
-3.72354
-14.5442
-3.49216
-13.2282
-155.283
-10.239
-127.083
-85.7445
109.904
-0.0754246
49.5955
17.4133
-70.0877
-100.787
-5.75014
-16.3813
-53.1904
5.43128
-50.0406
0.540696
29.9192
-83.4893
-3.96165
-52.3553
-54.0576
-104.533
-91.86
47.8219
5.55157
52.507
-72.0866
-33.1789
-18.0202
17.066
-6.22177
31.2254
-58.7999
-32.8613
-19.3683
-6.12709
-0.564473
0.394199
8.62447
6.28385
39.1776
-78.5591
-8.65309
-82.7259
101.674
-6.26476
-6.20609
-18.0703
-10.7339
152.309
-49.2233
-39.3938
-72.4256
-99.7793
31.8557
-62.2658
-82.4126
92.8628
13.4762
-63.5011
-5.43338
-146.942
-64.6633
-1.97013
37.3071
-25.7616
-0.24077
7.93415
-73.5899
93.9362
-0.365371
39.3451
-9.33219
-48.8215
-46.3109
4.89544
-2.92443
-5.37053
6.07823
52.9997
-87.9989
-0.63884
6.1613
27.6799
-38.5924
-3.20659
44.3585
0.76312
2.27359
88.0695
-64.4991
-3.6302
-32.1778
-54.5981
-57.2694
-111.506
-3.85537
-43.15
2.35372
-29.6492
-81.0083
-18.9809
-65.4127
-75.5683
4.18189
-9.83969
-90.0653
-92.3933
2.18851
-7.39891
46.7773
8.89684
158.942
1.92535
-76.1119
-34.5075
-52.6317
-131.779
-132.492
-13.3895
4.48455
-52.3581
-21.1849
-3.58588
-0.0539473
-46.2003
8.37951
-120.829
28.3581
-14.3019
0.966501
-89.1744
-22.4147
-0.550861
7.92443
-50.9231
15.5116
-57.6462
75.0229
-16.3026
-6.04886
-4.63043
-14.5789
-122.074
6.82422
-4.02625
-44.0493
-9.06939
-43.2098
-28.0383
-12.2083
-8.91689
-4.12796
-8.89501
154.411
-74.5207
-48.5527
-2.40362
81.3734
-14.8496
35.4165
-107.496
-103.351
-45.6068
-6.86344
5.08619
-46.3883
-90.8576
-52.6772
36.6868
-47.8421
108.618
-38.9929
-90.7974
-7.85343
21.7103
-12.8962
-29.8688
-54.758
-51.4727
23.1768
-4.84305
-77.4607
-10.4832
-16.08
-166.49
0.0588087
-28.9602
-63.8565
-76.3576
-117.602
-37.694
7.13093
-5.45845
9.62777
-0.690949
13.7546
-9.67729
-2.58414
-53.4621
-23.3954
14.8646
-33.5372
-47.7295
-0.0868297
1.4099
194.221
-7.26804
71.714
-74.6202
64.8661
-55.5062
-0.941314
-9.31934
-20.2625
-24.4594
2.18813
54.7493
-37.6108
-56.8027
-86.6054
-66.2177
1.52592
80.9056
49.5859
4.39112
-63.5477
-13.0487
-88.661
-30.2838
-109.42
0.601185
-11.8237
0.44142
21.5782
-52.0159
-96.3684
3.57105
-105.331
-43.2324
-25.4955
1.87097
-46.4388
-50.2835
-6.79506
-4.62107
-67.2334
5.26159
-62.3549
-36.614
12.0394
-29.4515
24.7114
-55.2352
14.0458
-9.35334
-47.2343
-62.0283
-51.8757
-4.97821
23.7389
56.2758
-11.5847
-24.5411
-50.6192
11.9403
-8.15904
22.6865
-0.624396
0.405972
-61.7737
-43.2464
-6.58561
-109.23
3.49715
-48.782
-62.304
-83.096
-4.67562
-66.8536
117.464
-59.1929
-19.4401
34.7823
13.268
8.89772
-75.6872
-51.6385
0.906154
-55.076
36.695
-13.581
5.7453
-74.7214
-65.5126
-57.6924
-47.7531
-58.4505
-48.579
8.91231
-62.3289
-3.77026
-6.60808
-2.91827
-72.0606
19.4055
-81.3751
1.00753
-29.4398
-8.70611
10.189
-122.474
10.131
3.3755
-93.9353
-7.23308
-51.5931
-155.922
20.8264
-0.892425
-20.0468
-31.7837
-11.8728
-28.0881
9.06313
6.84003
-114.548
-38.1758
8.57984
-3.58982
-25.1403
-92.1632
-92.0932
-1.87251
-159.959
29.0628
-29.3441
20.8829
119.546
-71.6279
-1.35021
-53.1086
-11.924
41.5972
-60.2486
-26.7311
-52.7768
4.28823
20.6129
-91.2488
-63.8326
-128.246
-61.8457
-66.0486
-130.58
-75.9022
-21.5748
18.5031
-52.844
17.5173
-10.2822
18.7327
-25.8924
-97.8947
-117.768
-59.0194
-93.7127
-139.411
-78.621
-57.6895
-25.743
179.926
-35.1183
-3.59841
-20.6984
-77.3133
-26.6773
-3.71079
-0.913276
-50.1068
-47.3357
11.9805
-69.8438
17.298
136.851
-17.7035
20.7664
-68.3857
9.94407
-78.2813
-41.9446
-19.89
47.0792
-33.9034
36.2065
11.0504
-7.28357
-71.003
9.90005
-36.2268
9.82925
13.8885
113.115
82.9906
8.59213
-34.2215
3.35398
-43.3819
-58.0615
-79.9015
37.2708
-141.634
-57.2911
3.25113
-18.2387
0.490729
1.42567
-6.05429
-65.0697
-5.54076
-2.12974
10.619
-79.7468
12.571
-41.1828
-59.6701
-13.7276
-36.5468
-0.850335
-59.0972
1.11671
7.33221
-0.560167
-24.2879
-42.1
-130.933
17.4486
-19.9116
-23.6016
6.35821
-3.86064
-13.6201
-45.6145
4.6082
-70.0238
98.401
-60.1865
0.491692
-11.4658
2.48967
-49.0524
4.22905
-57.6006
10.2079
19.3919
113.57
1.12449
-24.936
0.0552869
5.35805
-62.7273
-1.8173
-56.8285
-105.353
-43.8657
-0.733358
2.69568
-81.5873
3.15228
-38.049
-51.5098
-4.10054
-13.6645
-140.863
3.90357
-126.747
-0.107816
-111.723
4.84821
-0.935338
-14.6988
-1.19949
-23.983
4.99053
-73.4956
-79.311
10.4885
10.8405
2.35197
-74.9058
-3.95721
2.47699
-14.1108
11.6785
-44.8729
-7.95575
-99.25
46.9727
-46.2459
-70.2792
3.59192
-79.6608
-101.866
-37.2636
-56.4798
-97.7344
7.86861
44.0626
-3.82802
6.49546
-2.3517
-44.7911
31.8142
-96.1658
23.4492
-53.2343
5.00225
-16.9737
-111.521
-80.2915
-64.8792
-10.8266
-2.95274
-88.2045
-42.7173
-89.3205
-119.333
-17.8636
-23.7356
-118.598
0.904455
0.287609
16.739
31.9171
-83.5887
18.1681
-20.1592
-10.2191
-26.3191
3.79393
-148.304
29.7931
-58.9438
3.078
-1.15008
-3.37037
-39.2339
-1.7746
4.01062
-51.0395
30.191
-79.6339
25.7265
-102.612
-16.1567
11.9332
-20.368
-2.73858
-22.7472
-91.8407
-3.05425
-27.7671
59.0295
-58.7127
8.63883
-7.79319
73.5029
-36.2626
-6.74934
-3.18245
3.75271
-37.1129
-1.0279
-0.327649
-22.0612
-54.8682
-58.6526
-6.1334
-81.3966
-68.7574
-85.1239
-58.5035
-51.3134
16.8756
-137.638
-97.2185
69.2718
-1.59489
20.8495
-31.4127
64.3041
-53.7388
-5.4152
-108.15
44.8053
8.72522
-40.0025
145.464
-10.2968
-40.8847
-24.1515
4.1324
-131.269
-32.5833
-59.9948
-15.3509
27.65
-102.023
-141.396
-69.2321
-82.4085
-35.9222
-32.9524
-26.3592
-1.02354
9.10501
68.2483
-12.3613
11.1164
-39.366
10.4317
3.90687
24.6804
125.065
-55
-58.5937
27.9997
-0.808857
8.19139
33.356
-39.2642
-31.8268
19.2825
10.2281
-47.1953
-74.8988
-33.8644
-9.75473
77.3561
-15.112
-63.6081
13.7466
15.3956
-61.1093
0.395763
67.9624
-82.2254
-74.5085
-4.02231
-85.5763
-17.2902
-88.3905
13.9046
-51.6238
64.2749
-86.1381
-23.3388
3.72754
-57.1618
-138.374
-20.2864
6.29924
83.4526
-49.9217
-12.9508
13.8628
-4.10162
-5.38225
2.17938
50.0678
-4.66024
0.0150298
-79.0957
-12.7767
-57.2374
24.4319
0.611541
4.52985
-12.3848
-4.61031
-85.783
7.42296
-31.1127
-3.12579
-1.72872
-47.7292
-57.5645
-48.9607
-3.18102
65.9851
-7.17016
-58.9771
39.5651
13.9334
14.4745
-101.336
-49.5784
-50.5048
2.37216
-1.05337
-45.1217
31.1114
-66.7638
25.6422
-1.46242
-86.9782
0.0859952
-45.5105
9.03491
-6.72211
-68.6611
-2.52571
-1.75007
-44.8593
-2.81778
-69.6296
-41.7789
-25.7571
73.2133
0.896383
57.1715
14.4601
3.04449
-0.861395
131.065
-34.0502
-59.025
112.648
-20.5523
-35.6106
-51.3867
82.3265
60.5952
-27.1649
-40.4637
-2.43199
-25.1854
-13.0962
-74.9543
100.903
-3.94787
-77.3078
2.12434
-2.13786
-7.07069
3.00515
-1.76237
11.4657
-19.3181
0.0632211
-102.274
10.9509
-56.398
-74.228
-84.652
22.6625
-29.3738
-33.7342
-17.0865
-57.1495
2.51216
-60.0026
-59.1246
-13.0646
-16.6161
50.1665
-59.3342
-0.36924
13.6783
2.90843
6.26618
-22.7179
-11.0338
4.095
-3.28575
-44.6035
-37.6774
0.31127
-61.1866
-11.7391
-142.556
-65.7667
52.866
-5.49939
-27.7536
-0.900417
-12.2077
40.7005
-75.1366
-10.1292
1.5862
-70.7833
-74.8983
-4.02619
-1.30268
-90.8111
-8.01124
62.4274
0.067518
83.0072
-82.0247
38.0813
-28.7319
-98.3929
-158.256
-19.503
-71.1049
70.9361
43.2799
16.4493
-85.0763
8.54111
-0.08527
-0.258411
0.230411
0.0285494
-0.173681
-1.03371
0.196323
0.460954
0.84542
0.302198
-0.228163
-0.286606
-0.821482
-0.371482
-0.194624
0.3772
-0.430474
-80.697
-74.7204
14.5144
1.42284
0.0913159
-13.9593
-67.8542
16.6131
0.382134
0.499497
18.0899
3.84491
87.1063
68.3406
-0.106195
-117.097
-8.02171
5.37333
-6.33368
20.4257
-67.4217
-75.4708
-60.6078
-0.326397
1.09985
-1.45253
-0.004566
-68.9129
-57.1852
-0.647949
-0.490247
-36.0136
-1.93266
9.68295
-0.192156
-6.41923
-0.427795
-0.62355
0.905606
9.35844
1.48754
35.452
0.253534
-39.0532
-4.72057
-33.2184
-140
-12.658
-77.3978
0.264158
-18.535
0.548134
0.578952
-52.8236
-0.506862
0.104154
1.71366
-0.417759
34.4878
0.108513
-0.388944
1.90102
-94.1908
46.5379
11.6483
-0.0942984
1.8128
-77.2068
2.4945
29.9475
-0.0660475
4.37482
-0.208887
-0.412212
0.465881
2.80128
0.209472
3.75328
0.104857
-76.1827
0.109594
-39.7707
-13.1271
-63.4887
-0.00925831
0.230929
26.2115
10.3358
-120.754
-75.1879
-0.0735053
13.5458
0.147291
-57.7204
7.86325
-3.86434
0.66873
-0.594453
0.296884
-5.25969
-42.7195
-0.0603187
-39.3078
1.76744
16.1447
22.335
0.539156
0.127521
0.688195
-0.0265262
-0.940723
3.07033
-0.269273
-73.7622
7.40272
0.596302
-101.944
-12.0302
17.2303
-59.4509
-38.5378
-26.5206
-1.8691
0.926573
-10.2946
7.99654
0.343736
0.240931
-18.1647
15.4405
0.0557544
30.9275
5.00297
-0.359788
-0.731141
-93.9281
-56.8097
9.73403
4.45169
0.236937
-0.683304
8.72684
-0.211213
-0.21422
-18.5108
0.0162025
-8.85132
-0.0628679
0.03895
0.49017
3.56279
11.5809
8.77218
0.203049
20.5738
-57.0345
0.56401
6.38248
-116.191
4.09648
0.0733809
-0.261969
-32.6683
-41.8786
1.22299
-8.97908
0.0398977
-120.076
-5.45174
6.17121
-63.2118
-54.5372
2.00462
-22.5771
-154.578
-0.536232
-9.06785
2.76313
-6.9817
-0.068501
-64.265
112.667
-99.5785
4.60365
-0.914149
-2.27245
0.327768
63.4084
18.314
2.10183
-42.7123
1.14548
-0.702478
-24.9779
-0.605885
-30.9185
0.341179
-71.8013
51.5436
-41.148
-26.392
-0.276668
-8.4078
0.409018
-136.822
14.0453
-8.32304
0.768319
0.892503
-38.9313
-74.5622
-7.32586
0.00272913
-2.49227
-38.1114
1.00215
-29.4271
-46.3033
2.31149
-167.434
1.19736
0.222946
0.979624
-35.8208
-45.0196
-7.20841
10.4236
-50.852
1.27052
-6.42524
-85.5385
42.5869
1.65341
-5.16943
0.331724
-88.4337
-71.8088
-5.23465
-0.473566
0.50608
-145.706
-138.811
4.27534
15.7336
0.0110894
-32.2823
38.7846
-130.632
0.38854
9.05232
-79.7052
3.23927
-11.1175
-0.652158
-1.50867
-3.38368
-67.7061
-13.1304
-21.2842
74.6835
-131.005
3.58282
11.9017
-27.5856
-78.6319
9.03864
-72.6225
-70.2365
1.16633
2.58355
28.7147
3.5668
-0.496559
2.2619
-31.3671
35.7357
-9.29341
1.0201
6.31232
14.8335
-53.3338
12.5456
-0.418389
-6.17867
0.658585
-6.37451
-4.38966
-50.2743
-0.0548169
-1.11597
-1.3357
5.05207
-56.8312
4.94093
-6.0146
2.45765
-24.1306
-64.6176
-33.7561
0.698879
-73.7585
51.6138
1.70241
0.36576
-54.222
-0.411659
-35.8521
-0.261713
0.0965601
-38.1122
4.52467
-2.50236
-93.6963
-50.7635
25.7482
-17.5935
0.0687932
97.0363
10.8603
-2.51799
26.1777
25.7633
8.12936
2.62985
2.07558
-4.45
-12.4909
-19.4983
2.16975
-4.83291
4.29372
35.9125
-0.0820086
-22.0119
58.6726
-4.47465
-6.22473
23.8838
-26.08
-61.0593
-0.127339
-39.0995
2.38613
0.931591
-58.1725
5.13729
0.538944
1.68319
4.57803
-1.41092
5.90391
-93.368
-83.7154
0.0561007
73.1365
133.685
-25.5496
-44.0414
30.8955
-93.3315
-0.956755
0.088275
5.06391
-5.09362
-6.3635
-82.9115
20.3809
54.5249
27.7258
-68.0372
-17.0665
-67.6538
2.68796
-0.967005
-8.12441
-15.3754
-0.225681
0.466582
-47.4678
14.7382
9.30221
-22.7434
-2.07349
-69.6604
0.824749
-2.37892
0.463769
52.1323
-1.13372
2.21385
-2.47365
-5.98127
20.4936
-52.6087
4.24086
178.277
-160.395
-144.48
199.122
-15.8395
-104.411
-26.46
-73.093
80.1928
-25.6401
73.2886
2.19012
24.2533
-5.07574
-2.60174
-82.515
-4.55737
0.75891
37.8087
12.5056
-2.40178
0.960943
0.0447717
-0.350606
-0.662165
0.348138
-2.04613
10.1241
-0.6054
3.33595
-90.6722
18.727
-69.6436
-39.6847
-74.433
-4.00569
0.0218543
13.3744
4.38141
-3.43977
0.563553
5.94409
6.60911
-18.7727
-55.701
-26.5217
-20.4418
-0.708108
2.47117
0.790474
69.6156
5.44226
4.2549
-45.522
20.2525
-1.41642
-3.83944
60.7286
0.54691
2.07186
7.74355
-19.2175
0.150048
10.0893
18.8778
-2.34994
-36.0671
54.7185
5.85549
19.7915
-7.05294
41.1834
-0.768129
-15.0898
-0.293274
4.81706
-57.5104
-4.40341
-16.9768
22.5249
-60.8499
10.4581
9.50797
-1.23963
3.70834
-61.9951
-66.2008
-60.4866
-77.8902
-70.673
-1.4124
-96.2243
-36.7503
-53.1868
-119.081
76.5752
30.2239
-102.202
-107.823
-84.4817
20.0763
-55.509
-60.9238
-89.9694
-106.977
-21.7379
-52.3739
-42.9512
-10.7231
43.075
5.70355
-77.2576
-2.08735
-24.0957
-25.6961
-64.6143
1.27569
19.2803
-56.5713
3.19771
-56.7801
-37.4257
-59.8003
-67.9891
0.0116651
-98.0205
-72.5825
-65.9814
49.1127
42.7996
-1.17226
-61.8775
-101.125
-66.2001
10.3772
-42.7613
-67.2697
-100.867
-73.4672
-58.0959
-59.4408
-38.6012
-66.0187
-55.5719
-71.9698
-103.797
-2.50996
-86.8116
-64.966
-96.616
-24.5538
-57.3781
-102.645
-5.40082
-84.9008
-59.266
-72.8509
-0.650724
28.3133
-58.4379
-105.624
-27.1535
-49.5406
-4.92973
-97.7494
-7.54348
62.6966
-114.64
-2.77504
-100.353
-91.8095
-63.3052
2.05222
-16.1513
-55.9453
-69.7278
-141.501
-52.3224
8.62256
76.983
5.68375
-78.2662
16.2341
-3.88539
-85.9851
-16.7027
-87.4862
19.5957
0.883897
-95.2107
2.79782
-118.356
-1.33442
-107.648
1.58922
-20.3005
11.9441
-31.7295
5.16981
-3.95079
11.1617
67.7301
9.55464
-2.13047
77.7434
37.3058
-67.0663
-98.9518
79.0413
2.44481
-106.019
-96.5211
8.26982
-5.3903
-57.6573
15.7717
-70.3714
0.0348308
-69.2418
-12.4133
1.74805
-22.9236
6.38201
-138.475
-60.1015
1.15537
62.2864
9.45532
-5.8416
-64.3891
1.36664
26.7216
-3.97375
-107.242
41.5286
-107.597
16.0349
-116.066
11.1985
25.0819
-1.44522
46.0255
-9.69057
-159.22
-39.9272
34.5961
-1.86817
-13.8349
1.79281
-102.8
40.2931
-83.6828
-10.2006
-5.82404
-29.1617
-97.9851
48.5697
-112.188
51.3535
-124.13
-53.9846
-110.195
-1.42082
19.8484
26.341
-50.8612
-1.97159
-3.82612
-116.768
-16.4471
-91.8354
-2.01967
-77.3468
-51.3818
4.91073
62.8276
-85.2476
31.2284
-48.7494
4.23862
52.9725
2.13586
-65.8707
-67.3705
-68.5605
4.71137
98.5344
-31.419
32.3947
-61.0861
-1.16212
-13.5596
-13.2555
34.1916
-14.6514
0.974867
35.1197
13.4116
50.7826
-103.343
-109.099
-11.5568
-49.2055
-93.5703
11.3633
1.17572
-23.278
0.476052
-94.557
-135.52
8.53545
-83.8983
7.16598
-70.2038
124.541
-90.7841
118.621
29.4702
-6.80492
-2.55193
8.49127
50.4484
-89.1111
-0.889445
3.73829
-8.18675
-56.1342
21.3833
-50.3379
12.4905
19.9056
8.94357
-2.54833
-3.0041
-37.7873
55.8797
2.58919
49.5203
-61.0638
1.67499
-89.6615
-5.11305
139.816
1.00083
1.49577
-43.9233
-1.8132
6.94371
-50.2577
-6.2093
323.2
5.58239
-37.3088
-6.0054
-47.2037
-26.4439
-2.13195
-20.692
-73.1858
22.4638
13.2962
1.38064
3.48769
-56.5127
-4.506
-3.53463
-1.47883
-56.3657
-1.59795
-5.51407
-3.03948
-0.986684
-0.394575
62.5765
8.30061
-30.625
18.5566
-108.169
49.1418
8.63444
4.17503
230.569
-32.1813
-32.5466
-32.8334
-22.1324
-21.8772
-39.0207
-14.4337
-1.56742
13.1184
158.618
-4.11338
31.8107
-57.1783
-1.29586
-68.7436
-0.412543
-49.7312
-106.595
25.1645
-29.4491
-6.3739
29.8694
-0.869935
1.32922
-51.0952
-78.8847
-21.7698
-17.888
4.27114
-0.696695
-16.0896
196.173
-67.3792
-109.134
-66.6127
-111.153
-38.8121
-4.06126
-68.5885
19.2388
6.24625
175.615
-0.661022
6.53175
0.850404
196.762
-39.0468
22.0937
-14.1955
-14.1695
-5.40045
-45.7503
-10.3437
-3.34149
-52.7763
7.7323
29.5903
7.05733
-15.7515
-68.2017
56.1638
-33.1056
-18.8147
-0.475709
-84.4508
41.9788
-9.64249
-19.02
-3.53889
-86.1082
-6.99597
6.39875
53.7193
-63.6121
7.16824
-96.8542
2.61581
-64.6571
-17.8696
-6.23417
-8.16009
51.4547
-10.0564
-30.2088
-82.6714
2.59939
28.3531
-63.7641
-8.34653
-37.3928
3.46023
-73.6148
15.0429
-121.626
-59.6911
-64.3577
-4.91732
-9.01382
-9.364
15.7377
1.12917
-68.6294
-37.9555
-14.8113
-1.62176
-81.958
10.1212
0.925375
-72.3241
-32.3141
40.2944
-26.203
-8.57938
-2.71441
-71.2783
-34.2027
-89.7622
-19.1805
-79.3714
-85.9183
-63.2837
4.58337
-1.82885
-42.7588
0.324939
-10.6376
2.54368
-89.5285
-19.966
-73.5917
2.22928
12.0298
73.6949
-7.4208
-6.42809
-14.2556
-23.6521
-63.4777
-6.10349
62.4811
-58.7751
38.5417
-86.8302
-83.7686
5.9157
-50.3853
-14.4928
-6.17865
100.277
-77.741
-88.0317
-27.7413
8.4155
4.31248
97.6906
-22.1439
-79.5591
-145.843
-2.05845
26.8796
-77.0179
-116.125
-24.7162
-5.29335
-27.0748
3.74528
-105.566
-102.236
-91.569
53.9903
-6.9854
-145.198
10.426
-10.4141
-5.86743
-83.2365
-81.6568
-0.523522
-71.8259
-133.412
-0.870712
-5.11757
-69.5631
-91.286
-90.9281
-3.89388
-145.777
-108.786
-102.129
-117.902
-122.96
-50.0873
-7.99603
-161.046
18.7715
-46.9778
-65.7025
5.20988
9.15155
-72.2088
-120.899
-8.59934
-55.3976
-122.881
-164.088
-62.1666
-13.5008
-110.892
-88.6536
3.1707
-4.42082
-161.433
-88.2019
-139.366
10.15
-68.1437
-97.1157
171.903
-0.377125
-169.242
5.19584
9.48017
44.0915
4.14654
-164.858
-13.3719
-36.326
-48.2216
-45.4515
7.76178
-77.7253
55.4717
-61.4296
14.5662
-63.0478
-107.828
7.89133
-18.1588
64.5764
14.7268
0.0390724
8.33671
-58.6086
-170.61
-34.0572
-1.96027
-1.05153
3.00812
-0.913432
25.7979
-6.12525
-55.9658
-48.8083
-57.1389
5.55213
-57.2638
-51.9734
-1.09221
-53.0495
-67.6738
-14.1254
-61.8089
-36.7699
-48.3433
-39.6872
-58.6786
-58.6906
-67.0784
-72.0134
-100.42
-21.3702
47.3853
-66.7546
-59.5369
7.43908
-60.6244
-94.1797
-63.9086
-63.4088
-3.71608
-76.4744
4.49502
-72.8188
-54.897
-103.027
-169.078
-60.1879
-27.8226
-16.7783
-70.3823
-84.1404
-85.0356
-92.2784
-96.2664
-69.3174
76.3847
-111.544
13.9885
-106.61
-100.114
-5.65457
-49.8565
2.66667
14.0208
-79.8018
39.8144
-85.7791
-52.3557
-21.1395
-28.1576
68.6775
13.3989
-101.097
1.04891
-136.588
-9.50823
-55.7896
-82.9331
113.659
19.3387
-95.3226
0.276288
-89.3918
26.7976
-99.5752
0.908856
143.562
48.806
-53.168
39.9252
-57.2029
0.412493
0.993528
29.8363
-28.56
-98.7278
16.1424
-105.744
21.4763
28.2294
-104.324
15.5661
7.1656
-49.0095
-143.406
-65.5125
34.0503
4.47775
-6.9379
-49.7732
-15.8253
39.6221
1.59132
-118.137
-66.0936
23.0152
-0.897519
-5.47154
-6.16253
54.6559
-0.555531
0.265941
-12.0214
14.8179
7.67378
49.2784
-3.67111
-140.974
-63.6061
6.57874
5.86241
-0.900596
58.6592
11.2388
-131.155
-31.5122
115.999
0.12423
-20.4903
123.597
48.1615
-90.375
47.3486
-70.0775
-55.0291
-39.1985
-43.6803
-105.674
-104.903
8.57358
-88.9225
-76.8834
37.928
-104.653
13.1941
-0.647638
-50.6882
-2.56278
28.9648
20.2622
-43.085
-86.0594
-63.9932
-20.2398
5.06857
-95.5206
59.9428
17.8468
-194.339
3.81349
-4.71751
-182.755
-144.662
-125.743
-89.1484
-84.6585
-112.085
25.4412
88.9006
27.5184
-63.4256
-85.4024
0.380215
-1.58635
107.797
-32.9783
-89.9312
-77.0693
-1.4224
-69.8615
-55.1083
0.359053
-69.879
-32.0917
-9.07194
-76.5833
-183.823
65.4279
-121.195
-174.361
-5.12921
-60.6022
-58.0641
-94.1338
-6.057
-52.2708
95.7928
-14.905
25.1358
-7.59514
40.2534
6.40388
-43.3137
-3.33095
-66.3458
-55.8596
0.0816725
40.127
-20.0448
7.51658
14.7948
26.8014
-77.4557
9.88025
-144.056
137.148
-1.16667
15.2474
-74.5682
0.987186
-8.91067
-46.3388
-57.0847
-30.139
-90.6314
-65.8655
-60.8527
-7.87832
-38.6536
29.5111
-11.2303
43.2603
-4.01786
11.6648
-42.9244
-4.16961
17.5231
56.4601
-0.125255
-91.4622
-145.155
-50.7523
-35.1237
-60.4418
-19.6469
-5.4581
110.994
9.739
-5.32427
-96.6245
5.68706
-64.826
-54.0986
6.73263
-98.4614
-95.6425
-29.6287
-91.5308
14.2315
0.866853
0.211864
-23.5773
53.8619
-116.857
119.964
86.0918
-0.078468
62.1779
-48.7885
-54.7797
-0.487574
-90.3819
10.1213
-36.9031
-38.1636
-74.7119
23.526
4.84904
-105.436
-72.5142
11.0407
-112.439
6.62954
74.2454
-7.02014
-157.762
-152.676
-59.6028
-70.9637
12.2218
39.4616
-32.9689
-157.087
-11.9718
-65.506
-100.016
1.19012
-2.48742
129.35
-167.612
-23.493
-61.6474
1.66979
-33.0543
6.62399
-91.1946
-82.7519
-156.896
-56.2503
-108.205
-1.52108
-68.1903
5.19932
-55.3667
-33.3068
-3.95084
14.4954
-59.917
0.200219
132.686
-129.536
-78.5581
7.58217
1.61349
-1.17443
-42.2025
-20.6275
23.5688
-5.99567
12.9446
-44.1584
-63.1844
-84.635
6.12944
-52.5506
-56.2933
-11.7373
9.55719
-47.2353
6.39189
-47.5032
-2.52028
9.68147
16.7116
-1.02174
-65.3645
16.4653
-4.61483
-65.2244
-54.474
-37.3759
7.256
-79.9461
-58.1542
29.2214
10.7769
55.9286
-62.6156
-3.3703
-10.335
150.111
13.1827
-61.9689
87.7181
-16.9849
-125.295
-159.799
-17.6803
4.61289
231.911
-129.735
2.43414
-26.4954
-8.51298
-153.225
-66.5283
0.790095
-34.9027
2.65997
-75.3293
-18.8657
-122.957
-56.5811
-38.0692
36.9342
-90.9546
-1.24315
-92.1708
-86.6311
-60.1117
-144.71
182.948
-155.612
-71.9439
0.0517398
4.25678
-21.6152
-62.515
14.8624
-94.5523
-124.385
-91.843
-62.8294
-13.5055
-1.80675
6.90345
0.494265
-0.8277
9.03586
-28.9629
-3.43562
208.073
-54.4885
-15.4242
-158.441
-57.8838
-36.961
-47.5912
-12.2281
14.6842
2.9095
22.9311
-0.296473
-24.963
-57.2275
-0.156555
-2.13289
-56.8488
-126.779
-30.6547
-81.4182
1.2048
2.58937
124.758
-60.2381
-94.9784
163.783
-66.3527
12.0591
-96.1664
-48.9067
-4.93947
-15.309
-14.1753
41.2318
-70.114
-31.7996
22.8097
-1.51976
181.872
-63.7336
38.3465
-28.9671
8.79695
-70.5566
-65.6962
-2.17156
-26.8024
-26.1795
26.0125
56.8445
5.59176
-73.9659
-35.6967
-4.80238
-76.8101
-3.07745
53.5034
-53.8601
34.6237
-122.377
-74.0583
-36.5413
-5.92906
50.4075
-70.7809
-66.6118
-37.5242
52.3068
-70.378
-65.3183
-5.55647
14.3376
-25.7958
-96.2533
-49.7438
-4.49383
4.53793
-151.416
-8.09071
-17.1
5.62014
-57.2954
46.7171
-12.1492
4.99511
-1.73542
23.0418
170.61
-63.7267
-21.3881
103.109
-66.7465
3.72007
141.99
17.9816
-0.802956
-56.8358
-10.7227
-14.3875
-44.318
-131.652
-84.1233
45.386
-36.1808
9.67262
50.0044
-105.219
-50.546
5.99764
-1.70687
-73.7117
-36.5209
-51.2424
-63.5103
7.74453
2.30432
-94.4212
-149.468
-1.3437
-77.2453
-30.6611
-58.0498
-28.4668
42.6886
-17.3885
-22.1726
-144.943
286.969
-75.9877
37.2952
-162.62
49.9996
-151.751
-152.963
-5.61485
-98.5145
-90.1836
3.38267
-58.2491
1.12037
-31.8019
9.3717
-6.7012
-46.8532
-10.2829
28.2079
-63.1805
-131.701
-5.66472
-81.8383
-133.252
1.10652
-72.6749
-10.0627
-46.1556
-34.7837
-94.4097
-0.507731
-43.2867
-58.8655
-144.335
165.489
45.1231
-106.577
-67.7685
114.23
34.3086
25.4508
-138.956
-16.6208
-12.3345
-86.7768
18.6401
48.9183
10.5707
-75.6728
-149.9
-54.3999
-134.931
5.83397
-109.021
-20.4157
-57.7965
4.20273
-118.413
-120.822
-96.2348
-87.9392
14.4846
-15.0254
-146.783
-1.40915
-37.1569
-167.71
-17.4362
-0.35411
-10.2255
-63.345
2.11231
31.2943
-79.1688
-42.7071
-0.105748
155.565
-54.3696
-86.5983
15.727
200.646
-77.3049
-167.914
-122.174
-1.80211
-83.3421
-74.2405
-150.403
9.18334
-128.742
-5.37137
-0.257268
-11.5727
37.0349
-3.23175
-35.9652
-14.7996
-75.2415
1.26199
-55.0995
-3.83576
40.0452
-45.283
9.87385
-87.8655
-52.1496
-166.071
41.8574
-74.4134
-29.1505
20.6262
-60.0713
-23.3737
-83.6589
29.1381
55.8661
-56.9226
-83.2169
-16.0272
-52.5522
38.0331
49.2136
-36.9019
-116.754
-153.186
-88.1726
-8.24167
-57.1942
-22.1237
22.1305
-1.65185
-50.6708
66.3771
-2.18901
-4.33454
-0.780979
-137.854
-55.5792
-67.8003
3.48432
-11.7061
-125.112
6.94762
-135.102
27.3278
-5.29081
1.31376
22.4143
-96.4146
60.4605
37.5966
-111.993
-54.063
-100.229
-4.99466
-59.8432
-83.5084
102.734
-96.4316
-149.357
-9.89151
-150.6
-5.03282
-7.92115
-66.8534
-77.7992
-113.822
-149.238
-94.3919
-25.821
-78.6141
-28.7353
-47.9134
-14.9384
-94.5023
-2.51318
-43.1404
8.58602
-160.132
-85.1215
-175.976
-4.97943
-5.51629
-4.59964
-36.0358
-95.5349
-96.1617
-98.4595
-70.1495
-95.802
-33.4694
3.48942
-81.5786
-93.688
-47.1326
-6.54471
7.67616
-7.34566
-5.20111
-31.4107
-135.639
-20.528
-53.8263
11.4616
25.8142
-78.3041
-98.7022
-49.4137
-73.6136
-112.17
1.53241
-98.5354
-48.045
-155.575
-31.6561
-68.6266
-10.574
-75.8331
-34.2848
-38.4528
32.4111
-72.5155
-86.458
-168.144
19.802
-63.0267
37.1108
-68.629
32.3009
-65.1878
-35.8912
-17.7508
48.8644
-68.5327
20.8466
49.1899
-57.0008
-74.0359
56.5715
-168.671
-70.6184
6.87271
70.9255
16.787
-45.366
3.44146
-181.915
26.308
-180.702
31.0037
-9.0946
-168.271
27.4981
-97.6913
-140.316
-24.1161
-6.6216
30.5474
-80.6428
31.9687
-27.9435
-122.782
-151.339
13.8935
27.0701
-29.7402
-93.9178
-10.1218
-49.748
-152.713
30.7872
-94.9993
-60.6383
-131.117
14.9146
140.933
-45.9124
126.641
149.183
-0.331386
-53.5761
-13.1105
-65.0175
-153.467
18.6309
-63.1828
-178.217
-5.40548
-49.1325
-159.747
47.813
32.16
-16.7117
-76.8817
-65.2463
16.9888
-48.1579
31.3669
-13.7717
-15.1404
-63.1138
0.341793
-7.27596
-118.732
108.461
-112.042
1.09346
47.6955
-82.9464
-90.1151
-21.4815
-14.4916
15.7082
10.9035
-19.462
-159.299
34.7493
80.5428
-48.1698
-16.3484
85.9024
-147.668
1.73902
-126.942
-97.8222
-105.311
-10.0981
2.08783
-158.691
-86.5217
-0.714173
-5.6053
-131.387
126.149
-44.9046
-57.6896
4.7818
32.1244
-7.35415
-72.809
-100.419
100.459
-48.9411
14.2492
-0.405625
-39.0338
66.2163
14.3908
60.12
-4.54287
1.94693
70.7198
-72.9267
-13.1033
-147.857
-3.52488
45.2551
-157.825
40.6221
-49.0465
3.49485
-45.9727
-134.053
-16.7438
-143.35
-1.91567
13.5977
-80.084
-79.9011
-0.583269
-26.0382
53.7454
-90.6348
5.9832
-1.20479
0.15913
5.78856
-9.00839
-90.6645
7.65753
33.434
38.3072
-51.0327
-38.9485
34.9553
-5.21523
35.0557
52.0053
11.498
-88.6625
-30.859
-14.4639
-52.3347
41.5412
8.81671
126.635
46.3331
-72.6305
-45.4264
50.7065
-9.44973
-34.7039
-4.50397
38.9365
-70.9194
-7.11587
-44.2451
-46.8413
74.0423
42.4012
-8.29304
-143.56
-11.8022
)
;

boundaryField
{
    frontAndBack
    {
        type            empty;
    }
    upperAndLower
    {
        type            symmetry;
    }
    outlet
    {
        type            freestreamPressure;
        freestreamValue uniform 0;
        supersonic      0;
        value           nonuniform List<scalar> 10(3.49883e-10 1.42747e-07 -1.37563e-07 -5.71711e-07 -3.38178e-10 1.27509e-08 2.46075e-08 -5.85864e-08 9.10089e-08 3.43537e-08);
    }
    inlet
    {
        type            freestreamPressure;
        freestreamValue uniform 0;
        supersonic      0;
        value           nonuniform List<scalar> 10(-19.7932 36.0303 -40.6857 -74.5897 100.413 62.1237 16.5323 -1.92326 177.41 -143.777);
    }
    airfoil
    {
        type            zeroGradient;
    }
}


// ************************************************************************* //
