/*--------------------------------*- C++ -*----------------------------------*\
  =========                 |
  \\      /  F ield         | OpenFOAM: The Open Source CFD Toolbox
   \\    /   O peration     | Website:  https://openfoam.org
    \\  /    A nd           | Version:  10
     \\/     M anipulation  |
\*---------------------------------------------------------------------------*/
FoamFile
{
    format      ascii;
    class       surfaceScalarField;
    location    "235";
    object      phi;
}
// * * * * * * * * * * * * * * * * * * * * * * * * * * * * * * * * * * * * * //

dimensions      [0 3 -1 0 0 0 0];

internalField   nonuniform List<scalar> 
4431
(
-0.0303388
0.0386843
-0.00834551
0.881453
-1.04415
0.162699
-0.0988408
0.0426077
0.0562331
0.0621159
-0.0340101
-0.0281058
-0.159255
0.0420963
0.117158
0.664542
-0.261561
-0.402981
-2.39828
2.67954
-0.281251
0.0204671
0.00890813
-0.0293752
0.0389201
0.00824589
-0.047166
-0.024543
-0.00903159
0.0335745
-0.0606371
0.0611743
-0.000537211
0.731922
0.684869
-1.41679
-1.50792
1.80532
-0.297405
0.622025
-0.24941
-0.372615
-0.156374
0.371872
-0.215498
-0.0239451
0.0279619
-0.00401679
-0.686915
0.52734
0.159575
-0.0445552
0.0467196
-0.00216435
-2.05605
1.01401
1.04204
0.219779
1.08608
-1.30586
-0.0281528
-0.00312591
0.0312787
1.28702
0.161457
-1.44848
-0.217735
0.0613616
0.03999
-0.0515179
0.0115279
-0.0333134
0.0354351
-0.00212176
-0.893767
-1.02198
1.91574
0.0311853
-0.0340227
0.00283743
0.0269765
-0.0319538
0.00497728
-0.0168985
0.0524331
-0.0355346
-0.056066
-0.0053704
0.0614364
-0.0433779
0.0396
0.0037779
0.0836959
-0.0744744
-0.0092215
-0.36283
0.290254
0.072576
0.136177
-0.00205254
-0.134124
0.0799408
-0.0382233
-0.0417174
1.25684
0.356922
-1.61377
0.0555178
0.024423
-0.0451411
0.05668
-0.0115389
-0.0380078
0.0383862
-0.000378355
0.0408091
-0.0454565
0.00464748
0.00173922
0.0318235
-0.0335627
-0.0384655
0.0103127
0.0506019
-0.0707299
0.020128
0.425362
0.196662
-0.025385
0.080627
-0.055242
0.17163
0.0489274
-0.220558
-0.0424957
0.070075
-0.0275792
-1.2798
-0.776256
0.0599512
0.0101812
-0.0701323
-2.17356
0.0269818
0.0351342
-0.0170552
0.0170552
-3.28981
2.17694
1.11287
0.0636788
-0.0130769
-2.27538
1.18735
1.08804
0.274511
-0.295375
0.0208639
-0.2181
-2.18018
2.04852
0.0803751
-2.12889
0.0956641
-1.60358
1.6336
0.0925619
-1.72616
0.00724019
0.0204601
0.109272
-0.129732
-0.0545754
0.0436403
0.0109352
0.496081
1.69221
-2.1883
-1.45624
1.41305
0.0431893
0.100107
-0.170034
0.0699269
-0.12404
0.145459
-0.0214189
-0.160778
0.00152378
-0.0755922
0.13714
-0.061548
-0.797184
1.1903
-0.393115
0.73132
-0.570733
-0.160587
-0.0277677
0.0396233
-0.0118556
0.010279
0.037948
-0.048227
-0.106945
0.00810393
0.159936
-0.171713
0.0117774
2.68498
-1.27518
-1.4098
-0.0277288
-0.270247
1.52709
0.00172593
-0.057792
-0.000869169
-0.0608565
0.0617257
1.15211
0.653213
-0.196315
0.187551
0.00876436
0.0747452
0.0123462
-0.0870914
0.0563477
-0.0174276
-0.0188568
0.167697
-0.148841
-0.0679106
0.0227696
-2.13028
-1.15953
0.783598
-0.361786
-0.421812
0.0255606
0.0081292
-0.0336898
1.68252
-2.88575
1.20323
0.352574
1.82751
-2.18009
0.0436797
0.00645354
-0.0501332
-0.044804
-0.0158331
0.0729498
-0.0739474
0.000997607
0.260941
-0.735053
0.474112
-0.266251
-0.0965798
-0.0243045
-0.00752803
0.0318326
0.113601
0.0482683
-0.16187
-0.0344927
-0.0117146
0.0462072
0.0696647
-0.0750351
-0.0981816
0.071271
0.0269106
-0.0592054
0.0199
0.0393054
0.905867
-1.92784
-0.0835469
-0.112768
-0.652143
0.739734
-0.0875902
-1.63379
1.27349
0.360303
-0.00389517
-0.0294182
0.102767
-0.101564
-0.00120285
0.0235537
0.188058
-0.211612
0.0451902
-0.145366
0.100176
-1.71065
1.80632
0.165026
-0.0649182
-0.0556349
0.0278672
-0.134571
0.0920751
1.74002
0.93952
-0.0247998
0.00160703
0.0231928
0.0499792
0.0337167
0.113911
0.0222663
-0.00763377
0.0604017
-0.052768
9.02707e-05
0.0398997
-0.0265805
-0.032625
-0.15648
0.17694
-0.257762
1.94028
-0.143801
0.105513
0.0382884
-0.0102373
-0.146243
0.253273
0.39189
-0.645163
-1.07305
1.26566
-0.192612
3.05937
-1.10065
-1.95872
0.0245933
0.00336862
0.773989
-1.01479
0.2408
-0.0326624
0.0343883
-0.00765615
-0.0337404
0.0413966
0.0583859
0.0108743
-0.0692602
-0.345343
1.97894
-0.40282
0.290004
0.112817
0.0600414
0.0935873
-0.0110117
-0.0825756
0.958046
-0.2609
-0.697146
-0.0637714
0.0297613
-0.0958067
0.370318
-1.98538
2.17117
-0.185792
-1.70999
1.80256
-0.359939
0.383493
-0.147754
0.0539726
0.0937809
1.96797
-0.432141
-1.53583
-0.0913118
-0.0198114
0.111123
2.47409
0.0526896
-2.52677
0.0523749
-0.0144269
0.164251
-0.119061
-0.0721891
-0.617188
0.689377
-0.0534784
0.0189857
0.47314
0.258181
-0.0220629
-0.580204
0.602267
0.083131
0.342292
-0.302134
-0.0401584
-0.121239
0.785781
-1.68528
1.42751
-0.0345291
2.88381
-2.38773
-0.00301754
0.0481059
-0.0450883
-0.00783818
-0.0947007
-0.00543223
0.100133
2.6466
-0.598082
-0.744048
-0.889746
-0.0237488
0.0237488
1.66892
-1.44915
-0.0693085
1.23244
-1.16313
0.0898065
0.00378083
0.00556541
0.0972017
-0.690966
0.270954
0.420012
0.0374424
-0.0491453
0.0117028
-1.16456
1.45635
-0.291792
-0.216789
-0.186031
1.33283
-0.600906
0.00921282
-0.0525332
0.0433203
0.0886966
0.00918511
-0.0978817
-0.0146551
-0.0388425
0.0534976
-2.83924
2.83924
-0.0212798
-0.00240572
0.0236855
-0.211425
-0.0349364
0.246362
-0.0620356
-0.0115077
0.0735434
0.276063
-0.0880043
2.67797
-2.32539
0.0350138
-0.00803728
-0.00172716
0.0764724
0.0476782
0.016224
-0.0639022
-0.0487007
0.0612201
-0.0125193
1.6484
0.319567
0.831633
-0.853696
-0.11762
0.0832763
0.0343433
0.0983811
-0.114958
0.0165766
-0.0158743
-0.0275036
0.00936072
0.0353935
-0.0447543
-0.00668655
-0.0750017
0.0816883
0.564153
-2.69443
-0.0504287
-0.0477529
0.00160143
0.0680632
0.097364
-0.124103
0.0267388
-0.0121057
0.0272827
-0.0151771
-1.60382
-0.10617
0.0514167
-0.0411579
-0.0102588
0.101043
-0.0480209
-0.0110321
0.059053
-0.00508909
0.0518978
-0.0468087
-1.09014
0.017089
0.00832677
0.0677466
-0.0271907
0.198821
0.0538101
-0.00595566
-0.0478544
0.0165437
-0.023717
0.00717329
0.00896851
0.0528977
-0.0618662
1.04546
-0.164004
2.77491
-1.09179
-1.68312
-0.0202324
-0.0671247
-0.273251
1.56027
0.0448478
0.0127554
-0.0576032
-0.403566
2.74839
-2.34483
-1.57003
-1.31572
-0.0572765
0.0426349
0.0146416
0.0110214
-0.329738
0.318716
0.173774
0.102289
0.271359
0.0709334
-0.405604
-0.00770535
0.413309
0.0478297
1.09196
-1.13979
0.0168411
0.143094
1.13315
0.0498704
-1.18302
-0.00352056
0.0554184
-0.0242782
-0.0329983
-0.182894
0.107302
0.26161
-0.251147
-0.0104631
-0.466273
0.0226984
0.443574
0.114918
-0.00940474
-0.575628
0.0512804
0.524348
1.38709
0.106642
-1.49373
0.0525002
-0.0503445
-0.00215572
-0.251134
-0.030792
0.281926
-0.0357023
-0.00885292
-0.00972762
0.0625623
-0.00875222
2.45996
0.315568
-2.77552
-2.07793
-0.197449
-2.67797
2.60866
-0.0371092
0.0365443
0.000564928
-0.0274587
0.0358186
-0.00835991
-0.0591392
0.833129
0.0367106
-0.248136
-0.0780424
0.105542
-0.0274995
-0.0303949
0.0387216
-0.103804
0.0257619
2.82812
-0.651173
-0.00595906
-0.0188407
0.0190623
-0.0433405
-0.766872
0.0115289
0.755343
0.0323817
-0.070605
-0.0520441
0.0505066
0.00153746
-0.0454248
0.0211203
0.0177548
-0.0303489
0.012594
-0.0170552
0.211416
-1.0086
0.0111606
0.00366726
-0.0148278
-0.137273
0.111888
0.0270131
-0.0302644
0.00325139
0.00134409
0.207463
-0.208807
-0.00523833
-0.211239
0.216477
-0.0097351
-0.0338641
0.0435992
0.0859479
0.153161
-0.239109
-0.0269603
0.0524519
-0.0254915
-0.0399616
0.0540127
-0.0140511
0.53001
-0.107748
-0.422262
-0.0100619
0.0475043
-0.100267
2.56022
-2.65471
2.25114
-0.619819
-0.0711463
-0.282687
-0.369457
-0.114823
0.124655
-0.00983186
-0.160781
0.015415
-0.592469
0.330909
0.0340384
0.0085965
0.00896404
0.0410151
-0.527258
0.454753
0.0725048
-0.579246
-0.435544
1.53376
-0.056349
-1.47741
-0.211611
0.00216633
0.209445
-0.0231841
0.0247393
-0.00155519
0.0946389
0.0100967
-0.104736
0.0425554
-0.0492419
0.0443818
0.00703492
-0.114593
0.157621
-0.0430273
-0.0150692
-0.0189535
0.0306173
0.00481784
0.00278076
0.0408595
-0.804384
-2.03485
-0.0667323
0.438604
-0.0157122
-0.0414318
0.057144
1.95519
-1.04932
-0.0315271
0.0467243
-0.0151972
-0.0479966
0.0384354
0.00956123
-0.28714
0.540412
-0.151307
0.00355303
0.0482584
-0.0390776
-0.00918081
-1.79912
1.87949
-0.798711
0.178892
0.0426446
-0.0540739
0.0114293
0.0421312
-0.044275
0.00214378
-1.61501
-0.370369
0.0942098
-0.0852413
-0.0893366
0.00384586
0.0854907
0.051015
-0.0125933
-0.0384217
-0.313492
0.574433
0.56902
-0.455322
-0.113698
0.478473
-0.605453
0.12698
0.571064
0.386982
-0.00360974
-0.0465235
0.125179
-0.126048
0.384442
2.39047
-0.8062
-0.108846
0.194794
0.13122
-0.0338563
0.0966827
-0.570636
1.75798
1.89198
0.793
0.823617
0.0631294
-0.886746
0.0124735
0.0330784
0.0145495
-0.0476279
0.499261
0.0697587
-0.00494071
-0.0199458
-0.0320983
-0.0818215
0.0671664
0.0517153
-0.0312482
0.123851
0.00107308
-0.124924
0.0743817
-0.0934564
0.0190747
-0.24817
1.07179
0.0354426
-0.159482
0.0290945
0.187155
-0.206012
-0.0225565
-0.0677175
-0.0695559
0.367594
-0.729379
-0.316797
0.0146632
-0.163779
-0.00625542
-0.000140406
-0.114453
-0.251072
0.331328
-0.0802555
0.32726
-0.252
-0.0752595
-0.0870243
-0.0247482
0.0227596
0.00198865
1.12651
1.93286
0.17691
-0.0118839
0.102223
-0.101827
-0.000396027
-0.00916536
-0.0139876
0.0558382
-0.0418506
0.00124383
-0.0369461
0.0516468
-0.302781
0.073334
0.6664
0.0418168
-0.022025
-0.0197918
0.174733
-0.138023
0.101645
-0.00743493
2.78965
-0.0987066
0.00115512
0.0975515
-1.67967
0.0132371
1.66644
0.0163808
-0.100567
-0.238802
-0.949915
1.01304
0.0272886
-0.0288441
0.00155546
0.0808691
0.00562558
-0.0864947
-2.07028
0.340399
1.72988
-0.206024
0.195787
-0.0232949
0.0394686
-0.0161737
-0.130935
0.0690616
-0.0728523
0.0037907
-0.111128
0.0499281
0.0612001
0.0135694
0.00842712
-0.0219965
-0.394582
-0.473978
0.262954
-0.0788118
0.0135402
0.0652715
0.503929
-0.0307891
-0.55293
-0.0432378
1.18098
-0.0762171
-0.1461
0.148675
-0.00257447
1.43696
-0.36053
-0.715592
-0.0891711
-0.00221512
-0.0209689
-0.0108338
0.0189915
-0.117698
0.314489
-0.0523058
-0.262183
-0.0206125
0.0317731
1.6404
-0.0314754
0.0236372
-0.0111543
0.0491781
-0.0380238
0.0416406
-0.0409811
-0.000659516
-0.0875565
0.0965974
-0.00904095
1.03282
0.014016
-0.0936606
0.0796445
-0.0600474
0.0384297
-0.0403732
0.00194358
0.0490198
-0.0275092
-0.0215106
0.0270207
-0.00242742
-0.0903164
0.00275995
0.0177583
0.0957083
-0.012432
-0.0420133
0.0154329
-0.0927463
-1.04704
-0.0446619
0.0411414
-0.286084
0.078471
-0.0934238
0.0149528
-0.0282739
0.0282739
0.00101736
0.0407995
0.104134
0.0390481
-0.143182
0.844658
0.164111
-1.71485
1.4416
0.0272909
-0.0320144
0.00472345
-0.0430903
0.0438657
-0.000775461
0.786975
-1.87877
-1.06915
-1.10441
0.0364099
-0.0347781
-0.00163183
0.00969211
0.0279196
-0.0376117
-0.000295194
-0.0583448
0.05864
0.0124132
0.407556
0.336994
-0.74455
-1.71081
0.106986
-0.0485125
0.054078
-0.421875
0.106028
-0.00764672
0.698096
-0.173748
0.100406
-0.0738582
-0.0265476
0.049554
-0.00129558
-0.0122443
0.0421755
-0.0299312
-1.66455
-0.0461025
-0.00104733
-0.0514858
0.249144
-0.0224803
-0.226664
0.220491
-0.162688
-0.0578021
0.0173902
-0.0198175
0.00242729
0.575156
-0.00950984
-0.0184957
0.0538893
0.0298712
-0.0268473
-0.00302397
0.0880532
-0.0629638
-1.61606
1.67903
0.284093
-0.00760044
0.215064
0.867032
-1.96768
-0.0371636
0.0335539
0.0306299
0.00618825
-0.0368182
0.033655
-0.0606153
-0.0518037
0.0315713
-0.0465544
-0.00144226
-0.0462306
-0.0326213
0.0367566
-0.00413528
-0.126922
0.117306
0.00961653
0.914068
-1.21833
0.304263
0.0415693
0.0204922
-0.0620615
0.127164
-0.0828011
-0.0443634
-0.0366024
0.0268748
0.0257169
0.264537
0.0379793
0.013736
2.64813
-0.274751
-0.252507
-0.641719
-0.308196
0.123477
-1.48677
1.3633
-0.0322769
0.00454803
-0.0217055
-0.0069705
0.028676
-1.57529
0.831244
0.0603433
-0.0425884
0.0158058
0.0225804
0.210176
0.229508
-0.255195
0.0256869
0.0464523
0.00456272
-0.10054
-0.0384393
0.138979
1.99948
-1.73817
-0.261315
0.446138
0.0531229
0.00778312
0.0331166
-0.0408997
0.0514195
-0.0624516
0.00710188
0.0235154
-0.0340491
0.031179
0.00287002
-0.0169192
0.0953902
-0.0527881
0.0417764
-0.0101271
0.0404693
-0.0303422
0.0659991
-0.0775068
-0.00786579
0.21731
-0.0323474
7.05259e-05
-0.0317575
0.0178562
0.0139013
0.0388927
0.491574
-0.0454358
0.247844
-1.70408
0.0649959
-0.13947
-0.156552
0.147147
0.0352118
-0.00019801
-1.98193
0.055787
1.92615
-0.164437
-0.0175828
0.18202
-0.0651289
0.0810104
-0.0862487
0.156697
-2.8114
-2.16265
2.21534
0.0428819
-0.0446091
-2.75819
-0.308228
0.0562274
-0.0204337
-0.0122734
0.0327071
-0.247831
-0.00324148
-0.00437956
-0.0279678
0.00786581
-0.0156056
0.049644
1.72292
0.276566
-0.0128631
-0.0242462
0.0225226
0.00391647
-0.0264391
0.072341
1.6592
-1.71555
-2.27038
-0.0550088
2.32539
-0.0545572
-0.305382
0.0231137
0.0823662
0.0162053
1.03602
-2.3112
0.0282511
-0.0557603
0.122173
-0.240357
0.118184
-1.6592
-0.196447
1.85565
0.198688
-0.481374
-0.0575795
0.0738034
-0.0194659
0.0194659
1.85442
-0.289256
-1.56517
-0.0255219
-0.00150775
0.0270296
-0.059886
0.0365911
-0.0602474
-0.0547102
0.0477127
-0.00439238
-0.0153917
0.428701
0.706316
-0.778505
0.0453376
-0.0627652
-0.0291532
0.00250189
0.0266514
-0.0227091
0.0227091
0.24882
-0.344627
0.0149351
-1.69535
0.0568711
1.63847
-0.0233493
-0.00551612
0.0288654
0.0597995
-0.0357135
-0.0240861
1.77095
-0.661224
-0.0430643
-0.671992
0.0331739
-0.0342212
0.0418526
-0.016292
0.244316
-1.40888
-0.213563
0.0375545
-0.056339
0.0422879
-1.77009
0.0552368
-0.0313153
-0.114785
1.01893
0.138956
-1.15788
0.409669
-0.371975
-0.0376932
0.0354923
0.024851
0.0378979
-0.0523248
-1.76408
1.78996
-0.0258741
0.00102543
1.80153
-0.123926
0.150665
0.0330344
2.14291e-05
-0.0330558
0.0227228
-0.0315072
0.00878441
0.218062
0.480033
0.0387053
-0.0411531
0.00244787
0.0914079
0.0920049
-0.108903
-0.410585
2.2381
-0.00456876
-0.0259509
0.0305197
-0.0532516
0.0760212
-0.069145
0.298653
-0.0577379
0.0377922
0.00569154
0.0466788
-0.0523703
-0.00474906
-0.0359042
0.00397345
-0.101855
0.167649
-0.0305092
-1.00691
0.0824344
-0.0398267
0.0303378
-0.0303378
-0.140604
0.191852
-0.0512473
0.0859447
-0.0573427
-0.0286021
0.056645
-0.0420955
-0.00919252
0.0282725
-0.0581308
0.0708862
-0.406029
0.139778
0.109809
0.0221373
0.0283694
-0.380755
0.31546
0.0652954
-1.30252
0.119506
-0.0374648
0.137138
0.073038
0.0369419
0.120679
-0.0505393
-0.00182209
0.109945
-0.108123
0.0370843
-0.00404997
0.0266965
-0.0266965
-0.0562407
0.0590215
-0.0856491
0.0764837
-0.0557295
-0.00457451
0.0219647
-0.00127238
-0.131176
0.132448
0.155053
0.041079
-0.196132
0.0948035
-0.0139345
-0.0205564
-0.0249001
0.00528526
-0.0265651
0.0311775
-0.0229317
-1.58689
1.92728
-0.0565445
0.0350339
0.0752872
-0.0783047
2.36132
-2.60866
0.247335
0.0567528
-0.0453234
-0.178652
0.0324088
-0.0440872
0.019339
-0.0424258
0.0614115
-0.014667
0.0312107
-0.0472977
0.06636
0.0803019
0.0509183
1.50623
-2.27038
1.73209
-1.73209
1.00427
2.36132
-1.73817
0.0433676
0.00283963
-1.00224
0.305092
0.189871
0.427397
-0.587984
0.295679
1.37325
0.0255977
-0.00307513
-1.64411
-0.0355625
0.00879963
-0.813412
-0.0567184
0.0441252
2.06745
-2.06745
-0.0533532
0.0619497
-0.142452
0.027629
0.0279572
0.0203535
-1.51909
0.0416797
1.73903
1.25881
1.38779
0.382364
-0.0636473
-0.00940025
-0.131204
-1.72292
1.61675
-0.012166
1.61385
-1.60169
0.130902
0.356798
-0.4877
-0.00293346
-0.0517166
0.05465
0.124272
0.259221
-0.129305
0.13046
0.0476175
0.255259
-0.0156726
-0.00807622
1.62968
-1.69265
-0.0592837
2.26257
0.565544
0.161838
1.82333
-1.69606
-0.127272
-0.0598979
0.0507171
0.0891879
-0.0611097
-0.0280782
0.078311
0.167217
0.250748
-0.417965
-0.303767
1.45588
0.174692
0.0157052
0.0649565
-0.0806617
1.05831
-0.629018
-0.429289
-0.416992
-1.07674
0.0385614
-0.00793149
0.232645
0.0166931
-0.249339
-0.0862008
0.0785446
-0.0318014
0.012946
0.0234639
2.01801
-1.23103
-1.05889
1.2305
-0.171604
0.0792629
-0.0310947
-0.0481682
0.00104683
0.697218
0.837642
-1.53486
0.0130663
-0.0385579
0.0104526
-0.830406
0.953883
-0.0363702
-2.68984
3.25399
1.47119
0.335125
0.38936
0.135049
-0.52441
-0.443085
-0.565515
0.0595868
-0.0500255
-1.6769
1.66473
-0.0656162
-0.0416323
0.0212486
0.0203838
-0.109042
0.119138
-0.810045
0.96962
-0.19911
0.0666743
0.132436
-0.0355584
0.0191294
0.201361
-0.00611914
0.0593017
0.0411041
-0.0726124
-0.0126289
0.0186094
-0.063314
0.0447046
0.753522
-0.554834
0.0802626
-0.0942502
0.0276668
1.23799
-0.0918472
0.107338
-0.0154906
1.08259
-0.714999
1.42492
-1.39726
0.114008
-1.1729
0.215766
1.20916
-0.00675817
-0.44447
-1.31961
-0.0383368
0.0385857
-0.00024889
0.0231229
-0.0231229
0.234488
-1.08818
-0.184621
0.408359
-0.223737
1.63041
-0.0293776
0.000224374
-0.728684
1.05959
-0.259548
2.68984
-2.43029
0.220398
-0.21336
0.0142497
-0.105537
0.131299
0.347666
-0.436837
-0.0189095
0.0635852
-0.00214882
0.00314098
0.0598123
-0.0527773
2.30756
0.0449751
-2.35254
-0.0909636
0.118965
-0.0280013
0.103474
-0.114628
-9.75944e-05
0.0312766
-0.0437019
0.0124664
0.0312355
-0.106142
0.068005
0.0381366
0.832919
-0.0372214
0.00455896
1.61777
-1.61675
2.43838
-0.746163
-0.0160879
-1.68407
1.70016
-0.122737
0.126583
-1.94469
1.88968
-0.0284227
-0.320458
-0.04603
0.0298563
0.312787
2.57102
-2.88381
0.0221912
-0.0767867
0.0764915
0.00726701
-0.062509
-0.0354196
0.665136
0.565363
0.496938
-0.0533642
0.00866158
-0.116714
0.107673
0.0443406
-0.00719254
-0.0371481
-0.0383368
0.102647
-0.0643105
-1.40163
1.51564
-0.313736
0.205988
0.00021874
-0.0201544
-0.0471061
0.0672605
-0.31046
2.57303
0.860827
0.595525
-0.000923288
0.582641
-1.71555
-0.415211
0.810949
-0.395738
-0.0128327
0.0783144
-0.0654817
-2.18026
2.49305
0.0456564
-0.0458875
0.000231073
0.156261
-0.0729488
-0.0493624
0.122311
0.755594
-1.00376
-1.91943
0.33254
-0.04718
0.0374449
-0.104576
0.123651
0.937814
0.120492
-1.10799
1.80521
-1.47139
-1.2868
1.45976
0.227595
-1.68736
-0.03437
-1.70794
0.221167
-0.0403657
0.019932
-0.509872
0.413292
-0.14536
0.416313
0.155765
-0.106837
-1.61777
1.60169
1.16742
-0.0140855
-0.0279278
0.00614152
0.749202
2.06722
0.0262841
0.00358713
-0.0290559
0.00353397
-1.03195
0.79369
0.238264
0.386245
-0.371582
2.84102
-0.00178102
-0.118322
0.10589
0.382892
0.15752
2.57102
-0.0662021
0.762392
-0.486175
-0.276217
0.0242102
0.351667
0.0292309
-0.00501074
-0.0242202
-0.013984
0.0421276
-0.0281436
0.339075
-0.414335
0.206041
-0.216412
0.0103713
0.0329177
-0.0421102
-0.0057744
0.033063
-0.00718409
-0.0690601
0.0117174
0.0199351
-0.0300657
0.00321842
-0.0334777
-1.58259
-0.00248641
-0.102986
0.10259
-2.59664
2.07971
0.516924
-0.0240829
0.0203888
-0.0297816
-0.0156433
0.0226768
-0.0303919
0.0077151
-1.87857
1.89181
0.0229858
0.0274968
-0.0297119
-1.91089
0.172716
0.143558
-0.151158
0.301153
-2.15341
1.85226
0.0862429
-0.0676336
0.0647691
0.0551656
-0.052519
-0.00264659
-1.46009
0.014277
-0.106124
-0.0331463
0.0408828
-0.00773656
0.0799208
0.0969888
-0.0443757
-0.00433383
0.0487096
-0.225566
-0.143721
0.369287
0.0513807
-0.0451925
-0.102373
0.117326
0.108572
0.65382
-0.0540474
0.00497383
0.0490736
-0.160791
0.825927
-2.60308
1.63123
0.971851
-0.0100011
0.0319397
-0.0219385
-1.32417
1.62533
0.519404
-1.11322
0.593818
0.0369074
0.00308531
-0.0399927
1.77819
0.0310505
-0.00181956
-0.178833
0.217881
0.041446
-1.7375
0.381667
-0.250765
-1.70299
0.242891
0.0790296
0.0369926
-0.0220575
-0.032515
0.0385097
-0.00599466
-0.397863
-1.85576
0.290592
0.0528278
-0.0508413
-0.00198646
0.00279774
-0.0365274
0.0337297
0.179291
-0.187157
-1.26307
-1.33357
0.0454189
-0.0318495
-0.0767226
0.0845057
-0.213539
-0.0360379
0.000782234
0.0352557
0.0814904
0.0756016
-0.0881209
-0.0313902
0.124975
-0.742163
0.00192988
-0.024639
0.16343
-0.110112
-0.0533181
-0.0494443
-0.114335
-0.0445982
-0.0344072
-0.0237857
0.027453
0.0127681
0.0256615
0.116573
-0.0026625
-1.37824
0.0125101
-0.11359
0.119215
0.557941
1.23202
0.0731062
-0.0889394
-0.226942
0.17758
0.0336686
-0.0279771
1.45537
-1.48125
1.06168
-0.0162244
-0.436933
0.0559165
0.381016
-2.84102
0.0985182
-0.105953
-0.500878
-0.000737462
0.501615
0.0342153
0.105701
-0.118329
0.0188929
0.294577
-1.62442
1.32985
-0.017114
-0.233931
0.15113
0.00626073
-0.0194326
0.0619032
-0.0424706
0.0128615
0.00351875
-0.0337832
0.116983
-0.572305
1.61385
0.0290135
-0.033393
-0.000101299
0.0233535
-0.0232522
-0.0209933
0.117457
-0.0703157
-0.0408125
-0.0347052
0.0190264
0.0156787
0.0217117
-0.0253875
0.00367575
0.0284554
-0.00143475
0.274742
-1.37065
-0.0145232
-0.0264579
-0.0267359
-0.0169659
-0.0048257
2.04801
-1.58038
1.59606
-0.0156844
-0.0201273
-0.182783
-0.0575746
0.0641139
-0.0225446
-0.0207553
-0.030668
0.0514233
-0.00763536
-0.137932
-0.908088
2.1669
0.089861
-0.0125503
0.0254046
-1.61432
1.58891
-0.0407209
0.0345989
0.006122
1.58038
0.0672289
0.0226322
0.00955421
-0.0434183
-1.72156
-0.345888
0.00889551
-0.0280836
-0.00198212
0.70161
-0.00124065
-0.700369
-0.966849
2.17008
-0.14815
0.196418
1.78499
-0.381102
0.358622
-0.0305821
0.00463123
-0.0184411
0.0332995
0.0254074
-0.0137002
-0.0760927
0.089793
-0.0283485
0.0293954
0.0623766
-0.0306872
-0.0316893
0.0797868
-0.0817188
0.00193195
-0.01761
-0.0272388
-0.025086
0.368855
-0.421161
0.0528603
0.0958143
0.0778028
-0.187915
1.28963
1.04232
1.53076
-0.201136
0.242215
0.0210203
0.0224347
-0.0434549
-0.0352216
0.00482669
0.0232613
-0.0160864
-0.0212429
-0.0999325
0.121175
1.51072
0.560603
-0.133207
0.0243696
0.0108422
0.996047
0.0169984
-0.0197395
-0.0206262
-0.767751
-0.00556061
0.0285224
-0.0344692
0.00594678
-0.0204732
0.0362681
-0.0491008
0.0918462
0.0536124
0.0232211
0.0336335
2.06603
0.0207408
-0.0651569
-0.170333
-0.0306731
-0.0216972
0.00187809
0.0151771
-2.15836
0.409246
1.74912
-1.37634
0.118483
1.25786
-0.171679
-0.627033
0.700537
-1.11575
-0.68654
-0.119659
0.187852
-0.167463
0.06827
-0.0663722
-0.00189777
-1.77819
1.7985
0.528868
-2.32737
0.0174912
-1.44396
-0.326132
-0.0368042
0.0205518
0.0257068
-0.0268691
0.00116237
-0.188285
0.550857
-0.362572
-0.0172888
0.0468324
-0.0295436
1.62679
0.300493
-0.601986
-0.0170525
-2.75085e-06
0.032166
-0.00364356
0.0940886
0.977698
-0.033864
-0.000605173
0.166539
-0.181931
0.0435812
-0.0515033
0.00792212
-0.136803
0.294323
1.2581
-0.0757621
1.95525
0.0740285
-0.0799841
-0.0371087
0.148412
0.0194888
-0.0105958
0.0260287
-0.0384286
-0.00466171
0.0188809
0.0178904
0.0263955
0.0103611
-0.00614414
-0.0310772
0.0790304
-0.00248103
0.368291
-0.948496
3.25399
1.58595
-1.66172
1.58595
-1.2992
-1.31862
-1.66172
1.59606
-1.34979
-1.44599
2.45731
-2.45731
2.4689
-0.0115838
2.4689
-2.62559
2.62559
-1.1236
-1.06463
-1.07736
-1.29368
-1.362
-1.11672
-2.20097
-2.65568
-0.0172933
0.0363806
-0.0190874
0.0146455
-0.12326
-0.00633325
1.566
-1.55967
-0.445782
-2.08099
0.014327
1.25051
-0.613528
2.41203
-1.87592
-0.634466
2.51038
0.904016
-0.529075
1.28467
-2.06745
0.0473098
-0.036997
0.0270376
0.0309812
-0.0580188
-0.0643111
0.635375
-0.84803
0.895788
-0.047758
-0.0976415
0.0380746
0.0233368
0.0117238
0.0204506
-0.0204506
-0.428486
-1.81101
-1.19423
3.00524
-1.03697
-1.77443
0.596376
-2.40738
0.0144888
2.03604
0.288673
1.85543
-2.1441
0.00314293
0.421611
-0.426533
-1.80038
-0.496717
2.2971
-0.0469166
-2.5609
2.11511
0.607423
1.35819
-1.36452
-0.0058766
0.40038
-0.403622
-0.0165365
0.0165365
-1.96452
-0.0254762
-0.476864
-0.0760658
0.145858
-0.371424
-0.0479061
-0.021154
0.913195
0.942454
0.0130068
1.93384
-2.44074
0.506892
0.175123
-0.0193582
-2.48944
2.02965
-2.66412
-1.84022
-2.48346
0.518944
0.0598906
1.79765
-2.15453
0.356888
-1.47539
-2.3239
1.72582
-0.468472
-0.948296
-1.72269
2.67099
0.0264024
0.0131976
0.0115007
0.0520845
0.406424
0.0135881
-2.26886
2.59519
0.0102331
-0.018228
-0.0255934
0.0438215
-1.39278
-0.472886
2.27655
-1.80366
2.21219
-1.37455
-0.457581
-1.81127
-0.391145
2.18879
-0.549621
0.276921
0.519189
-0.79611
0.539427
1.97095
-0.0193248
0.0268421
-0.00751732
0.141349
-0.131996
-0.00935321
0.0373695
0.0172805
1.90131
0.510719
0.028219
-0.231848
-0.0294482
7.05579e-05
1.83189
-2.30478
0.0247504
-0.726862
0.0965765
-0.0728496
-0.0237269
0.156597
1.81896
0.865835
0.759492
2.34261
-0.184871
0.175471
-1.3505
1.088
0.262495
-0.0583108
0.513064
-1.88181
-0.525576
-0.377516
-1.76659
-1.77591
0.371369
0.120205
0.0192135
-2.40743
0.326437
2.60282
1.70373
-1.09621
-0.607518
-0.0175556
-2.43143
-2.22593
0.45002
-0.460473
1.81519
-2.31191
-0.306931
1.82167
-1.51474
2.17021
-0.421095
0.00894203
-0.0262353
0.0327495
-0.224475
0.191725
2.13472
0.0212744
-0.0212744
-0.0823201
-0.0893928
0.0136551
0.00356967
-0.3454
0.223013
0.122387
-0.0186088
-0.0179186
0.0213057
0.0261742
-0.0474799
-0.188113
0.0107137
-2.38773
-2.17162
-0.155749
-1.72756
-0.498369
0.00905192
0.0966626
-0.0320836
-0.0645791
-0.468076
2.28327
-0.0332586
-0.48148
1.57756
-1.09608
-1.63751
1.63751
-0.024917
0.0448521
-0.0254899
-0.00356601
0.340366
0.0679921
-1.13775
-0.524903
1.66265
2.14866
-0.44227
-1.70639
1.72911
0.547184
1.73421
-2.15609
-2.1948
0.414098
-0.00080598
-0.492942
-1.01963
-1.74478
-1.46023
1.46023
-1.20214
-1.74281
-1.70365
2.17682
-0.473165
-0.316142
-0.0264083
-1.84967
2.35656
-0.171143
-0.144999
0.035353
-1.55125
0.0700073
0.0265692
1.48464
-0.965237
0.425428
0.0081829
0.0565862
0.0136013
0.446092
-2.2248
1.77871
-0.927539
1.88849
0.0690862
-0.00381464
0.0799353
-0.205854
-0.0493405
-0.268369
0.149308
-0.8363
-0.0837327
-1.3179
0.0092733
0.029432
0.14154
0.0463116
1.3249
0.235372
0.00295844
0.0344361
-0.030214
0.0513343
-1.00316
1.30742
1.63327
0.188395
-0.400658
2.13487
0.196909
-1.67815
0.584124
1.48191
0.00856176
-0.23804
0.25717
-0.208555
-0.0283241
0.236879
0.439815
1.99016
0.0200861
0.0788995
-0.0989856
1.53554
-0.297547
-0.03847
0.027755
-0.00147088
0.0098685
-0.205342
0.227608
0.069201
-2.66999
0.0375782
0.0033046
0.392754
-0.0359561
0.843327
0.337649
1.49045
1.21043
0.00309752
0.0190178
0.0253228
-0.0505917
-2.1855
0.0228481
-0.214563
-0.0576325
0.0476314
-1.63397
0.040244
-0.220956
0.182517
-0.0478325
-0.0328292
-0.0251461
0.0342271
-0.009081
-2.35809
-2.36911
0.64642
0.00532885
0.0808628
0.154925
-0.235787
0.00844356
-0.0308487
0.0224051
-0.0325068
-0.00150904
-0.0502946
-0.032083
0.000607597
0.0768473
-0.553711
2.60282
0.0320423
0.0259064
0.0104742
0.0565518
1.26054
-1.31709
0.0626725
2.59978
0.0428733
-0.0311559
0.0279404
0.50854
0.134889
-0.152472
-0.417058
0.00290337
0.079564
-2.07624
0.242817
-1.56243
-0.028779
-0.00223087
0.0310098
-2.43029
0.223574
-1.59986
-0.279593
1.48288
-1.20328
-0.269495
0.204577
-0.315097
1.30163
-0.986531
2.30042
0.0178403
0.0512458
-0.67226
0.00021755
0.0322503
-0.00433067
0.28611
0.0274924
-0.0300796
0.00258712
1.51146
0.394923
-1.31724
1.53841
-1.96749
-0.182868
0.16186
-0.0210846
-0.140775
-0.0396273
-0.0181647
-0.0134973
-1.55206
-0.524182
-1.3756
0.198776
1.17683
-1.07497
0.0675158
0.0346184
0.016174
-2.31192
1.40383
0.240937
0.791884
1.11823
-0.0671865
0.0860794
0.125725
1.9724
-1.26044
-0.711955
-0.0427742
0.027391
-0.0312862
0.856182
-1.24572
1.08172
0.258113
-0.180156
0.0231375
-0.0722437
-1.95271
0.00667019
-0.0272827
-1.63086
0.389472
1.24139
-1.31763
-0.297384
0.164955
-2.44244
2.27749
-0.0332883
0.00655236
-0.5861
-2.29236
-0.000105086
1.60579
-1.3361
-0.269689
0.0366579
-0.00461554
0.0676198
-0.0298276
-2.25478
0.569502
-0.0635667
0.0145222
-0.133595
0.125948
0.0753837
0.189912
-0.372695
-0.278517
-0.669978
1.43848
-0.880536
1.30409
0.326323
-0.0454794
-0.913195
-0.997691
-0.0309112
0.0497921
-0.876189
0.0631592
1.19738
-0.858219
-0.186709
0.217912
0.00373597
-0.023648
-0.000137759
-0.630948
0.747931
0.293844
0.601944
-0.0365981
-0.0194805
-0.0212405
-0.521312
1.9091
0.0662174
-1.50662
0.0429694
0.0121962
0.505384
-1.87993
-1.35777
-1.92207
0.372539
0.0513398
0.00789083
-1.85906
0.0683939
-0.0990812
1.29478
0.21604
-1.51082
-0.275247
0.131526
-0.116533
-0.0623002
0.0159304
1.66334
-2.2312
0.439813
-0.645933
0.699056
1.3503
-0.0889885
-0.0985264
0.0350955
-0.0372443
0.0700125
0.0246887
1.21823
-0.00589987
0.0333923
0.326773
1.20032
-0.00141433
-0.000252579
0.00088579
1.28117
1.27375
0.058967
-0.0239331
0.0873723
1.39322
0.377729
-0.0389485
-0.139631
-1.92368
-0.0114227
0.758109
-1.47006
0.618559
0.819918
0.592916
-0.0551497
-0.537766
-0.623829
0.0824271
0.233033
-0.0710983
0.404359
-0.442053
2.03485
0.536689
-1.72156
0.856225
-0.0267958
0.00818701
0.00677932
-0.112921
0.291404
0.148411
-0.0273657
-0.0109711
-0.0236624
-0.00442115
0.0543458
-0.0719558
0.0407066
0.0483816
-0.634227
0.00327891
-1.5246
1.24501
0.0310244
1.56759
1.73623
-1.56166
1.80455
0.03387
-0.498708
-1.02589
-1.47538
-0.448297
-1.42143
-0.540174
-2.30667
-0.827255
-2.30667
-1.42143
0.32319
0.960712
-0.722448
1.43394
-0.140737
-2.2118
-0.0410226
0.00442024
-1.85973
-0.00847974
0.0650305
-0.0209054
0.0323224
-0.00641603
-1.11782
0.303507
0.814311
0.424205
0.14678
-1.65431
2.15969
-0.90555
-0.543501
-0.0629536
0.0348478
-1.68731
1.23441
-0.637666
0.272547
2.29236
0.457645
-1.70809
1.25045
-0.337364
0.687056
0.365348
-0.348654
-0.0418206
-0.0122268
-1.66118
1.37262
1.592
0.0663635
-0.0156464
-0.66041
-1.75097
1.07871
-0.0269805
0.375337
-0.022713
-0.000934969
-1.42229
0.481385
-1.57759
1.08426
-0.182749
0.251802
-0.0690534
-0.0649465
0.0397024
0.0912819
-0.130984
-0.020611
-0.480267
-0.210939
0.243689
-0.018
0.018
0.200433
-1.45045
1.13535
-0.0619563
-0.109187
0.018032
-0.018032
-0.00849596
0.0645986
-0.0561026
0.0750169
0.150579
-0.225595
0.00417505
0.014466
-0.014466
-0.0157697
0.0157697
1.79997
-2.14586
-0.0380263
0.000414575
-0.00383462
-0.777719
-0.0357346
-0.00528808
-0.0168257
0.0168257
0.0218671
-0.0218671
0.0740453
-0.0181543
0.0181543
-0.272339
0.136128
0.136211
-0.00510485
0.0234277
-0.0234277
-0.024639
0.0227876
-0.0294873
0.00669969
0.0185011
-0.0185011
-0.0281721
-0.000221218
0.397644
-0.10624
-0.0176974
0.0176974
0.01756
-0.01756
1.11083
-0.0145993
0.0145993
-1.26828
0.0199915
-0.0199915
1.46077
-0.0394801
-0.00571237
-0.0154038
0.0154038
-0.0166841
0.0166841
-1.2717
-0.0138448
0.0138448
-0.0184486
-0.407931
-0.146903
-0.0106992
0.0525295
-0.0418303
-0.11964
-0.0185296
0.0185296
0.0190243
-0.0190243
-1.711
2.1352
-0.0218566
0.0218566
-0.0348879
0.0408346
0.0202638
-0.0202638
0.0486713
0.0479463
-0.0966176
-0.0419489
-0.0207808
-0.0669268
0.0169012
0.0711595
-0.0713807
0.0218956
-0.0218956
-0.769255
-0.318929
-0.0187553
0.0187553
-0.021688
0.021688
0.018531
-0.018531
-0.0178603
0.0178603
-0.0157385
0.0157385
-0.0203445
0.0203445
0.0198516
-0.0198516
-0.0176269
0.0176269
-0.0217255
0.0217255
0.021482
-0.021482
-0.167257
0.0203426
-0.0203426
-0.0178825
0.0178825
0.0174921
-0.0174921
-0.0201831
0.0201831
0.0182199
-0.0182199
0.025852
-0.025852
-0.0269336
0.398303
0.0192456
-0.0192456
-0.0282449
-0.0211605
0.0211605
0.146452
-0.296684
0.0205564
-0.0205564
0.0217628
-0.0217628
-0.0203811
0.0203811
0.0222454
-0.0222454
-0.474791
-0.0253829
0.0253829
0.0161473
-0.0161473
0.0950479
0.0159392
-0.110987
-0.0158192
0.0158192
0.0212404
-0.0212404
-0.0222862
0.0222862
0.018242
-0.018242
1.80607
-0.564677
0.021815
0.0184604
-0.0184604
-0.0295056
-0.0384701
0.0679757
0.0587283
0.0273511
-0.0369275
0.0295108
-1.46227
0.366188
0.0190269
-0.0190269
0.0343155
-1.57938
0.0525626
-0.0805639
-0.016404
0.016404
0.0171904
-0.0171904
0.0191432
-0.0191432
-1.56909
0.0426172
-0.0160143
0.0160143
0.00741293
0.135253
-1.64999
0.021893
-0.021893
-1.24277
0.0764378
0.362166
0.00473018
-0.0769738
-0.285443
0.176505
0.122148
-0.0150147
-0.0148212
0.0148212
1.19108
-0.0149109
0.547496
0.00271779
-0.0213778
0.0213778
0.0201364
-0.0201364
0.0181533
1.9147
0.111763
-0.0167154
0.022187
-0.022187
0.245713
0.101998
0.0119699
-0.0119699
-0.0655733
0.012796
-0.57435
0.509221
1.54031
-1.18001
0.0643799
-0.0290717
0.0290717
-0.0114293
0.0238957
-0.0151303
0.0151303
0.397131
-0.444047
-0.0166822
0.0166822
-1.36887
0.165581
0.0215575
-0.0215575
0.0160341
-0.0160341
0.119176
-1.43534
-0.0256345
0.0256345
0.0198004
-0.0198004
0.021983
0.0746796
-0.136951
-1.33829
1.47524
-1.75911
0.315031
0.986597
0.0187197
0.0214349
-0.0214349
0.487309
0.0821494
0.222796
-0.0464878
0.0546856
-0.00819773
-0.113198
-0.0695505
-0.0331128
-0.229856
1.41346
0.125262
-0.0205297
0.0205297
-0.0187174
0.0187174
0.0207705
-0.0207705
-0.00299375
0.0373821
0.0795235
0.0304217
0.240936
0.0196119
-0.0196119
1.2583
0.280114
-0.024305
0.024305
-0.0209175
0.0209175
-0.0293141
0.0293141
0.0167115
-0.0167115
0.0227054
-0.0227054
-0.656812
0.765384
0.0223466
-0.0223466
0.0331534
-0.00375806
-0.413097
0.0228653
-0.0228653
0.0545336
-0.0325506
0.0199258
-0.0419508
-1.25068
-0.0146005
0.0146004
-0.584412
0.109909
0.474503
-0.0218651
0.0218651
0.0224404
-0.0224404
-0.0125635
0.0125635
-0.730479
0.0174847
-0.0174847
0.250517
1.49744
-1.74796
-0.0209414
0.0209414
-0.00479848
0.0379724
-0.687934
1.03232
-0.344383
-0.028484
0.145057
0.0203007
-0.0203007
-0.0414458
0.00181853
-0.080858
0.0172913
1.73973
-2.26531
-0.0126654
0.0126655
-0.0208657
-0.00285131
-0.0167983
0.0167983
0.102088
0.0624427
-0.561467
0.416107
0.130587
0.00816375
0.0294145
-0.0318453
-0.0278599
-0.264553
0.33957
0.0141845
0.0244012
0.0168368
-0.0168368
0.0354579
-0.0384387
0.00298089
0.0137617
-0.0137617
0.0261287
0.430575
-0.172416
-0.0541554
-0.0853149
-0.00274805
-0.0398403
-0.927514
0.944512
0.441169
-0.385253
-0.0181855
-0.0396008
-0.0332515
-1.37835
0.0332126
0.366516
-1.13577
0.319296
1.044
-0.988907
-0.104803
1.01351
-0.908703
0.0923894
-0.0553172
-0.0157628
0.0157628
-0.828524
0.515032
-0.0223102
-0.0882424
-0.0198807
2.30446
-0.0329768
0.0181242
-0.0181242
0.101515
-0.83589
0.716231
-0.0377067
0.52127
-1.01998
-0.0124193
0.0131145
0.0106343
-0.802787
0.0134259
-0.0134258
-0.0663962
-0.248265
0.0379737
1.5453
0.0774497
0.311496
0.874024
-1.18552
0.516066
-0.782521
0.252268
0.59239
0.153201
0.0421817
0.000787668
-1.48645
1.3495
0.129576
-0.971122
0.841546
-0.201219
-0.652579
-0.0148278
-0.0706077
-0.918299
-0.0369158
-0.0206149
0.0206149
-0.029338
0.0814225
-0.367723
1.44644
-1.41353
-0.0120376
0.0120375
-0.0554223
-0.137641
0.227401
0.00600774
0.02433
0.0399445
1.05744
-1.15391
-1.09831
0.371444
0.0139054
-0.0139054
0.0023835
-0.0422128
-0.627351
0.930858
0.0156461
-0.0156461
-0.706314
-0.0678558
0.0380282
0.0652396
-0.0160616
-0.281547
0.161906
-0.704888
0.708167
-0.0166954
-0.0741585
-0.0907895
-0.00378841
-0.00411904
-0.0327967
1.42707
0.0446663
-0.0144648
0.0144648
0.0158353
0.00461527
-0.00202336
0.0493245
-0.0473011
0.16358
-0.0104223
-0.153157
-0.171486
0.0393924
-0.376885
0.314929
0.0154606
-0.0154606
-1.59047
0.322186
-0.112293
-0.0013883
-0.0184292
-1.45737
-0.121947
0.164761
-1.36275
0.189848
0.00346328
0.0418617
-0.0657948
0.0571981
-1.19738
0.011755
1.22428
-0.0149294
0.322899
-1.97721
0.0706559
0.104467
0.0151506
-0.0151506
-1.13442
1.65134
0.0677174
-0.00377904
0.0281486
0.753215
-0.000605799
0.025531
0.00222394
0.0470904
-0.217423
0.0579067
-0.0636191
-0.0791426
-0.020896
0.0208959
0.220445
-0.124471
-0.0435899
-1.41087
1.73306
-0.0366569
0.0320414
-0.0604101
0.0748989
-1.43424
-1.17645
0.156811
1.03566
0.903375
-0.906629
0.00325465
-0.156339
-0.0252582
0.889831
-1.45451
0.0147617
0.0766462
0.0555542
0.00869186
-0.0642461
-0.141603
0.055102
-0.0760074
1.55102
0.254191
0.0202652
-0.0202652
-0.2829
-0.135064
-0.0671977
0.0792801
0.0158353
-1.4724
-0.00142817
0.904803
1.3555
1.79686
0.0823552
-0.0677097
0.123419
-0.114857
-0.0509536
-0.0124506
0.0634042
1.0162
0.962746
-0.0866429
0.00405385
0.0825891
1.11974
-0.0693802
0.0607365
-0.0477296
-0.123203
0.128531
0.119757
-0.0239427
0.0284251
-0.0292206
0.000795519
0.934364
-0.0482928
0.0632849
0.0159304
-0.0666
0.022104
-0.00139022
0.0270518
-0.10495
0.0332378
-0.793788
0.681495
0.0648476
-1.15477
0.52742
-1.07785
-0.0254986
-0.00334554
-0.0463588
-0.0523014
-1.14917
0.134712
-0.0115902
0.383087
-0.433678
-0.3669
0.114393
0.0129196
-0.0218178
0.236619
-0.0567709
0.0274328
0.0684348
-0.0515335
-0.0105081
0.0331848
0.0467695
-0.0335718
0.0673269
0.0267423
-0.00119307
-0.0255492
0.0288303
0.00432311
-0.120081
0.120967
-0.626343
0.728341
0.0365799
0.0219734
-0.0219734
0.0141579
-0.0141579
0.433577
-0.323668
-0.0218747
-0.0044394
0.0263141
-0.0122543
0.0203174
-0.0150808
-0.0308066
-0.222489
-0.0149294
-0.0155574
0.0155574
-0.025335
0.025335
-0.120412
0.120629
0.0952759
-0.0533409
-0.388712
0.0206203
0.0187518
0.0536295
-0.0517514
0.0818237
-0.025776
0.025776
-0.0142831
-0.0609606
-0.0163452
0.0163452
0.022104
-1.74392
0.0205141
-0.0205141
0.0279404
1.81808
0.018185
-0.018185
0.0163949
-0.0163949
0.391416
-0.436895
-0.016465
0.016465
0.0164269
-0.0164269
-0.0176493
0.0176493
-0.0831241
-0.0335073
-0.182766
0.0165803
-0.0165803
-0.200402
-0.176483
-0.0325822
0.0683502
-0.284414
0.00495669
-0.0174305
0.0174305
-0.11659
0.0145234
-0.0145234
0.0223502
-0.0223502
0.0116642
-0.0750208
-0.0148395
0.0148395
-1.12133
1.36227
-1.30682
0.00342405
0.0220715
-0.0220715
0.416804
-0.0598609
0.0322817
0.0244715
-0.024483
0.0199085
-0.536213
-0.0247981
0.0247981
0.0223113
-0.019172
0.019172
0.000734214
0.00430711
0.0268875
0.0265034
-0.437852
0.411349
-0.0784308
0.0926161
-0.0141853
0.000117541
-0.0158997
0.0158997
-0.324635
0.392627
-0.0395549
-0.0339452
0.320478
0.085946
-0.0448656
-0.0354861
-0.0170329
-0.0245942
0.0245943
-1.31503
-1.55739
-0.00404401
0.0762034
0.00928309
-0.633112
0.000874238
0.0156726
0.00379337
0.0268826
-0.00352906
-0.000618636
0.0591043
-0.596871
0.00234015
-0.0743168
0.0017342
0.000669306
0.00506481
-0.000205959
-0.107769
-0.00240519
-1.8654
0.000330366
0.000704754
0.684779
-0.000964654
-0.014935
0.000280767
0.0256119
-0.0256119
0.0851756
-0.111706
0.00348341
-0.0151469
-0.0220012
-0.0136444
0.0136444
0.00529841
0.000328069
-0.0434329
-0.224544
-0.633675
0.962041
0.000218711
0.0440255
-0.0184486
-0.0356876
-0.173899
1.27268
0.0457976
0.000256763
0.0177597
0.0920489
-0.000195116
-0.0275036
0.000310174
0.533608
0.0205205
0.00421878
-0.0357572
-0.0256466
0.0256466
0.0387995
-2.57006
-0.0117522
0.0117522
0.000137436
0.284522
0.000130228
0.0105073
-0.0105073
1.66875
-1.38864
0.267403
-0.0454851
-0.112898
-0.0744379
-0.662709
0.00434018
-0.00358923
0.0254562
0.0185693
0.092077
0.106647
0.0662052
-0.0471787
0.0388748
-0.389332
-0.49147
-0.118302
-0.0950577
-0.802938
-1.12246e-06
0.0187669
-0.0187669
-0.0143436
0.0101026
-1.14809
0.0602064
-0.101019
0.0127757
-0.041762
-0.0351232
1.66027
0.474932
-0.0254762
-0.0222344
0.0415238
0.000518362
-0.0858607
-0.0131551
0.0131551
-0.033452
-0.0535793
-0.00112253
-0.0158902
0.0158902
0.0261386
-0.00078702
-0.0358699
0.19429
0.875987
-0.858898
0.0386686
-0.0782694
1.13365
-0.161186
0.119238
0.245248
-0.367195
0.0229945
-0.0229945
-0.0140676
0.0140676
-0.0011171
-0.000188586
-0.0280183
0.0280183
-0.125188
-0.0339654
0.020722
-0.020722
0.000242441
0.00165035
0.290404
-0.00265168
0.00794014
0.00015993
0.318923
-1.6048
0.00372302
-0.0541287
-0.0218716
0.0218716
-0.00051875
0.00243987
9.38351e-05
0.509065
0.013182
0.0214169
-0.0272428
0.0272428
0.0239935
-0.0239935
1.3276
-0.000575305
-0.0418872
0.0593785
-0.00475924
0.55344
-0.611751
-0.0270936
0.0321405
0.000616809
0.425864
0.0327681
-0.0704749
-0.924927
-0.000619171
-0.0287489
-0.130417
0.0327237
0.00159178
0.221756
0.00132951
-0.347065
0.316276
0.0569314
0.00347034
-0.0320379
0.00980348
0.966066
-0.0145105
0.0145105
-1.03852
-0.0500518
0.301685
-0.0673876
-0.000132212
-0.590889
0.474299
0.468779
-0.094127
-0.0670595
-0.0134412
0.0134412
1.58316
0.0141304
0.0190942
0.00917971
0.0249616
-0.0246336
0.0139276
-0.0139276
0.0956925
-0.110707
0.0279478
-0.0330448
0.0330448
0.125777
-0.12268
-0.00170216
-0.0301265
0.0318287
-0.0218683
0.0218683
-0.34598
0.313473
0.550666
0.00816247
-0.558829
-0.337342
-0.216369
0.0368111
-0.0360564
0.0503835
0.0688243
-0.364026
-0.380523
-0.0301813
0.030462
-0.0296273
0.0299375
-0.104589
0.107492
-0.0196859
0.0196859
0.747978
-0.842775
-0.111443
0.130932
-0.00577757
0.0375506
0.935867
0.0810258
-0.0623407
-0.00875753
0.0147871
-0.0147871
0.0108994
-0.0108994
-0.210895
0.283471
-0.00555552
-0.0514356
-0.0207225
-0.0381919
0.048425
-0.0731589
0.0151185
-0.0151185
0.310773
0.0216754
0.0172891
-0.0172891
0.0265035
-0.0265035
-0.0158885
0.0158885
-0.0576761
-0.0409234
0.0526471
-0.169704
-0.0292587
-0.0108497
-0.0229335
0.0283954
0.00583163
0.00538546
-0.0460286
0.063919
0.0309189
-1.78602
0.541276
0.140219
0.00128735
-0.0181618
0.0181618
0.0521176
0.0269969
-0.0290203
0.0141841
-0.0449182
-0.0337367
0.00623311
0.0141143
-0.0141143
0.0277676
-0.0277676
0.0168725
-0.0168725
-0.0353561
0.01127
0.387918
0.00308264
-0.0124052
0.0124052
-0.0329073
-1.339
0.0251517
0.0174505
-0.0174505
0.0300581
-0.0298982
0.818069
0.0156057
0.105007
-0.101271
0.106811
-0.0931812
-0.53993
-0.19554
0.261664
-0.0661237
0.0296437
-0.0295499
-0.0616629
-0.0288877
0.0905506
-0.0297487
-0.0124279
0.0124279
-0.381571
0.0337165
-0.749429
0.678821
-0.0849553
0.181376
-1.33528
-0.281249
0.471896
0.041386
0.00793849
-0.0286038
0.0861105
-0.033581
-0.102334
0.112202
0.0274663
0.0426754
0.0274681
0.143362
-0.0327731
0.0164155
-0.0164155
0.651944
0.231637
-0.954085
-0.196992
0.144691
0.0217748
-0.0217748
-0.0181627
-0.0229905
0.0326572
-0.0322799
0.0322799
-0.0324151
0.000569816
0.160912
-0.262282
0.10137
-0.132745
0.132492
0.0262724
-0.0262724
0.0209121
-0.091404
0.101507
-0.332984
0.860404
-0.00924601
0.0171657
0.0131145
-0.0445166
-0.10679
0.13105
0.0856147
-0.00136316
-0.0241354
-0.0364259
0.0344367
-0.035058
0.000621353
-0.00368233
-0.0147469
0.0144396
-0.0390583
0.0246187
0.00248436
-0.0083092
-0.0105051
-0.0670024
0.0305765
-0.0262334
-1.01898
0.019565
-0.019565
-0.256178
0.0889214
0.709832
0.409905
0.0190942
0.017053
-0.017053
-0.0476837
0.0154825
-0.0154825
0.186717
-0.299615
0.0241086
0.00962115
-1.19194
0.189185
-0.166909
-0.0222754
0.00355085
-0.0340355
0.0247895
-0.035517
-0.0158457
0.0158457
-0.0425309
-0.00537472
0.309104
-0.0206574
0.277499
0.779944
0.134541
-0.135955
-0.000995756
0.00679352
-0.152374
-0.361294
0.0130314
-0.0130314
0.076237
-0.0798302
-0.0633519
-0.982379
-0.00900864
0.000860074
-0.847478
-0.119889
0.00669059
-1.57534
-0.0703484
0.00461911
-0.219524
-0.0555515
0.275076
-0.0170525
0.105448
0.0049175
-0.0239525
0.00867447
0.0300007
-0.0292052
-1.08241
-0.0188854
0.0188854
0.0807024
-0.859207
-0.0150743
-0.226729
0.0253639
0.00541314
-0.030777
0.761364
0.0306239
-0.0112849
-0.133487
-0.0167364
0.0912425
0.0534532
-0.00594892
-0.265009
0.0527852
-0.0446215
-0.0225398
0.0281631
-0.0056233
-0.0401023
-0.0094093
-0.0142173
0.0142173
-0.00532381
0.0454636
0.051502
0.0346085
0.00638297
0.0254457
-0.0132367
0.0132367
-0.0178476
0.0178476
-0.0139955
-0.10166
0.0335248
0.0681347
-0.0521257
0.0377202
-0.0032835
-0.0080127
0.136895
-0.018711
-0.00739139
0.0357868
-0.0914023
0.0634243
-0.034879
0.0493186
0.605875
0.0434889
0.238434
-0.0338575
-0.331206
-0.369163
-0.19531
0.153548
0.0606604
0.0195754
0.00857321
0.00442215
-0.0232629
0.0683484
0.578941
-0.00462099
0.0277704
0.0002379
-0.0280083
-0.0104771
-0.00686191
0.0168127
-0.0168127
0.133484
-0.0560329
0.0269416
-0.00933736
0.00933736
-0.0350942
0.0496163
-0.100843
0.246034
-0.145191
0.420815
1.03506
-0.783199
-0.332549
4.97669e-05
-0.0389105
-0.0258648
0.00011529
0.0227705
-0.0233891
-0.00190351
-0.0602911
0.0521466
0.367137
-0.0127936
0.234261
-0.254919
0.486204
0.0268599
0.0313578
-0.0947098
-0.0620543
0.00245862
0.0636982
-0.00454062
-0.0576856
0.00141988
0.00562608
0.0102165
-0.278981
0.0285212
-0.00710426
0.00992006
0.0168954
-0.0168954
0.0191598
-0.0316861
0.00468825
0.0221993
0.0202681
0.00598136
0.0331821
0.0537014
0.103896
0.0307289
-0.233086
0.0251981
-0.0596825
-0.0428831
-0.0750486
0.00343011
0.930712
-0.0582698
0.0225126
0.0347234
0.00299684
-0.0271733
0.0271472
-0.0101631
0.673933
-0.0776718
0.0627609
-0.00351853
0.0406285
0.0121567
-0.0555099
0.113852
-0.0209176
-0.00342031
-0.0198426
0.0233942
-0.0236001
0.00335408
-0.0851753
0.025761
-0.0256308
-0.030296
0.0308144
0.0287884
-0.00686769
-0.020133
-0.024786
0.0250047
0.0790541
-0.0828688
-0.0329184
0.02433
-0.0291167
-0.00104347
-0.0618004
-0.598164
-0.0970636
-0.0370607
-0.0198322
-0.00480139
-0.0613691
0.0188382
0.0243265
-0.0248452
-0.00604339
0.18841
0.0270121
-0.0281292
0.0252097
-0.025785
0.0258352
0.00147911
0.117241
-0.12665
0.0518708
-0.356492
-0.0180636
-0.00557168
-0.00327149
0.0615003
-0.0071991
0.0145781
-0.0226543
-0.001689
0.0897105
-0.0216181
0.0214295
0.0236749
0.0577476
0.00523944
0.0151771
-0.00585008
0.000236184
-0.027032
0.0743217
-0.0381937
0.00738705
-0.027733
-0.142616
-0.0276085
-0.0235343
-0.00218573
0.0506139
-0.0258372
-0.0295792
-0.00265525
0.544574
-0.0298582
-0.0324007
-0.045493
-0.0789781
-0.00302819
-0.0317637
-0.242122
-0.0094404
0.0201541
-0.0240899
0.018766
-0.0702174
0.00870571
-0.122177
0.0932636
0.0036411
0.0974185
-0.0820035
0.185293
-0.0280052
0.0235841
-0.00854708
0.00341778
0.0383315
-0.107486
0.00275225
0.0267426
0.0250943
-0.00632827
0.0465178
0.0394826
0.0669154
-0.0141782
-0.0214357
0.0331385
1.48044
0.00365864
0.438209
-0.0329809
-0.131354
-0.0770643
-0.0169742
-0.038522
-0.000157592
0.1175
-0.073606
0.0247562
0.018861
)
;

boundaryField
{
    frontAndBack
    {
        type            empty;
        value           nonuniform List<scalar> 0();
    }
    upperAndLower
    {
        type            symmetry;
        value           uniform 0;
    }
    outlet
    {
        type            calculated;
        value           nonuniform List<scalar> 10(2.61782 2.79578 2.18823 2.37104 2.47872 2.94495 1.9616 3.13392 2.70088 2.55491);
    }
    inlet
    {
        type            calculated;
        value           nonuniform List<scalar> 10(-2.57539 -2.5743 -2.57581 -2.57643 -2.57308 -2.57381 -2.57468 -2.57502 -2.57154 -2.57779);
    }
    airfoil
    {
        type            calculated;
        value           uniform 0;
    }
}


// ************************************************************************* //
