/*--------------------------------*- C++ -*----------------------------------*\
  =========                 |
  \\      /  F ield         | OpenFOAM: The Open Source CFD Toolbox
   \\    /   O peration     | Website:  https://openfoam.org
    \\  /    A nd           | Version:  10
     \\/     M anipulation  |
\*---------------------------------------------------------------------------*/
FoamFile
{
    format      ascii;
    class       volVectorField;
    location    "235";
    object      U;
}
// * * * * * * * * * * * * * * * * * * * * * * * * * * * * * * * * * * * * * //

dimensions      [0 1 -1 0 0 0 0];

internalField   nonuniform List<vector> 
3042
(
(29.1258 -0.974804 -6.68049e-18)
(24.6864 0.468799 -9.74883e-18)
(24.5114 4.64565 1.53904e-18)
(28.1688 1.77387 3.58877e-18)
(24.9688 -1.52818 0)
(27.0532 0.690105 0)
(28.5093 0.0833707 0)
(28.3241 -0.896877 0)
(26.4135 3.7246 2.14956e-20)
(30.6306 4.13895 -2.10731e-18)
(21.8796 -1.94183 -9.69302e-18)
(27.2612 0.566525 7.60762e-17)
(24.2342 0.910783 2.3946e-17)
(25.0818 0.081702 7.92927e-18)
(24.9373 0.638232 0)
(22.7513 3.43039 1.10472e-18)
(26.8248 1.05375 3.49591e-18)
(29.9302 -0.604879 0)
(25.4951 2.29904 0)
(27.6064 0.50744 7.61338e-17)
(28.1298 -0.920788 5.64053e-18)
(23.789 0.394254 0)
(25.136 0.788677 9.49562e-18)
(25.1092 -4.58067 2.02464e-18)
(27.6184 2.32928 0)
(25.7312 2.66439 8.90313e-17)
(22.9258 3.61352 0)
(25.7939 3.73367 0)
(26.5419 5.72943 -3.7085e-18)
(24.5999 2.42841 -5.51041e-18)
(30.2955 -3.1256 0)
(22.8769 2.81163 -5.31693e-18)
(27.352 1.76696 -6.03651e-18)
(27.1271 -2.05491 -7.83116e-18)
(27.5894 1.71735 0)
(26.3682 0.232927 1.7925e-17)
(27.5488 1.79094 -2.32618e-18)
(29.1828 -1.09056 -1.48315e-18)
(27.1371 3.4003 0)
(29.2336 1.23558 -2.38064e-18)
(28.9312 -1.9118 -4.65329e-18)
(29.4121 -0.919563 -6.33821e-18)
(23.4113 -3.31824 5.93638e-18)
(25.1705 0.164406 2.55114e-17)
(28.9234 -1.59886 -2.38078e-17)
(26.4366 1.272 6.76836e-19)
(28.1444 5.40561 0)
(25.6051 2.49714 -1.30138e-16)
(24.7705 -3.54463 -6.27095e-18)
(25.7273 2.81296 1.23502e-16)
(28.1369 1.84286 -3.382e-18)
(11.9948 -1.46742 -2.2854e-18)
(29.0401 0.033241 1.81694e-18)
(23.8611 -3.13627 -7.03365e-18)
(27.9812 0.784359 -2.70832e-16)
(25.5056 0.936117 0)
(28.0952 0.0995809 3.7322e-18)
(23.0359 0.0293008 0)
(24.0751 0.950218 0)
(23.0285 0.133388 1.66103e-17)
(24.1152 3.49361 0)
(25.6155 -1.42302 -2.27277e-18)
(29.3765 -0.395341 0)
(29.9491 0.0811807 2.65581e-17)
(26.4455 1.4108 1.34578e-16)
(29.0131 0.284282 -2.30352e-17)
(27.0884 0.155479 -7.91101e-18)
(25.1419 -1.90222 0)
(27.3055 3.90889 3.7131e-18)
(25.7311 0.28617 1.08666e-17)
(25.9224 1.60783 1.61311e-17)
(29.0704 1.90316 -8.5175e-18)
(27.9655 3.29215 -5.24416e-19)
(23.9021 4.32937 -2.59768e-18)
(26.0948 1.62306 -9.41762e-19)
(27.2096 0.0627757 -7.36238e-19)
(27.8302 3.3516 6.70545e-19)
(26.5555 0.207853 -1.35286e-17)
(24.6178 2.69022 5.28544e-18)
(29.1488 -0.637455 1.11038e-17)
(24.1685 0.831129 0)
(25.3742 1.51167 -2.17165e-18)
(27.6018 -2.00374 -6.37288e-18)
(26.2217 3.55588 -1.32476e-20)
(26.5358 1.02135 -8.30962e-19)
(28.8974 -1.17151 -4.2476e-18)
(29.1058 0.0220558 8.27441e-18)
(26.6114 1.28672 2.18992e-18)
(30.54 4.0553 0)
(25.8653 2.69196 1.73186e-16)
(29.4549 0.30146 3.9265e-17)
(24.2552 -4.13986 0)
(21.8869 -1.38634 9.19378e-18)
(24.5963 -2.58101 0)
(25.3699 1.20695 0)
(27.0773 1.88124 1.50816e-17)
(27.9395 -1.3903 -5.05797e-18)
(25.0566 1.11332 3.27485e-18)
(29.5092 1.3156 3.41405e-18)
(24.6745 2.27099 -1.3296e-19)
(26.2787 -2.93936 -1.26124e-18)
(29.9236 0.747529 -1.40011e-18)
(25.7475 2.83082 -6.95853e-17)
(25.496 1.55598 2.16948e-18)
(25.4999 0.453682 -1.47868e-18)
(25.8159 0.257258 -2.01995e-18)
(28.3183 2.32109 1.78822e-18)
(25.167 -2.04397 0)
(24.9425 0.526166 -9.99032e-18)
(28.8218 2.73293 0)
(23.1929 0.692544 -1.3253e-16)
(28.7893 0.204402 2.93619e-17)
(28.9383 1.78644 5.16691e-18)
(27.9732 4.96692 0)
(28.3199 0.0762958 -9.26709e-19)
(20.7134 -2.77897 1.41325e-18)
(22.4235 3.5182 1.27259e-17)
(26.839 -2.00307 7.60039e-18)
(31.366 1.08311 -1.40763e-17)
(25.3372 -4.28581 -2.95783e-18)
(29.9253 0.630149 1.4115e-18)
(25.6867 -1.08067 7.82333e-19)
(25.9275 2.43302 -8.9525e-17)
(26.2739 -1.68019 -3.73893e-19)
(25.4174 -0.782586 3.73567e-18)
(26.3459 1.62163 -7.90248e-19)
(25.4314 0.306826 -3.95983e-19)
(27.2451 0.112709 9.7206e-18)
(22.3044 3.27311 -5.9831e-19)
(25.0014 0.628692 -1.24722e-17)
(24.3181 2.78644 7.23192e-18)
(28.6364 -2.03661 0)
(27.7708 -2.60448 -5.18616e-18)
(23.4499 0.118599 -1.39123e-17)
(26.0262 2.18211 0)
(25.1884 -3.86736 -1.32469e-18)
(24.8943 2.28854 0)
(26.1806 1.50502 -2.06779e-17)
(28.4581 1.80836 0)
(25.4824 0.864845 0)
(25.5131 0.165528 -1.03612e-18)
(21.8186 0.0838266 0)
(25.11 0.528511 -1.54913e-18)
(24.4156 -0.0912889 -6.06636e-18)
(25.0958 0.15132 0)
(28.0546 -1.31179 0)
(26.4101 0.0404968 -6.41411e-19)
(27.7712 3.2568 7.91669e-19)
(28.6153 2.37913 -1.67059e-18)
(25.1965 0.952691 -1.14572e-18)
(29.2388 1.20638 -5.412e-18)
(26.0128 1.66214 0)
(25.7745 1.55687 7.51859e-18)
(24.9465 -2.95406 0)
(26.0045 0.693032 1.19079e-18)
(27.0392 0.499527 -8.29339e-18)
(25.8177 2.53932 0)
(25.9372 -1.72587 4.31549e-19)
(31.2711 0.00726041 0)
(27.288 5.61051 6.72623e-18)
(24.7026 -4.50327 -1.47527e-19)
(28.1603 4.11657 -1.49486e-17)
(23.5408 0.0171332 0)
(25.8491 0.269282 2.02342e-18)
(15.2654 -2.11002 5.13724e-19)
(27.9171 0.459366 -3.77939e-17)
(29.7733 0.128159 0)
(24.8064 2.06673 9.04182e-19)
(25.5077 -2.3239 0)
(25.3845 1.36034 -8.02845e-18)
(25.5576 5.71664 -1.23733e-19)
(26.074 1.72043 6.03857e-17)
(25.9211 2.03304 2.54996e-18)
(27.1584 0.518969 -5.86089e-17)
(27.9317 -3.31182 2.14583e-19)
(26.9836 -1.71792 4.83161e-18)
(28.012 1.02289 0)
(29.218 0.592734 0)
(22.7503 -3.21192 8.69509e-19)
(26.3152 0.311799 9.68177e-18)
(25.1648 2.76687 -2.23738e-18)
(24.7984 0.380211 1.62289e-17)
(30.8007 0.13472 8.0149e-17)
(26.7959 3.82398 0)
(27.9529 -1.89643 -6.78645e-19)
(28.5863 -1.62955 0)
(22.7925 -2.50029 -1.5114e-17)
(24.9863 0.122035 -1.45704e-18)
(25.9262 1.55739 0)
(27.3298 1.6702 1.38351e-18)
(25.1637 2.19541 1.46937e-18)
(30.081 -3.16485 0)
(28.4367 -2.88257 -5.13262e-18)
(27.0412 2.25197 0)
(29.8045 0.0267903 -1.64619e-17)
(26.5793 -2.87149 2.68416e-18)
(24.6218 2.02753 -8.43369e-18)
(26.9687 -1.09261 7.74635e-18)
(16.6244 -2.10541 -1.83728e-17)
(21.1781 0.0893077 2.35008e-17)
(29.1155 0.800192 1.49941e-18)
(27.3494 -1.68413 -5.64003e-18)
(25.861 3.40476 1.39444e-18)
(25.458 3.17325 0)
(25.3442 0.33095 0)
(26.0554 3.57947 -7.16322e-19)
(28.1716 -2.58715 6.08417e-18)
(26.2915 1.25221 -4.18004e-18)
(21.8428 0.0105976 -9.36718e-18)
(23.3494 3.5765 0)
(26.0054 2.55875 -1.37143e-18)
(24.538 0.417194 7.40653e-18)
(25.2686 0.0437675 0)
(28.9432 -1.49614 0)
(25.3556 2.99292 1.41598e-18)
(23.3234 0.281008 8.78677e-18)
(29.0273 -0.685499 0)
(28.66 0.0304465 2.6113e-18)
(25.7957 3.09515 1.81991e-16)
(29.773 0.172578 6.4429e-18)
(25.7848 0.868001 -4.24867e-18)
(24.8223 0.144895 -3.4437e-18)
(25.9841 0.776075 -9.50776e-18)
(25.5961 0.807022 0)
(24.6051 0.572392 0)
(26.0016 1.56539 2.25732e-18)
(24.1639 0.530558 0)
(25.3182 3.19757 3.7371e-19)
(29.6915 0.0352329 3.06977e-18)
(27.1216 3.60273 0)
(26.0839 0.505702 0)
(25.4391 0.73734 -1.01135e-18)
(26.4072 -1.37577 -7.63721e-19)
(25.2821 0.668897 2.0664e-18)
(23.3998 0.485464 -4.14876e-17)
(31.0549 4.75365 5.94436e-18)
(25.9831 0.943676 -5.33242e-19)
(30.6332 -0.36108 0)
(29.3819 -0.54317 1.59184e-18)
(21.3529 -0.374529 0)
(27.2879 0.0195478 0)
(27.7044 0.889793 6.87824e-17)
(30.9815 0.0961713 -6.70299e-17)
(28.5384 1.82409 -2.58223e-19)
(30.1655 0.437355 -5.79551e-18)
(24.8867 0.577538 1.50742e-17)
(26.349 0.1792 -8.70685e-18)
(27.7784 0.652262 3.74142e-18)
(25.9727 3.75449 -4.90436e-19)
(27.683 0.54484 -3.41848e-18)
(29.9584 -0.0297597 -1.40282e-18)
(21.1422 -2.8201 2.25526e-18)
(29.2134 -0.000811177 -7.4132e-18)
(25.0887 0.599475 8.20955e-19)
(27.7265 1.73131 0)
(28.4327 2.1913 6.4602e-18)
(29.3368 -1.16286 6.2745e-18)
(28.9783 6.34399 0)
(12.8427 -1.08571 -8.93055e-18)
(25.9646 0.266042 -9.77804e-18)
(16.3676 2.03603 4.01128e-18)
(28.5494 -1.39115 -1.33275e-17)
(27.0398 3.72263 -2.28718e-18)
(26.3645 0.565294 0)
(25.1115 -0.25599 -4.56838e-18)
(26.1847 -4.13659 0)
(24.6014 0.896676 0)
(28.6658 2.06081 1.16495e-18)
(27.4337 3.33963 -6.25543e-19)
(27.0615 0.0450887 -2.75551e-17)
(25.8113 5.6247 1.76649e-18)
(27.5975 0.00949984 -6.4436e-21)
(29.6676 0.0345208 -9.89409e-19)
(25.4526 1.37532 3.43171e-17)
(25.4764 0.492952 1.04669e-17)
(24.3323 -1.04647 1.51352e-17)
(28.7355 3.08026 3.92437e-18)
(26.9651 0.713559 3.8424e-18)
(29.4196 0.317137 -3.91986e-18)
(21.658 3.50949 -1.60333e-17)
(26.48 -0.312134 0)
(24.9988 0.641403 0)
(21.7749 0.338657 -4.56271e-17)
(26.0532 1.12688 1.40306e-18)
(20.5313 -3.89237 2.6298e-18)
(27.6616 0.18944 0)
(27.1926 2.3424 -2.89535e-18)
(28.8908 0.850771 0)
(29.4643 1.87628 1.85389e-17)
(23.7198 3.67218 3.43424e-19)
(27.6695 2.24645 0)
(29.122 -0.281435 -3.49085e-18)
(28.2693 0.85799 0)
(24.897 0.592065 -4.42654e-18)
(28.2015 -0.116337 3.55729e-18)
(25.7351 2.73355 1.12909e-17)
(30.45 5.28705 -7.6894e-19)
(28.6509 1.4608 5.28451e-18)
(26.3292 1.80261 -3.1306e-19)
(24.3123 0.120161 1.06453e-17)
(27.1109 3.38309 0)
(21.7322 0.00859632 0)
(25.5389 1.47116 -3.85466e-17)
(29.0445 1.04357 2.75604e-18)
(22.1734 -3.44131 3.35799e-18)
(25.4024 0.178832 1.54294e-19)
(24.3116 -3.59892 8.47493e-18)
(25.9921 2.42099 0)
(27.6331 0.907145 0)
(28.0012 2.83668 2.81803e-18)
(25.3321 1.13388 4.90584e-18)
(25.361 0.732867 1.54533e-18)
(26.6607 1.48765 1.12072e-17)
(26.2671 1.49976 1.25688e-17)
(23.8284 -4.24595 -9.15859e-19)
(28.9881 -0.502559 -1.64328e-17)
(25.3435 0.0321799 0)
(25.4197 1.30909 -7.19193e-18)
(24.6943 0.767884 7.44769e-18)
(27.2965 -1.13139 -7.53992e-18)
(26.7437 1.23332 -7.04117e-18)
(28.9639 0.435612 1.75155e-16)
(27.2686 0.0504205 1.31062e-18)
(25.4951 0.430655 3.14781e-18)
(22.243 -2.40644 3.68757e-18)
(28.7465 1.63381 -8.18845e-18)
(25.4017 0.70973 -4.54146e-18)
(26.0525 3.79762 2.20104e-18)
(28.3977 2.13839 -4.26882e-18)
(27.9003 0.971454 4.71747e-18)
(29.4638 -0.933274 9.06546e-18)
(25.8588 -1.93466 2.65456e-18)
(27.3703 1.45062 -3.10317e-18)
(25.535 0.398395 0)
(26.9215 0.0540618 3.24624e-18)
(29.8736 1.26912 2.10813e-18)
(26.3913 0.968231 7.18251e-19)
(28.9979 1.71599 -3.13713e-19)
(28.6502 -1.23992 2.72801e-17)
(26.5796 1.22283 0)
(25.9242 0.642626 0)
(29.1844 0.469032 -1.61466e-17)
(29.2296 2.0488 -2.3661e-17)
(25.484 0.416644 0)
(25.838 0.504634 1.96172e-18)
(24.0515 -2.62427 -2.34497e-20)
(26.0117 1.55693 -1.13888e-17)
(19.2872 3.41077 -1.48559e-18)
(27.3094 0.106575 7.00381e-18)
(28.7312 -0.0987014 -1.35668e-17)
(27.0162 1.87066 8.81206e-19)
(27.7738 0.350737 3.52566e-18)
(30.9899 0.5419 0)
(30.0989 -0.278492 -2.35791e-19)
(26.1157 0.932201 5.44572e-18)
(25.5497 0.438457 -6.25043e-18)
(26.1821 -2.94622 -2.55319e-18)
(26.5675 0.109171 -6.69186e-18)
(25.8023 2.31198 0)
(26.6743 0.0391735 9.19214e-19)
(27.5862 -0.197999 0)
(28.9307 0.140835 -8.95753e-17)
(30.3766 -0.698935 1.10035e-17)
(24.7453 -2.14407 3.97763e-18)
(26.1958 1.11963 -6.33723e-18)
(25.3812 0.436503 1.92697e-18)
(26.3693 -1.64391 -3.1189e-21)
(26.5259 2.23666 0)
(25.0811 0.100286 -2.83286e-18)
(25.4964 -0.498205 2.5188e-18)
(28.2185 2.69873 1.08613e-19)
(25.2291 -1.55266 2.29447e-18)
(28.0065 -0.508629 0)
(22.906 1.83502 8.45148e-18)
(22.8422 -3.2145 0)
(25.6844 0.822935 -4.50517e-18)
(25.5099 0.761389 -7.44013e-19)
(26.193 0.606247 0)
(30.4156 4.51341 3.8492e-19)
(25.9358 1.75498 1.28831e-18)
(25.3501 0.70597 3.56935e-18)
(27.394 1.56418 -1.37807e-18)
(24.2942 0.51943 1.67129e-17)
(27.4854 -2.29444 6.79827e-18)
(26.8061 1.14502 9.64704e-18)
(23.6867 0.474617 3.67631e-17)
(25.8871 0.871411 4.32331e-19)
(25.1723 0.63831 -1.23906e-17)
(25.8811 0.79319 6.93857e-18)
(19.9936 -3.3364 0)
(29.3951 1.10868 -2.88856e-18)
(27.6682 -0.389741 -3.48684e-19)
(25.6568 0.433024 -1.25498e-18)
(14.987 0.211267 0)
(22.3312 0.344881 5.40995e-18)
(24.7624 -5.01113 4.44494e-18)
(30.1595 -0.689433 -8.76195e-18)
(28.0372 -1.50939 0)
(27.487 1.21406 1.45329e-19)
(24.6841 0.551696 0)
(25.5632 3.99494 -3.19173e-18)
(27.6243 -2.97991 -4.52886e-18)
(29.6892 0.806763 3.01737e-19)
(28.2844 2.36828 0)
(23.5712 3.37579 0)
(27.5923 1.16325 -7.12745e-18)
(21.3851 -0.965286 -5.62161e-18)
(27.1901 1.6863 0)
(30.4768 0.601872 1.26863e-18)
(24.7337 0.625002 -1.67561e-17)
(25.4184 3.42268 -2.2373e-18)
(26.1258 0.394078 -1.56947e-18)
(26.8229 2.05504 6.66895e-18)
(17.8477 4.35384 -2.59077e-18)
(25.3561 -2.99067 -3.46642e-19)
(24.8553 0.945758 -5.90183e-18)
(24.9345 0.56313 0)
(28.8195 1.99175 -2.60419e-17)
(22.4113 0.219304 -1.34113e-17)
(27.6728 -5.58403 -6.52075e-19)
(31.5501 3.07158 -1.04992e-18)
(24.8876 0.0630331 1.40173e-18)
(25.7714 3.14884 -1.49255e-16)
(28.1226 2.11672 2.67253e-20)
(29.8715 1.04629 3.07792e-20)
(30.4412 -0.375743 -1.61974e-17)
(27.7012 3.41339 -7.95108e-19)
(25.9686 0.115077 0)
(21.9347 0.124296 -2.67449e-17)
(25.5346 -2.6951 0)
(25.2056 0.11381 2.84217e-18)
(25.1332 2.00807 1.12082e-19)
(25.9488 0.558232 3.32511e-18)
(25.3095 0.671131 -4.27658e-18)
(27.7537 1.32895 -2.27654e-18)
(27.0478 3.45894 0)
(25.6329 3.63707 0)
(22.7944 0.654924 -1.88313e-19)
(27.8 -3.68937 -3.02656e-18)
(25.5981 0.999595 -7.67572e-19)
(25.6501 1.39381 0)
(18.3522 -2.30419 -1.46234e-17)
(26.7787 1.35742 -1.82374e-17)
(22.9873 -3.04469 3.30778e-18)
(28.9834 -2.83333 -2.83447e-18)
(24.3919 -5.6499 4.41904e-18)
(27.9181 -0.346915 0)
(21.5604 0.00665283 -5.2166e-18)
(25.9579 1.03356 0)
(26.4631 0.725509 0)
(26.7862 -1.38816 0)
(26.8663 0.142218 0)
(23.8955 -4.75889 1.22585e-18)
(27.5005 -4.28034 -3.92555e-18)
(28.4258 1.98919 -3.76877e-18)
(29.368 -1.61548 6.78822e-18)
(28.847 1.42773 -6.85242e-18)
(25.5447 0.998163 2.09606e-19)
(22.7718 -3.95339 -6.91383e-18)
(23.9165 1.0031 -1.90973e-18)
(26.3895 0.27235 0)
(28.1974 0.208272 -3.60939e-18)
(26.5022 3.35529 6.35669e-19)
(30.0039 -0.581474 -2.34145e-18)
(27.4151 1.50821 0)
(29.3716 -1.08232 -6.51116e-18)
(28.3806 0.0197771 -3.21383e-18)
(26.7239 -0.291977 -6.53293e-18)
(25.3255 0.475348 -1.54947e-18)
(26.8669 1.09763 0)
(27.1027 3.22477 2.09817e-19)
(26.8874 -1.68046 0)
(26.127 0.250397 2.57218e-18)
(29.3545 6.06276 3.75403e-18)
(27.5229 3.5346 0)
(26.7362 0.176436 5.57864e-18)
(25.5894 0.1155 -1.17713e-19)
(28.0017 2.92694 -3.80511e-18)
(27.7598 -1.10059 -2.17709e-17)
(19.872 0.0243465 0)
(25.3962 0.708108 4.20316e-18)
(28.4476 -2.18429 1.33031e-17)
(25.734 3.19243 -8.64349e-19)
(28.461 2.35819 -4.19604e-18)
(28.2305 -5.4464 2.25686e-18)
(25.692 3.40246 -6.99064e-19)
(26.7856 2.15621 -4.54093e-18)
(24.864 2.40313 0)
(28.5257 2.56626 -1.43522e-18)
(25.1683 2.55249 3.11076e-18)
(25.9998 1.22153 4.88015e-18)
(27.0504 3.23888 0)
(29.0176 1.93572 1.97718e-18)
(28.3015 2.50536 -1.13098e-18)
(25.4532 0.686857 -6.53246e-19)
(26.4238 1.46694 -3.2756e-17)
(23.5591 2.97849 0)
(26.2737 -1.06088 5.96197e-19)
(25.9323 3.84152 0)
(25.2835 2.11367 0)
(25.2445 1.27283 9.60893e-18)
(26.9362 0.96029 -1.47138e-18)
(24.9298 -0.391368 6.20086e-18)
(30.1338 -0.00746464 4.63e-18)
(25.9871 0.0384167 0)
(28.2245 -2.03713 -3.68257e-18)
(25.5601 2.54553 0)
(25.8514 0.441108 -6.94823e-18)
(31.0859 -1.48008 0)
(25.4323 0.517802 0)
(27.6579 3.19646 -1.67133e-18)
(28.9907 1.87101 -1.66395e-18)
(29.8163 0.373926 1.72518e-18)
(19.8434 0.0552456 -6.47717e-18)
(29.0776 1.76827 0)
(21.8382 -4.55539 -1.56963e-17)
(28.0261 -0.155446 8.98982e-18)
(20.3146 0.173619 -3.16891e-18)
(30.5881 0.23392 -1.35326e-16)
(25.1615 0.724109 0)
(25.3688 1.36313 -8.20972e-18)
(28.8774 -1.73816 9.80003e-18)
(27.7459 0.784093 0)
(26.8224 0.0819851 7.14865e-18)
(28.5437 2.36765 -1.05567e-18)
(24.4306 1.37696 -1.81433e-17)
(20.1661 0.086304 1.69186e-16)
(25.4817 0.551343 0)
(29.2728 0.970336 -2.80013e-18)
(28.2962 -1.45269 2.81022e-18)
(14.7627 -1.95671 0)
(23.5133 0.987037 0)
(28.1711 2.79729 0)
(28.0295 2.61173 -1.5028e-18)
(25.3306 2.26417 -1.46237e-18)
(28.3259 -3.33153 0)
(25.5935 0.842365 0)
(25.1054 0.951778 -8.95898e-18)
(26.1115 3.34035 -2.22923e-19)
(29.0491 1.76855 0)
(25.0111 0.935032 0)
(18.1777 0.868913 -3.35296e-18)
(25.5048 0.833549 0)
(27.3536 3.44551 0)
(25.5541 2.17727 8.27021e-19)
(21.2413 -3.31665 0)
(30.2413 5.70233 0)
(27.4651 0.477966 -5.55198e-17)
(26.1153 0.259423 -2.57996e-18)
(30.5003 0.222568 3.66416e-18)
(24.9026 0.641721 0)
(28.2329 -4.00838 2.64067e-18)
(31.5203 3.98807 1.06471e-17)
(26.074 1.78085 -4.58225e-17)
(26.4944 1.51295 -3.59486e-19)
(26.4536 0.443535 0)
(27.2206 3.13605 -1.78751e-18)
(21.8588 0.215625 -3.08087e-17)
(26.8056 1.03333 -2.85538e-18)
(27.0757 0.74311 2.54732e-18)
(25.2967 0.661599 0)
(29.7448 5.94267 -7.88157e-18)
(27.5621 3.07037 -3.61128e-18)
(25.7473 2.23398 1.78278e-17)
(21.1366 0.0533696 -1.72141e-17)
(26.7794 -0.847844 0)
(30.5106 0.0613149 -5.86233e-18)
(30.7135 -2.71923 -6.34687e-18)
(25.2877 0.643155 3.27508e-18)
(31.0022 1.50408 9.91566e-19)
(24.675 1.91408 0)
(26.5054 5.36153 1.89819e-18)
(28.987 0.318792 -9.27947e-17)
(21.2316 -3.43164 5.73026e-18)
(28.5545 -1.03833 3.72313e-18)
(25.6788 0.183767 0)
(28.1197 2.07018 -7.17679e-18)
(26.5234 3.45724 -1.10855e-18)
(24.2136 1.00499 1.50881e-17)
(28.5301 1.74804 3.88144e-18)
(26.855 -2.01406 5.14115e-19)
(27.6228 4.10056 -4.81017e-18)
(26.2703 0.281928 2.03315e-18)
(24.894 4.43284 4.08034e-18)
(18.8751 6.77808 -7.68124e-18)
(28.2184 -0.945272 2.66744e-17)
(30.5136 1.47672 -1.23721e-17)
(28.3929 1.5891 6.37338e-18)
(28.8961 1.57082 2.80097e-18)
(30.693 5.45081 -4.33204e-18)
(28.7201 -0.666446 0)
(26.9925 2.15789 -1.35417e-17)
(24.964 1.90395 -3.46706e-18)
(28.3592 2.25747 -2.17046e-18)
(25.3313 1.82566 -6.41441e-18)
(24.3659 0.616057 0)
(25.0414 0.081769 1.66065e-17)
(26.7666 0.339235 -3.54486e-18)
(29.4691 1.47903 0)
(30.0933 4.79325 2.81126e-18)
(28.0429 -1.75615 1.13986e-18)
(29.9859 0.191661 5.39841e-18)
(18.3452 -0.267276 -1.64989e-17)
(28.817 -0.326452 -1.44238e-17)
(27.9637 0.346252 -4.71827e-18)
(26.743 3.63578 1.54297e-18)
(18.9463 -2.37901 1.23167e-17)
(27.1469 -0.528083 6.65674e-18)
(25.8404 1.36123 1.11986e-18)
(26.4441 2.34895 8.63462e-19)
(29.638 1.25902 -1.84343e-18)
(24.0164 -3.2794 -5.24067e-19)
(26.2764 3.84978 -3.20478e-20)
(24.712 0.0952586 0)
(28.0159 2.29801 9.03845e-19)
(27.2043 5.39884 -4.41597e-18)
(31.2218 0.0737558 1.00115e-17)
(28.6232 1.01308 0)
(25.1239 -0.870724 -4.3131e-18)
(19.979 2.2904 -8.644e-18)
(19.716 0.0602236 -1.67923e-16)
(31.2465 0.0691823 -1.27174e-17)
(28.7349 1.18443 1.12533e-17)
(24.4663 3.63199 -3.92795e-19)
(28.8825 -0.00695991 4.52413e-18)
(27.4042 -0.96126 0)
(25.7595 3.40452 0)
(30.673 0.247741 0)
(20.3491 0.125201 0)
(25.7415 3.37143 0)
(31.6519 0.0320465 0)
(19.4084 0.0303058 0)
(29.4527 1.39982 -1.64337e-18)
(26.2166 1.47118 1.98709e-17)
(23.6441 0.93885 -2.15699e-17)
(25.729 1.61698 -1.40092e-17)
(28.1559 0.379867 0)
(22.3795 -4.93528 8.61602e-18)
(22.5771 -3.55619 6.67261e-18)
(28.5573 0.183011 4.70776e-17)
(26.9817 2.00159 5.05735e-18)
(25.4997 0.462636 -4.97265e-18)
(27.719 2.72694 7.96836e-19)
(21.9437 0.606488 -5.75735e-16)
(28.9907 0.25162 -4.95057e-18)
(24.3701 -0.729668 -1.08736e-17)
(31.3547 4.49882 -5.90466e-18)
(28.6551 2.12353 1.19321e-18)
(26.0743 1.90539 -2.47842e-18)
(22.5053 0.457276 -8.10236e-19)
(25.412 0.152359 1.02048e-18)
(23.4827 0.0191101 4.39846e-18)
(25.7722 0.935934 3.15206e-18)
(28.2915 -0.71565 -2.84762e-17)
(19.7407 0.0662926 3.30348e-18)
(19.6067 -0.00285433 0)
(25.2455 1.01842 0)
(29.0175 0.488267 -5.53003e-18)
(25.1895 0.416673 1.08397e-18)
(27.3431 -0.149114 -8.16318e-18)
(28.7155 1.9188 0)
(26.8722 -0.0171962 1.99589e-18)
(21.4827 -2.82204 -8.36157e-19)
(22.7777 0.0215596 5.21135e-18)
(27.64 4.95675 -5.90297e-18)
(29.5783 -0.0183601 -7.04689e-19)
(25.3196 0.55147 0)
(21.6706 -0.00236994 -3.35334e-19)
(26.8645 3.2006 1.72446e-18)
(27.2925 2.00905 1.73078e-18)
(30.6834 1.15225 -2.09531e-17)
(25.2538 1.61096 -2.24053e-17)
(23.7527 0.661379 0)
(26.6592 0.461219 0)
(25.4757 2.7883 5.96756e-19)
(26.8375 0.371215 -7.98797e-18)
(23.6869 0.554069 8.34735e-17)
(28.0989 -4.42523 4.82249e-18)
(25.7787 -1.2273 0)
(28.621 -1.86949 -2.04892e-17)
(21.9313 -2.99979 3.1805e-18)
(28.5929 2.2123 -3.65539e-18)
(24.5297 0.0428983 -2.08763e-18)
(25.1026 1.23513 -9.27865e-18)
(25.4189 5.07769 6.87667e-19)
(28.1944 2.80849 6.60838e-19)
(27.2389 0.188528 -3.58363e-18)
(28.7986 2.1165 -1.65567e-21)
(25.3508 -0.257943 -2.68011e-18)
(26.7107 1.15244 0)
(21.4174 -2.96242 -4.72561e-18)
(31.2119 -0.0192058 1.22486e-17)
(22.6426 0.571371 1.33038e-16)
(25.3857 0.680531 0)
(25.8882 0.240788 0)
(28.3369 1.41423 -1.9986e-18)
(21.0121 0.0215195 1.09131e-17)
(27.8973 0.856032 0)
(30.7363 -2.47558 0)
(27.4414 0.218182 4.99007e-18)
(26.8481 0.935254 3.18035e-19)
(25.7517 3.16424 -4.20166e-18)
(29.4983 0.558924 4.4341e-18)
(25.581 1.30221 0)
(27.154 1.83931 -5.3184e-18)
(27.691 1.39667 -3.4963e-18)
(19.3964 0.0515677 0)
(26.177 2.30798 -2.75777e-18)
(31.1738 2.87982 1.83364e-17)
(25.4668 0.555362 5.19562e-18)
(30.4598 0.703965 0)
(25.3565 0.278511 -6.86791e-19)
(29.7839 2.54985 0)
(26.6937 1.13042 -2.95659e-17)
(25.1309 0.278968 3.95302e-18)
(25.0741 1.30703 0)
(25.0301 0.243805 -1.31758e-18)
(27.7223 -5.39238 1.13526e-18)
(25.7239 2.42466 -1.56566e-17)
(26.4933 -2.12007 -1.53332e-18)
(16.5269 -1.12048 0)
(25.9832 1.57103 2.17572e-17)
(25.3261 0.763395 3.5549e-18)
(26.0277 0.231886 3.21779e-18)
(28.4861 1.70144 0)
(26.9178 0.649256 0)
(31.3473 -0.001739 0)
(25.5989 2.32086 -1.86388e-17)
(25.3923 3.06917 6.04387e-18)
(27.478 0.552172 0)
(25.7641 0.757064 0)
(30.5437 -2.58825 4.69457e-20)
(24.4018 2.22239 -3.17754e-18)
(27.4899 1.35084 7.11425e-18)
(28.5639 0.812262 -4.42114e-18)
(29.6559 0.0326294 -1.39512e-18)
(28.7268 -0.895134 -1.27554e-18)
(29.6325 -0.521517 0)
(28.14 -5.10851 -2.32976e-18)
(27.4875 6.26781 2.68464e-18)
(29.3686 -0.148548 0)
(25.5924 0.183244 -1.17025e-17)
(24.0397 3.0498 1.26106e-18)
(19.6606 0.0248027 -1.65692e-19)
(29.4202 0.055034 -3.44502e-17)
(21.0353 0.0312165 -1.50839e-17)
(27.4481 0.8565 -9.80222e-18)
(29.4056 0.354468 0)
(30.3413 0.0467079 -3.3936e-18)
(24.8667 0.762104 -5.02889e-18)
(28.4314 2.70155 -2.42127e-18)
(31.3035 0.00143449 0)
(26.3102 2.39315 3.13476e-18)
(29.993 -0.248016 0)
(29.1446 -1.58132 1.0577e-17)
(29.219 1.79848 7.70079e-18)
(25.0545 1.15092 2.15225e-17)
(25.4466 0.75074 -4.25709e-18)
(30.1513 0.0799072 -2.51206e-18)
(27.3506 1.12285 -4.95353e-18)
(26.8879 -1.83506 -4.16778e-18)
(30.0808 1.94091 9.34576e-18)
(24.8776 1.20424 -6.15591e-17)
(27.1629 -0.118345 0)
(28.4808 -0.985932 -6.82191e-18)
(25.5832 2.50623 0)
(30.2969 -0.00833697 0)
(26.119 1.63628 2.41301e-17)
(31.1212 0.104081 1.32816e-16)
(29.2577 -0.899511 9.58361e-20)
(26.5428 1.32764 0)
(19.9894 0.10126 -2.24422e-16)
(24.7217 0.72941 0)
(26.6578 2.53944 -1.31544e-18)
(29.9508 0.0208881 0)
(30.6822 0.387362 6.66728e-18)
(24.6409 -0.109042 -7.14173e-18)
(28.102 3.23693 6.45978e-18)
(25.5353 0.374211 -2.05123e-17)
(24.4321 0.101296 -3.08619e-18)
(26.0146 -3.83604 -6.10884e-19)
(27.221 1.37618 1.11805e-17)
(26.7053 0.292623 0)
(26.9991 0.186264 3.14284e-19)
(25.6315 2.95506 0)
(26.2684 1.72892 -8.64421e-17)
(29.4108 -3.01807 4.38757e-18)
(26.8609 1.13317 7.25105e-17)
(30.7488 -1.63601 -5.09181e-18)
(26.9263 1.66789 3.53714e-18)
(25.4064 1.39351 2.87058e-17)
(26.4965 1.41697 4.14081e-18)
(19.6184 0.011916 1.50497e-17)
(23.0899 0.583017 0)
(30.3586 0.386022 -1.06202e-18)
(25.1282 0.580214 9.37642e-18)
(20.8016 0.170595 0)
(24.6713 -5.82712 2.00641e-18)
(27.266 2.66282 0)
(26.4422 1.32244 -1.06718e-17)
(25.7835 0.67135 0)
(29.0711 0.69663 4.98174e-16)
(27.0831 1.58721 8.80454e-18)
(26.5159 1.87706 -1.33762e-17)
(19.2736 0.0171629 0)
(31.6826 0.00492224 0)
(27.075 2.10526 7.31041e-18)
(25.2609 0.580041 -1.14609e-18)
(21.0406 -0.010719 0)
(20.5815 0.188001 1.91462e-16)
(28.2849 2.52087 -4.62789e-18)
(28.823 1.98984 2.96023e-18)
(25.7243 0.566448 7.22964e-18)
(28.9236 1.37032 1.93104e-17)
(29.3183 1.61165 0)
(27.7369 -1.7598 0)
(27.8983 3.93015 1.07844e-17)
(27.7405 0.0104883 0)
(25.0502 2.34711 -2.89369e-18)
(30.9469 1.72995 7.16242e-18)
(28.6404 -1.58783 0)
(23.9785 -5.3644 1.3471e-18)
(20.9251 0.0148435 1.04762e-17)
(25.2647 3.50482 -4.95801e-19)
(26.8976 1.76471 3.82633e-18)
(26.9667 1.48414 0)
(28.1285 1.98767 3.84432e-18)
(25.9735 -0.948546 2.86092e-19)
(29.0806 -1.06751 -1.25817e-18)
(19.3469 -2.66109 -1.26674e-18)
(29.6068 0.0970996 0)
(27.2226 2.09706 -1.00679e-17)
(20.1727 -2.75994 -1.32903e-17)
(19.9866 0.0192417 -5.91306e-18)
(25.799 3.41019 1.25791e-16)
(26.6562 0.727929 8.94108e-18)
(25.6849 3.27526 -1.12278e-18)
(30.533 2.68256 5.93406e-18)
(26.9059 2.28121 0)
(27.6229 -2.50418 0)
(26.2414 1.01171 0)
(26.6493 1.29799 -7.00075e-18)
(29.4733 2.72178 -8.1857e-19)
(30.1558 -0.0513019 -1.80777e-18)
(28.5206 -0.254448 -1.17253e-17)
(28.6581 -1.72429 -1.79872e-18)
(27.5909 0.245973 0)
(27.1957 -3.97277 -2.64254e-18)
(26.6934 1.9503 -1.14862e-17)
(25.2283 0.547965 1.02137e-18)
(25.5045 2.9961 -8.01257e-19)
(23.473 6.09893 7.53022e-18)
(24.9282 1.02714 -3.11507e-17)
(29.2503 0.17537 0)
(26.5793 -3.21978 -2.2703e-18)
(25.7558 3.25315 2.69134e-18)
(26.487 0.259478 0)
(26.2608 1.66247 8.41197e-18)
(20.892 -2.15647 2.28323e-18)
(22.0255 0.713002 0)
(27.6099 2.59369 3.93535e-18)
(24.4485 0.948672 -5.68541e-18)
(20.9753 -0.00649697 0)
(25.2747 0.964177 -1.09342e-17)
(26.6738 1.34898 -8.34217e-17)
(27.36 -0.642192 0)
(27.4512 3.54243 3.59825e-18)
(23.5441 -3.17388 0)
(27.2187 0.661802 0)
(24.4608 1.43521 0)
(28.1156 -1.90301 0)
(26.3955 6.32621 -9.09515e-19)
(26.0658 1.34965 -2.95501e-18)
(26.7434 1.62622 2.66474e-16)
(24.4684 -3.30069 5.76049e-19)
(28.3476 -2.06775 -3.29172e-18)
(31.4435 0.0774852 0)
(25.3634 1.69373 1.09517e-17)
(28.0234 1.94993 -3.58914e-18)
(25.6367 2.34168 0)
(23.2203 -2.11137 -8.638e-18)
(29.8401 0.523701 -3.34095e-18)
(29.8689 1.20445 -9.00736e-20)
(25.2404 1.01656 0)
(27.1533 1.36905 -3.62557e-18)
(26.4341 -0.194827 5.31951e-18)
(29.1514 0.746411 8.94286e-18)
(25.442 3.80721 2.09913e-19)
(28.0611 2.20741 2.70668e-18)
(20.4606 2.67566 -2.23474e-18)
(30.1999 0.875244 -2.38106e-18)
(26.5908 -2.09639 0)
(26.7887 0.199925 -1.872e-17)
(28.0034 -1.10039 4.01236e-18)
(31.0947 0.232876 -1.28945e-17)
(26.4448 2.09044 2.19308e-18)
(25.7405 2.0935 0)
(22.5909 -1.22231 -1.06317e-17)
(27.7612 3.04764 0)
(26.6979 3.61225 0)
(25.8521 2.22496 4.94526e-17)
(24.6316 0.395588 9.05538e-18)
(19.3446 0.0315976 0)
(25.4396 0.724714 -4.3614e-19)
(30.0214 0.431962 0)
(25.8424 2.11187 1.74817e-18)
(25.3861 0.724484 9.01588e-19)
(28.7129 -0.673329 -5.14417e-18)
(26.1502 2.14982 -3.39495e-18)
(27.9909 -1.60208 -5.63663e-18)
(25.9776 2.06496 6.90441e-17)
(25.87 3.16587 1.48971e-19)
(31.5601 0.00596064 0)
(26.3854 3.10644 4.02194e-18)
(25.761 0.392695 5.50244e-19)
(29.3396 -1.43468 1.66375e-17)
(25.5623 -3.70204 1.24257e-18)
(26.2305 3.67496 2.03496e-18)
(25.3133 0.778805 0)
(19.2605 -0.00260006 0)
(28.0847 3.13453 1.52624e-18)
(28.402 2.09073 -1.668e-18)
(28.0363 2.49657 0)
(21.7756 0.0430259 3.15824e-17)
(23.2648 1.74527 2.23679e-17)
(24.634 -3.32844 -5.27259e-19)
(27.9181 1.93438 2.47932e-18)
(22.2178 3.24514 0)
(25.3361 -1.147 0)
(29.258 0.167307 -2.65336e-17)
(29.0123 -1.39825 0)
(27.2626 6.29314 -4.21931e-18)
(27.6554 1.02342 0)
(30.1559 0.0286386 -1.22139e-17)
(19.593 -0.00539484 6.80674e-18)
(27.7409 2.59404 3.29383e-18)
(24.6577 1.35665 -1.99716e-17)
(28.2889 0.302806 7.08071e-18)
(25.0469 2.85489 0)
(25.7518 1.39008 8.6786e-20)
(28.9938 -0.279066 1.97087e-17)
(24.0926 0.0409885 9.83485e-21)
(27.4261 1.79126 0)
(25.3428 2.59926 0)
(22.0105 0.14191 1.67764e-17)
(27.6355 6.40427 -1.73104e-18)
(19.2517 0.00407878 -1.48048e-17)
(19.5936 0.000737757 8.13112e-18)
(27.3974 1.86144 -1.82594e-18)
(26.068 -4.41301 0)
(22.9466 0.883234 4.38344e-16)
(27.2705 1.92045 2.24336e-18)
(26.6674 2.25034 0)
(23.925 -5.49212 -5.29447e-18)
(25.3493 0.558207 1.94733e-18)
(26.0813 2.24903 4.56289e-17)
(25.1756 1.03146 6.09267e-18)
(28.7877 0.051139 1.85959e-17)
(25.5881 0.921466 2.51055e-19)
(20.8681 -3.42024 0)
(27.2918 3.02438 4.89734e-18)
(28.7231 2.21032 -1.85238e-18)
(21.3049 -2.35872 0)
(26.5753 -0.0936936 7.22197e-18)
(27.0173 4.70458 3.35822e-19)
(28.335 2.91229 -8.79592e-19)
(22.4483 1.05705 -1.27243e-17)
(20.6768 -1.14979 -2.36608e-17)
(26.9418 3.06529 -1.72381e-18)
(27.6305 2.95414 3.06252e-18)
(25.604 0.517208 3.69328e-19)
(26.6968 1.23363 -5.08472e-18)
(26.2521 -0.135903 -1.03373e-17)
(25.7316 3.26201 -5.7961e-16)
(25.787 3.213 0)
(25.8034 1.24211 -9.54776e-19)
(28.8123 -2.03694 6.52532e-18)
(25.768 3.87081 -4.00977e-19)
(21.669 0.0353466 -1.07594e-17)
(26.2485 3.31418 -2.60921e-19)
(25.546 2.04601 4.12753e-19)
(25.704 2.45189 -2.22105e-18)
(25.6119 1.61655 7.3868e-18)
(26.4839 3.95549 3.18203e-20)
(25.3269 0.397756 0)
(30.7347 -1.86268 -5.33844e-18)
(26.1263 1.52746 0)
(28.4503 2.64169 0)
(29.5971 1.6407 0)
(30.1348 0.714612 0)
(25.0073 2.70377 2.2835e-18)
(26.7922 2.65236 2.02457e-18)
(27.0754 0.283324 -6.59431e-18)
(26.4602 -0.84748 -7.50253e-19)
(28.6793 1.96448 0)
(27.784 0.0498894 -2.57407e-17)
(28.253 1.6462 -6.24994e-18)
(28.0318 0.203854 2.26345e-18)
(26.2007 0.0664967 4.02818e-18)
(26.6443 3.34938 2.50643e-18)
(15.311 -2.39894 -3.06158e-18)
(28.6453 2.03859 3.79854e-18)
(25.1844 0.0796106 -1.5144e-18)
(25.9051 1.95378 0)
(31.7021 -0.0251064 -1.45726e-17)
(25.5685 1.48759 9.38763e-19)
(22.15 0.460221 0)
(24.5995 0.737903 1.1921e-17)
(25.456 1.35623 7.19664e-18)
(25.9391 -0.595586 -4.36083e-19)
(27.5935 -2.30678 -5.06091e-18)
(21.1835 0.327082 1.8167e-19)
(26.4208 0.0491444 0)
(28.2024 1.47966 1.87055e-18)
(22.4952 0.318054 -3.62892e-17)
(31.2955 5.05819 0)
(28.2863 -1.20762 3.16925e-18)
(21.6519 2.89948 4.52513e-18)
(25.2258 0.680381 2.67039e-19)
(26.4153 -3.27058 2.90147e-18)
(24.5471 0.0796879 -3.75188e-18)
(24.3165 0.651725 0)
(16.4421 -1.9392 1.06226e-17)
(28.7122 1.7379 6.75675e-19)
(26.6902 1.69271 1.40512e-17)
(25.5236 0.366062 -3.90146e-18)
(28.5545 -1.89764 3.87199e-18)
(29.0218 1.59226 4.58147e-18)
(25.662 0.875426 0)
(19.2367 0.00164187 -1.53887e-17)
(30.0613 -1.33387 -6.74555e-20)
(26.5632 2.03078 -9.50018e-18)
(25.7791 3.35539 -2.02692e-16)
(21.0813 0.00422132 1.34534e-18)
(22.5261 -0.166126 5.80065e-18)
(29.0998 -1.70251 0)
(24.3229 0.84371 0)
(26.8805 -0.618738 -5.9706e-18)
(29.6618 0.849983 -3.82705e-18)
(31.8671 3.43058 -7.77937e-18)
(26.9097 3.48508 -1.53029e-18)
(28.5007 -0.828216 3.28661e-18)
(23.1184 -4.13419 0)
(24.1679 3.13495 -1.24661e-18)
(25.9072 2.06544 0)
(29.348 -0.170282 8.11386e-18)
(25.7113 1.56053 -1.55449e-17)
(31.4545 -0.000857445 0)
(19.6291 -0.00540259 0)
(19.306 0.00628352 0)
(26.1771 0.00579564 0)
(19.3221 -0.00268777 0)
(19.2486 -0.00790495 0)
(27.9506 0.0476641 3.9868e-19)
(31.6495 -0.0170784 0)
(31.3667 -0.00937686 2.17429e-18)
(31.654 -0.00101964 -2.12029e-18)
(31.5676 -0.00728476 9.0904e-19)
(31.3364 -0.0177631 -9.73091e-19)
(21.9205 -0.0179412 0)
(23.7265 0.0588627 -1.57869e-18)
(24.7953 -0.00206607 0)
(22.9532 0.0337043 -1.74383e-20)
(24.3197 0.0274341 1.40863e-18)
(27.2707 -1.86744 0)
(28.6414 -0.489754 6.24749e-18)
(25.251 0.73739 -1.06807e-17)
(21.2384 0.0301667 0)
(26.6184 0.027971 4.08385e-19)
(21.7084 0.26736 1.32672e-16)
(28.4549 1.0897 -4.55535e-18)
(25.7547 3.48866 0)
(26.7286 0.0448718 0)
(27.5352 0.0502029 1.34747e-18)
(26.2465 1.48769 0)
(25.6367 0.331687 1.26538e-17)
(27.0056 1.40808 -1.14308e-16)
(29.7672 0.432551 -4.65475e-16)
(25.5975 0.37745 7.71727e-19)
(30.0265 -0.855552 5.23566e-18)
(25.9656 2.83462 0)
(26.3814 1.43636 -7.21371e-18)
(25.2617 1.25184 1.55387e-18)
(24.9716 -0.6402 0)
(28.6231 1.29524 -2.17199e-18)
(28.6699 -0.167578 4.7588e-18)
(15.553 -1.54975 -3.36038e-18)
(25.2956 0.0909564 1.51768e-18)
(28.3164 0.0302627 0)
(29.8021 0.0108156 -3.74096e-18)
(27.7652 0.00669991 0)
(28.4299 0.892739 4.42299e-18)
(28.4378 1.91251 -3.85322e-18)
(24.8258 0.0744819 6.63278e-18)
(24.1522 0.0239811 0)
(27.1567 -0.302037 8.14396e-18)
(25.7236 3.45592 0)
(25.236 0.741633 0)
(25.2832 0.0361277 0)
(25.6697 0.767033 5.11229e-18)
(27.0786 0.0199165 -9.93563e-19)
(25.3423 0.64719 -6.141e-19)
(22.3594 0.0313277 -1.45834e-18)
(25.4348 3.74541 8.26822e-19)
(25.4534 0.563224 1.03644e-18)
(11.5396 -1.99441 -4.12339e-18)
(27.2723 0.0180032 -2.88543e-19)
(26.0269 6.65209 -1.31049e-18)
(25.3299 0.696813 -5.95884e-18)
(27.5192 0.48701 0)
(30.955 2.09383 -4.07444e-18)
(19.8114 0.0443537 -6.48673e-17)
(28.7622 0.120065 -4.47638e-18)
(26.748 0.037927 -1.41194e-18)
(26.4208 1.54706 0)
(27.1796 0.0496638 1.37181e-18)
(28.0588 0.0484527 1.0107e-18)
(21.2082 0.364059 0)
(23.4685 0.0167315 0)
(26.9122 0.0281744 1.08896e-18)
(25.3913 0.51267 -1.96046e-18)
(24.7847 0.0506823 -2.08131e-18)
(26.4553 1.57229 1.1038e-17)
(24.3459 0.0152381 0)
(24.5077 0.0263575 4.78853e-19)
(28.1335 0.0509682 0)
(30.2827 -2.87028 0)
(24.5533 1.9346 3.14522e-18)
(25.3109 1.24305 -1.56346e-17)
(25.0302 0.0354589 1.36917e-19)
(28.617 0.0150956 0)
(28.8085 0.384968 4.86061e-18)
(25.3933 5.60031 -7.07943e-19)
(26.1064 1.95921 9.22252e-17)
(25.6114 0.045956 -2.12029e-19)
(27.5169 0.164233 0)
(25.1572 0.040949 -6.28954e-19)
(25.0476 0.0508813 -1.48293e-18)
(27.0701 0.0294091 -6.5951e-19)
(26.3597 0.144025 3.01743e-18)
(27.3712 0.0444493 -1.34671e-18)
(25.0832 5.56868 3.46857e-20)
(25.6901 1.58104 -4.02565e-19)
(28.829 0.659923 1.0612e-17)
(26.5972 0.040322 -6.66545e-19)
(27.706 3.55007 1.42989e-18)
(26.1109 0.82823 -3.00942e-18)
(28.5775 1.68083 0)
(25.9464 0.0466806 -6.7697e-19)
(26.9016 0.0407468 6.57301e-19)
(25.171 3.07205 2.60206e-18)
(26.3379 1.40434 2.55967e-17)
(30.3509 0.280417 0)
(28.8066 0.939378 -3.64439e-17)
(25.4975 0.0408995 1.70159e-19)
(25.7365 3.03921 0)
(26.2014 0.0430301 0)
(28.1332 -0.537643 -2.77477e-17)
(25.7862 1.86064 -2.95734e-17)
(26.4434 -0.163039 1.27694e-18)
(27.9587 0.027102 0)
(24.3783 0.0297149 -9.51195e-19)
(26.0605 0.0524592 5.99435e-19)
(25.4716 0.700789 0)
(27.8883 3.01858 0)
(26.3315 0.0280356 -1.18838e-19)
(27.2856 0.053017 1.99347e-18)
(31.2758 0.00308297 2.88707e-18)
(27.3742 0.701475 4.85184e-17)
(24.6664 3.41642 -2.33469e-18)
(27.5544 0.0298072 9.72943e-19)
(25.819 0.0591216 0)
(27.7399 0.0335453 0)
(25.6178 0.033615 2.19835e-20)
(24.1305 0.0461853 -4.74452e-18)
(25.7772 0.278427 0)
(25.3972 0.0753667 1.15654e-18)
(25.9769 -1.78006 -1.38435e-18)
(25.4261 1.13089 5.67832e-18)
(28.3678 0.0208057 0)
(16.4389 -0.91715 -5.31257e-18)
(26.1841 1.55781 -2.82691e-19)
(24.4161 3.68954 1.20513e-18)
(28.7368 2.05859 -4.50114e-18)
(27.7235 0.925219 2.59302e-17)
(26.1543 6.28862 0)
(25.9572 -3.22724 2.01975e-19)
(25.462 0.776965 5.79162e-19)
(24.3603 -3.43926 1.63749e-19)
(31.763 -0.00184062 0)
(26.5776 0.049689 -2.76028e-18)
(25.9318 0.0672305 0)
(26.3637 0.806696 -1.16393e-18)
(25.0546 -2.72845 0)
(25.8503 0.0317435 0)
(24.7831 2.42971 0)
(26.9241 0.273762 1.57255e-17)
(19.6428 -0.00921172 0)
(19.6167 -0.0111561 0)
(29.2986 -1.57036 0)
(27.392 2.67786 1.09923e-18)
(25.3881 0.71758 -3.5384e-18)
(26.8145 0.247121 -2.54367e-17)
(25.8048 0.0863065 6.78048e-19)
(24.6653 0.0614026 -2.51245e-19)
(25.6022 1.48211 8.23563e-18)
(25.5153 0.130228 2.1074e-19)
(25.3904 0.0498996 5.92258e-19)
(27.0397 1.38824 0)
(25.7281 0.0389016 1.88281e-19)
(25.257 1.31936 1.11146e-17)
(25.5034 0.0586332 -5.93097e-19)
(19.2434 0.0027866 0)
(29.4324 -0.00949517 0)
(27.3551 0.144143 -1.00081e-17)
(24.2779 0.299034 -7.83332e-18)
(31.3308 0.0313948 0)
(26.3417 0.0363314 5.5567e-19)
(24.0763 0.221376 -1.1958e-17)
(28.5537 2.49312 3.42333e-18)
(28.2603 0.0536372 -1.10393e-18)
(26.474 1.33795 1.82257e-17)
(30.2155 0.0978612 9.61386e-18)
(26.6631 0.286808 0)
(26.0765 0.039764 -6.50583e-19)
(25.2859 0.0659098 -1.15462e-18)
(26.8817 2.415 -3.3863e-18)
(27.3615 0.38181 -4.93872e-18)
(26.4469 0.122684 0)
(24.6371 0.64281 -7.15715e-19)
(26.2084 0.0324111 -5.24763e-19)
(30.226 4.09531 0)
(25.8586 2.66557 -3.45132e-20)
(25.4295 0.222974 3.99765e-18)
(28.2203 2.35753 -1.03974e-19)
(28.3792 2.8455 0)
(26.5316 0.23828 0)
(24.846 1.28266 1.4037e-16)
(31.624 1.37586 0)
(24.9371 0.0585846 -5.7929e-19)
(26.1255 -0.464533 0)
(25.4552 0.51233 -4.80704e-18)
(23.5382 0.272772 -2.84404e-17)
(25.7009 0.0763437 0)
(28.4956 -3.15818 5.01996e-18)
(21.682 -4.0244 0)
(29.703 -1.22487 -4.04937e-18)
(26.5603 0.275019 7.83701e-18)
(23.8905 0.0386166 8.6242e-18)
(25.2178 0.591155 -2.58498e-18)
(25.6972 0.111577 7.11287e-19)
(27.6893 0.963451 -3.81335e-17)
(25.8431 2.40912 -8.89309e-17)
(27.8593 0.0504959 0)
(27.3821 0.678552 9.48968e-18)
(25.6105 1.16852 0)
(25.7671 -0.180746 -3.67424e-19)
(27.2766 1.29115 0)
(24.2487 0.0339591 -6.52991e-18)
(27.076 -2.65229 4.86576e-18)
(25.4637 0.254733 1.87159e-18)
(28.4683 3.2808 0)
(24.8184 -5.71349 0)
(27.3225 0.966249 2.20681e-18)
(26.8291 -1.64714 1.27372e-17)
(24.9015 0.0422106 2.41594e-18)
(25.7858 5.37184 1.7569e-18)
(26.3171 0.0665592 3.95942e-18)
(29.7245 -0.0803019 -4.37428e-18)
(25.1633 0.982552 2.9392e-19)
(24.1661 0.458018 -1.67969e-17)
(26.5673 0.0384702 -2.56662e-18)
(27.4521 0.0096677 -4.71773e-18)
(27.2134 1.20105 5.3117e-18)
(27.4074 -1.96403 0)
(25.7272 0.702635 0)
(25.7997 0.0227686 0)
(25.6385 0.921276 -1.27722e-18)
(27.0855 -3.05495 0)
(26.4206 0.0711062 5.32393e-20)
(27.2875 3.68168 -1.80976e-19)
(27.6968 -0.881016 6.91895e-18)
(25.6256 2.79194 -4.05233e-19)
(31.1375 2.51853 0)
(27.6011 0.0466801 -5.59386e-18)
(26.4896 0.02941 5.13057e-19)
(28.6005 0.043758 0)
(27.0927 1.43619 -1.71414e-17)
(27.86 1.43407 2.56505e-17)
(25.9691 1.43077 0)
(29.9854 0.109897 -1.37596e-17)
(25.8879 -2.77779 0)
(28.4313 0.0458513 0)
(25.6957 0.615862 -4.32696e-18)
(29.541 -1.87406 0)
(24.6041 -5.11271 -3.12449e-18)
(29.4896 0.0104674 0)
(25.4053 0.717103 2.25995e-18)
(31.6183 0.0226972 -1.50858e-18)
(29.6884 -1.17916 1.99526e-18)
(27.4649 -1.9329 -4.22657e-18)
(24.1569 0.320573 1.75612e-17)
(25.8547 -2.20931 6.43526e-19)
(25.7769 0.0253347 0)
(31.5139 1.58272 -4.45391e-19)
(27.4023 -0.47281 1.0412e-17)
(27.6322 0.149254 1.67178e-17)
(25.1098 1.41816 -1.41453e-18)
(25.6053 0.145974 3.39602e-19)
(26.9356 1.62394 -3.18538e-18)
(24.6031 1.78798 1.17486e-17)
(30.4665 2.25206 -1.73979e-17)
(26.094 0.0772767 -7.71445e-18)
(25.7592 2.6704 0)
(26.1167 -1.77938 -1.34298e-18)
(31.7623 0.000156039 0)
(25.7146 3.17994 0)
(24.0136 0.0310732 2.9468e-18)
(24.6011 0.117897 1.50377e-17)
(24.2153 0.225658 -1.06311e-17)
(28.5348 0.432227 2.97879e-17)
(25.4795 1.81826 0)
(26.5402 1.15331 -6.90064e-19)
(25.9733 2.80284 0)
(30.6033 3.95155 7.51066e-18)
(27.5417 0.114857 -1.77009e-17)
(28.6884 0.196883 3.08094e-17)
(26.7479 1.78186 7.39842e-18)
(29.9436 1.12387 -6.25383e-18)
(25.2934 0.420741 4.54511e-18)
(28.3422 -2.0199 0)
(25.1459 -2.26674 0)
(28.1653 0.0413404 6.47238e-18)
(25.6105 0.312781 -4.30425e-18)
(27.186 0.967073 1.15521e-17)
(25.5068 2.16485 -5.8243e-19)
(22.9219 0.0173411 3.12159e-19)
(25.6155 -0.0275289 -1.13581e-18)
(26.9497 0.746063 0)
(24.8262 2.7952 1.21491e-18)
(26.5858 3.69344 4.81459e-19)
(26.2074 0.0932415 4.00171e-18)
(27.1856 0.37803 0)
(28.6882 0.295046 1.01373e-16)
(27.8939 1.82281 6.68528e-18)
(25.3156 -2.96711 0)
(19.2798 -0.00573044 0)
(25.875 1.18271 0)
(24.6277 0.028142 0)
(24.5836 0.507767 7.32008e-18)
(24.4821 0.350736 -8.61356e-18)
(27.7489 -1.39523 0)
(19.5734 -0.00172523 0)
(28.5233 0.0186482 1.4995e-18)
(24.435 0.148046 -1.11229e-17)
(27.103 0.443992 9.55303e-18)
(28.6372 2.27892 0)
(26.1728 0.185952 -5.25554e-18)
(24.2981 0.393949 -9.12087e-18)
(29.2818 0.0783378 1.73038e-18)
(26.6736 0.948235 -3.1679e-18)
(28.3047 -2.36679 0)
(27.1068 -2.33069 -6.80374e-19)
(25.9632 0.105261 -1.2701e-18)
(28.4852 -1.07885 1.28783e-18)
(15.7792 -1.2948 0)
(26.0603 0.184247 -6.64872e-19)
(25.5332 0.211401 -9.63374e-19)
(28.5003 2.52799 2.04008e-18)
(30.3004 0.00566503 -4.43702e-19)
(26.6891 6.33365 0)
(24.7007 0.0190863 0)
(31.4058 -0.0128774 2.7619e-18)
(27.3296 -3.64312 5.36791e-18)
(26.6809 0.274217 0)
(24.2728 0.181795 1.7085e-17)
(30.2437 -1.09648 0)
(27.8755 2.04913 1.0489e-17)
(25.7716 2.93232 0)
(26.5139 -2.02512 0)
(25.6027 0.0980402 -2.31694e-19)
(21.8177 0.677411 1.4059e-17)
(25.2652 1.85261 -3.44321e-18)
(25.9436 -2.93769 0)
(25.7649 3.19054 0)
(24.8824 1.56885 2.7947e-17)
(25.7325 1.58147 4.95687e-18)
(25.6604 2.02133 1.90391e-18)
(25.9392 0.218981 2.96583e-18)
(25.6311 0.555085 -3.33208e-18)
(19.8009 0.0101477 -3.11121e-17)
(26.9485 3.68491 7.56759e-19)
(27.5304 0.0669371 1.67654e-18)
(23.9378 0.277654 -3.21134e-17)
(25.5215 1.46731 0)
(28.7485 0.473064 6.90092e-17)
(25.3936 0.229319 4.05289e-19)
(26.5362 1.93508 3.64982e-18)
(22.2576 2.48996 2.46503e-18)
(25.2503 0.780903 7.02186e-18)
(25.2232 1.14295 9.00755e-18)
(25.8758 2.32367 -7.1136e-17)
(26.7199 0.822763 -7.07474e-18)
(27.616 6.32827 0)
(22.68 -0.0251402 -5.1173e-18)
(27.3451 -2.31342 1.35041e-17)
(25.6076 1.46673 0)
(26.0704 0.120508 -3.37851e-18)
(27.8386 -2.53992 -8.72198e-18)
(27.8202 0.157567 6.84755e-18)
(25.4086 0.362433 0)
(26.528 0.127838 6.40594e-18)
(28.46 0.102887 -1.93193e-18)
(24.3038 0.124071 -6.88771e-18)
(25.3702 4.72869 -6.46542e-19)
(29.9512 -1.46738 -5.13244e-18)
(30.0376 0.369883 0)
(25.9574 0.0331036 0)
(22.9348 0.771295 0)
(20.5876 -2.86393 1.01549e-17)
(25.2841 1.84704 0)
(27.8345 0.276195 0)
(24.1178 1.06275 5.57123e-18)
(23.4886 -1.39766 4.14559e-18)
(20.9297 -0.00494949 5.20877e-18)
(28.9667 0.0514425 0)
(26.9862 0.246199 1.40771e-17)
(25.3024 0.723186 -3.98893e-18)
(23.0979 0.233743 0)
(29.0255 -1.28339 -1.88766e-17)
(24.9849 -1.25321 5.27015e-18)
(24.1714 2.41645 -1.23357e-17)
(24.7378 -0.293417 -7.07309e-18)
(29.0776 1.91684 1.97089e-18)
(24.7168 1.07102 1.91035e-17)
(26.5982 -2.41825 0)
(26.4815 0.197116 0)
(25.7176 1.99798 4.3339e-20)
(25.995 2.06286 -1.73672e-18)
(26.2755 2.03811 8.03295e-19)
(25.8311 0.024788 0)
(25.2446 0.0350772 0)
(27.768 2.29198 0)
(25.1107 0.828483 2.67226e-18)
(27.5831 0.405338 0)
(27.0653 3.79823 0)
(24.1017 0.141745 6.76103e-18)
(29.249 1.72456 0)
(25.7325 -0.435005 4.2103e-19)
(25.7849 1.54821 6.94677e-19)
(25.8465 0.135474 2.81329e-18)
(23.7853 -2.17405 8.7133e-18)
(24.7754 0.179368 3.97102e-19)
(25.6501 1.9063 -4.82891e-19)
(25.2763 0.875563 1.94638e-18)
(25.1371 0.676832 -4.96962e-18)
(25.1676 1.90067 1.52073e-17)
(27.7163 1.23714 -2.65904e-18)
(25.3438 0.707591 0)
(25.6316 2.88263 0)
(24.6399 1.23534 0)
(25.8221 2.98062 0)
(26.7702 1.11787 0)
(25.4708 6.36396 0)
(29.5779 0.147412 -1.24339e-17)
(27.3218 1.05546 2.04815e-17)
(27.5086 -2.127 4.03099e-18)
(23.3773 -5.21756 -2.59978e-18)
(26.7527 2.8778 7.28878e-19)
(22.6138 2.49956 0)
(26.1508 0.200691 -3.34269e-18)
(24.9232 3.48289 2.05744e-18)
(25.1868 0.832915 -3.24094e-19)
(24.5645 0.251099 0)
(29.3143 1.40817 2.69484e-18)
(25.6595 2.27005 0)
(27.0131 0.0355445 3.6756e-18)
(27.003 1.18392 -1.07888e-16)
(25.2479 1.12897 -1.02227e-17)
(24.6571 0.284154 0)
(25.9358 0.153853 0)
(19.6137 0.0290798 0)
(31.3508 0.0256306 0)
(31.6723 -0.0205458 0)
(19.2412 -0.0418927 0)
(25.3969 0.71455 0)
(26.5734 1.21989 -1.63729e-17)
(21.5034 0.0203534 -2.15903e-18)
(30.1178 0.0254588 6.30498e-18)
(30.2446 -0.728211 5.82227e-19)
(28.1237 0.498251 4.33903e-17)
(28.8411 1.35479 2.90829e-18)
(27.4596 2.7037 0)
(26.3806 -2.0646 5.91344e-18)
(25.4683 1.59751 -1.02127e-17)
(25.7325 0.0297331 0)
(27.4338 0.640412 -3.69191e-17)
(26.2071 1.60817 -7.47987e-18)
(24.0258 0.184883 -5.01545e-18)
(26.9872 0.02169 4.95749e-18)
(28.4289 0.112573 0)
(25.6397 1.58001 7.95862e-18)
(27.1213 0.366868 1.89827e-17)
(27.9377 1.68448 3.20415e-18)
(24.475 1.14423 -8.12059e-17)
(25.5375 2.1259 0)
(24.236 0.0287607 0)
(26.8045 0.995156 -2.65157e-18)
(31.4103 0.0225388 1.80745e-18)
(26.1364 2.32376 -5.60158e-16)
(27.3582 0.209704 0)
(25.5199 0.397169 4.50594e-18)
(28.0193 3.10955 0)
(25.9924 1.96816 -1.68366e-17)
(25.6146 2.12006 0)
(26.1839 -0.831663 -1.68361e-18)
(22.3943 4.92639 0)
(25.7467 0.175245 0)
(25.5731 0.333476 9.93658e-18)
(27.4294 0.359066 0)
(26.5887 3.09868 0)
(27.4966 0.0100963 8.96799e-19)
(28.0525 0.281907 -2.90842e-17)
(24.994 1.27432 -4.25408e-18)
(25.5176 0.809945 -1.38598e-18)
(26.8405 5.14883 -3.5067e-19)
(21.3133 2.73599 2.20997e-18)
(27.6899 0.188956 -6.83901e-18)
(27.5081 0.705885 -5.22892e-17)
(24.3517 0.4536 7.51528e-18)
(23.0642 -0.0816534 -2.36094e-17)
(25.7888 2.97526 0)
(26.1289 4.61993 -6.75872e-18)
(25.347 0.798159 -6.802e-19)
(25.4821 1.05452 -7.91079e-19)
(16.7287 1.66088 0)
(25.7152 0.927355 0)
(25.3733 1.79817 6.02501e-17)
(24.2333 -0.11359 2.51698e-17)
(16.9049 1.49196 8.29992e-18)
(24.483 -3.25105 8.59446e-19)
(25.3559 0.926238 0)
(25.6967 1.17138 0)
(31.3976 0.00949795 0)
(16.026 1.5874 -3.46236e-18)
(14.7908 -1.44519 -1.01021e-17)
(24.5047 1.60005 1.42281e-16)
(29.9613 0.981778 4.24865e-18)
(28.656 -1.7604 1.36403e-17)
(24.9662 0.176272 4.56797e-19)
(30.3164 -0.841478 -9.30441e-18)
(15.5927 2.22635 -2.34078e-18)
(16.9829 2.18641 6.59984e-19)
(30.0805 1.59227 0)
(16.8128 -4.19302 0)
(24.7256 1.88613 0)
(30.6621 -2.71399 0)
(17.1306 -0.883643 0)
(18.5428 0.928159 3.74374e-18)
(25.5999 -5.27316 -1.85894e-18)
(16.6764 1.92554 -8.13141e-19)
(28.7203 1.98792 3.60624e-18)
(29.1277 -0.113911 9.92619e-18)
(29.7542 5.28565 0)
(27.2165 0.865624 -3.1475e-17)
(16.3118 2.14878 -8.00666e-19)
(15.9049 2.08337 0)
(23.4531 0.439797 -3.67831e-17)
(12.2196 1.84247 0)
(27.2762 0.22705 1.66771e-17)
(17.8356 0.854995 4.19459e-18)
(24.7518 0.225628 -2.04501e-18)
(26.7786 -3.9177 8.35648e-19)
(14.8307 2.25655 0)
(16.8424 1.22224 -4.25152e-18)
(25.8316 0.188913 9.3243e-19)
(12.9078 1.94004 -1.88364e-18)
(22.2305 -2.80131 7.25885e-19)
(25.4298 0.619521 0)
(28.0678 -2.06124 0)
(27.2927 3.19869 0)
(16.8691 1.33255 0)
(17.4164 1.19745 4.82578e-19)
(25.4167 0.0331061 0)
(20.8462 -2.47009 4.95494e-18)
(29.4822 1.52333 3.66825e-18)
(17.3111 1.30983 0)
(23.881 -0.516886 -3.04237e-19)
(24.1049 3.45131 2.5894e-18)
(25.5124 0.571593 0)
(28.1802 1.32557 1.7905e-18)
(29.2764 5.04308 5.91009e-18)
(17.6825 1.29416 2.49726e-18)
(25.9248 1.61465 -3.55716e-17)
(27.4554 -1.45999 0)
(17.3325 1.02334 -3.52871e-18)
(19.6602 -0.127418 -5.03369e-18)
(17.3796 1.15132 8.36599e-18)
(16.8381 1.38151 3.55589e-18)
(16.2805 1.43461 -3.92205e-18)
(16.0987 2.49607 0)
(17.178 1.45622 0)
(16.4993 1.97323 2.4491e-18)
(17.8238 1.22831 4.47778e-19)
(19.6494 -0.25578 5.15516e-18)
(26.0452 2.91149 0)
(18.2016 0.657577 0)
(16.7122 1.80436 3.84728e-18)
(18.2401 0.152151 0)
(15.6404 2.39865 5.64976e-19)
(16.9101 1.24219 3.19763e-18)
(19.9875 0.251 -1.35429e-19)
(25.4231 0.696784 0)
(17.8517 0.71541 -5.95327e-19)
(28.7961 1.99289 -5.37797e-19)
(17.77 1.17069 0)
(25.86 3.72864 1.14304e-19)
(24.7192 1.12439 1.08932e-17)
(17.1462 1.403 0)
(19.7411 -0.383926 5.20176e-18)
(15.7191 2.40533 -1.45709e-18)
(16.9857 2.14401 2.38895e-18)
(25.1383 0.644392 7.08456e-18)
(19.4892 0.491263 0)
(14.3384 2.39117 -5.65279e-19)
(23.4199 -3.89708 -4.32799e-18)
(29.9142 1.02973 -3.38624e-18)
(14.1622 2.38428 -9.4026e-20)
(19.578 0.0979532 7.99619e-20)
(18.5646 0.596956 4.40653e-18)
(17.1508 1.0486 0)
(26.3116 0.162571 2.26004e-18)
(26.8587 3.73113 -1.48824e-18)
(24.5492 1.59941 0)
(17.2622 0.910641 0)
(31.1153 3.51748 0)
(27.8167 -1.15399 0)
(25.4965 -2.01796 -2.53343e-18)
(22.5665 1.39599 6.84067e-18)
(27.1119 0.292859 -1.69062e-17)
(17.6988 0.805441 4.4809e-18)
(25.5319 -4.97602 1.76216e-18)
(23.4359 0.145193 2.13884e-17)
(28.9689 -0.976965 0)
(14.579 2.28399 -1.2291e-18)
(18.6485 0.0172878 -5.93276e-18)
(14.2488 2.31069 2.1573e-18)
(25.6775 0.213811 -5.10421e-18)
(29.3718 -0.624016 -2.22124e-17)
(14.1028 2.4074 0)
(30.0833 0.46865 0)
(23.7946 0.0511681 8.40233e-19)
(19.7712 -0.511104 -4.95789e-18)
(25.7325 0.232972 -2.24532e-18)
(26.1897 5.12592 6.81181e-19)
(25.0465 0.590247 4.85318e-18)
(27.0192 -2.65596 4.21687e-19)
(27.0407 0.326778 0)
(25.7928 0.165451 0)
(27.9494 0.346226 0)
(23.1485 -1.49342 1.09214e-17)
(13.7735 2.30911 -3.44199e-19)
(24.6395 0.204149 6.96803e-18)
(22.7842 -0.552501 0)
(26.088 2.10542 5.82872e-17)
(29.0944 1.67705 -5.30059e-19)
(19.6491 -0.0666581 -4.98242e-18)
(16.7995 -4.07612 2.12819e-18)
(27.0725 0.102626 4.77403e-18)
(29.6416 0.831207 2.20443e-17)
(20.749 -2.62946 5.78504e-18)
(26.6933 1.10462 5.25941e-17)
(25.2291 0.752002 3.44186e-18)
(28.1902 2.66968 0)
(12.7215 2.24372 5.0469e-19)
(29.3228 1.39224 -5.01743e-18)
(25.1784 0.0311726 0)
(28.4194 0.724065 0)
(26.9948 1.08417 -1.64681e-17)
(25.6499 0.28139 2.19406e-18)
(26.5224 2.53811 -1.04294e-18)
(25.4581 1.25918 1.08797e-18)
(21.5842 -1.44977 -6.50957e-19)
(27.0701 6.20888 -4.49624e-18)
(25.6043 0.259768 5.28632e-18)
(16.6757 -4.19889 4.58674e-18)
(25.8011 1.95726 1.45632e-17)
(25.5743 0.748942 -9.0713e-19)
(28.4132 -1.90528 5.46421e-18)
(26.2337 0.143695 -1.01581e-17)
(13.2497 2.34676 8.57836e-19)
(23.9663 0.234397 9.98892e-18)
(19.838 -0.823519 5.03787e-18)
(12.6874 1.97833 0)
(29.7106 0.533747 1.37448e-17)
(25.7913 2.63207 4.72826e-17)
(21.1669 -2.10618 4.59543e-18)
(18.3092 -4.23511 -3.08312e-19)
(24.6799 -2.57836 4.58666e-18)
(23.2346 0.0525264 9.85171e-18)
(27.0289 1.22831 1.4202e-16)
(25.4433 1.68616 0)
(31.8961 2.81877 1.52364e-17)
(19.448 -3.96634 2.87584e-18)
(27.2595 1.00247 -8.07916e-17)
(21.6165 0.0277252 -9.5964e-18)
(26.142 0.67325 1.92618e-18)
(25.3985 0.679998 -1.08915e-18)
(29.9445 -1.09572 0)
(23.4166 -0.506874 2.23667e-17)
(27.4514 -1.78817 2.60468e-18)
(25.9955 0.331983 4.76673e-18)
(23.4334 0.23471 -2.05472e-17)
(26.8766 0.826761 0)
(20.2064 -1.9994 -1.29801e-18)
(17.3173 -4.21065 -1.58743e-18)
(19.7179 -0.715679 -1.11782e-17)
(23.8906 2.71101 -5.59676e-18)
(30.3397 0.935324 1.65336e-17)
(27.823 -1.79578 -7.90716e-18)
(29.8986 0.0328148 -1.43007e-17)
(26.9052 0.778216 1.84288e-18)
(17.9845 -4.28931 -1.19696e-18)
(27.4187 0.832705 6.23456e-17)
(19.958 -3.96118 -4.67832e-18)
(25.3059 0.815109 0)
(18.7453 -4.22174 -3.15406e-19)
(21.4639 -1.93148 9.04767e-18)
(18.6292 -4.13875 0)
(20.6884 -2.85998 0)
(25.1182 0.522243 0)
(20.2727 -3.27335 -1.74421e-19)
(28.2473 2.96097 -8.12768e-19)
(26.3776 0.253407 -5.21805e-18)
(23.0469 4.4372 0)
(20.5308 -3.0539 5.09126e-18)
(23.6734 -2.75428 2.24934e-18)
(27.1159 -2.98527 2.54244e-18)
(26.8301 0.317363 -5.93812e-18)
(12.0017 1.80889 3.91138e-18)
(25.3205 0.989633 -8.47341e-19)
(19.8318 -3.67655 3.16421e-18)
(20.0329 -3.42513 3.11182e-18)
(14.0416 -1.2944 -5.73276e-18)
(25.4272 0.351829 -4.28051e-18)
(16.3161 -4.01237 -2.77588e-18)
(24.8247 1.50005 0)
(17.873 -4.34871 9.46491e-19)
(28.7115 -4.01625 0)
(25.1438 0.456761 7.67664e-19)
(26.3606 -2.26105 0)
(18.9398 -4.13726 -3.55488e-19)
(24.8762 3.02285 -1.62021e-18)
(26.421 -2.32883 -1.23184e-18)
(28.5488 0.0300894 0)
(12.0214 2.05603 0)
(23.1635 3.78779 0)
(22.6861 2.85908 -4.32015e-18)
(29.6258 -0.322713 0)
(19.0217 -1.20636 0)
(26.19 3.77198 -1.20613e-18)
(27.5826 1.43086 5.07338e-18)
(29.9718 -0.897872 9.90517e-18)
(25.5179 1.48226 -1.67134e-17)
(25.547 0.307305 -7.10959e-18)
(27.2623 0.50064 0)
(29.8592 -0.00621825 4.23247e-19)
(30.4152 -2.01611 4.28239e-18)
(30.6845 -0.0928002 7.54672e-18)
(23.1006 -3.28693 6.01259e-19)
(29.1896 -2.02974 -6.12308e-18)
(25.4121 0.889541 -2.32574e-18)
(27.2516 -2.23645 -1.96953e-18)
(15.7644 -3.7139 -8.02825e-18)
(30.1201 -0.18914 7.72384e-18)
(15.5873 -3.85499 -9.04725e-18)
(24.6404 -1.32693 -4.60686e-18)
(24.1666 0.417839 -1.27524e-17)
(26.867 0.529136 -7.12755e-19)
(25.4315 -0.0755912 2.09711e-18)
(23.8462 2.48964 7.18294e-18)
(28.9441 5.63644 -7.58519e-18)
(25.1739 0.389281 1.55779e-18)
(25.4334 0.735008 5.03227e-18)
(26.1424 -2.3953 -3.98887e-19)
(27.9261 -0.704128 -5.26529e-18)
(27.8856 0.585248 0)
(27.8289 2.12477 -4.47197e-18)
(25.9927 1.66963 3.43867e-17)
(27.0421 0.962649 9.53564e-17)
(25.8027 1.64198 -1.09697e-17)
(24.9138 0.397142 6.57211e-18)
(25.06 0.540942 -4.4553e-18)
(27.2366 -2.97643 5.73129e-18)
(12.2182 1.75574 1.77688e-17)
(25.3398 1.16009 -2.58736e-18)
(22.7031 3.0685 -5.94097e-18)
(28.0529 -1.58848 -2.19327e-18)
(27.7675 0.0370131 0)
(30.0896 -0.00680224 -2.7041e-18)
(25.4978 0.738377 5.44297e-18)
(15.5321 -3.56584 0)
(26.6904 0.284972 -9.13058e-19)
(25.424 1.33146 3.78842e-18)
(27.3368 -2.91501 6.46542e-18)
(24.8748 0.311116 0)
(25.433 1.89095 1.99909e-18)
(20.8436 -2.93237 -2.01806e-18)
(25.4917 1.70386 1.02221e-17)
(9.9669 1.45302 1.82833e-17)
(25.1247 5.40796 3.53979e-19)
(27.6506 1.33235 0)
(26.0472 -1.59078 5.52112e-18)
(27.7504 2.38546 -3.05005e-18)
(25.0846 1.62356 0)
(25.053 0.477596 0)
(25.4081 1.9183 -6.05209e-17)
(29.6318 1.50692 -7.09392e-18)
(27.3199 0.825387 -3.09801e-17)
(26.8515 1.02897 -2.22233e-17)
(25.4148 0.680085 4.46599e-19)
(26.4074 0.246199 0)
(27.9287 0.0273212 -1.04254e-17)
(24.8686 0.52736 -1.19422e-17)
(26.2802 2.20141 -3.48445e-18)
(25.0908 0.418742 -2.61892e-18)
(27.4092 -2.69911 4.31227e-18)
(23.7056 0.0689491 -8.5903e-18)
(24.6768 0.49166 4.63685e-18)
(25.3814 1.3915 1.71311e-17)
(25.4072 0.721084 0)
(25.2433 0.480144 -1.17754e-18)
(12.4284 1.44242 -8.59599e-18)
(25.7812 1.69989 2.03986e-17)
(27.4344 -4.59441 1.36263e-18)
(25.801 2.81903 0)
(16.5121 -0.94448 1.12495e-17)
(24.0347 1.57362 0)
(27.7874 0.266958 0)
(28.1207 0.0868443 0)
(12.8453 -1.76465 -8.74527e-18)
(27.0867 -3.27062 0)
(24.3939 1.21379 1.04837e-16)
(26.9037 4.37718 -3.86563e-18)
(25.0789 1.50661 -5.2135e-17)
(25.2986 6.87527 8.22915e-18)
(27.4155 2.8096 -2.44758e-18)
(24.7763 1.01317 -3.1473e-17)
(23.9106 0.0808409 2.1341e-18)
(26.3552 1.38324 -5.26014e-17)
(14.8593 -3.28656 0)
(25.2251 0.883146 -7.61572e-18)
(24.2513 0.696644 0)
(28.0125 1.61584 6.85342e-18)
(25.5167 1.59885 -1.74527e-18)
(14.7727 -1.08771 4.8463e-18)
(25.4374 1.41528 -7.40441e-19)
(27.6556 1.96241 -2.117e-18)
(30.1031 -0.861355 6.71163e-18)
(24.9157 1.76632 0)
(27.0436 2.81144 2.71838e-18)
(25.0891 0.833297 -1.06709e-17)
(25.0246 3.12822 -2.84559e-18)
(21.6102 0.000317525 0)
(31.7175 0.0106999 -7.18426e-18)
(27.8688 2.67888 1.049e-19)
(29.0224 0.669019 0)
(26.9029 -4.51798 -1.29003e-18)
(26.6301 -4.19467 0)
(26.6124 0.259854 7.48413e-18)
(25.1645 0.224486 2.40701e-18)
(26.4769 3.17524 0)
(13.9099 -2.51089 2.07685e-17)
(22.3044 -2.20634 9.8876e-18)
(24.5561 -1.37837 -5.42184e-18)
(27.7984 -2.22483 -5.64772e-18)
(29.7717 2.11524 0)
(27.3392 -1.46184 -2.05603e-18)
(24.141 0.265427 1.45731e-18)
(29.3271 1.56605 0)
(25.1774 -0.151331 -1.34485e-17)
(25.3977 0.345192 -5.32715e-18)
(14.6102 -2.98565 -1.75075e-17)
(25.6663 2.62992 3.48017e-20)
(27.4688 0.244512 -2.78328e-17)
(25.3674 1.24156 -3.07459e-18)
(17.9884 -1.3364 0)
(24.8331 1.63702 0)
(25.056 1.48604 -1.85757e-18)
(26.3684 -0.553039 6.68059e-19)
(25.1949 1.48541 4.85005e-17)
(25.898 1.62726 -2.83705e-18)
(27.5423 2.19465 1.35648e-18)
(26.1915 -2.82282 -5.80393e-19)
(24.4661 0.296033 6.58544e-18)
(27.7041 6.10029 0)
(27.5375 0.304913 0)
(17.0896 -2.90112 3.98137e-18)
(28.8323 0.102933 -8.5545e-18)
(26.3361 1.54388 1.34822e-18)
(14.599 -1.34713 -5.96779e-18)
(26.6381 1.58517 6.38853e-18)
(27.0269 -2.95531 -3.82119e-18)
(25.2866 3.95427 -1.17271e-18)
(27.7262 0.0397494 1.06587e-19)
(29.2326 -1.49583 -1.20354e-17)
(25.2589 -5.93779 3.60383e-18)
(26.0384 0.141447 0)
(26.5298 -3.54926 -2.69454e-18)
(24.598 0.335854 -6.57603e-18)
(18.2566 0.614949 8.96395e-18)
(25.8591 1.02966 4.33013e-18)
(27.366 0.278308 0)
(23.726 2.13675 -8.89648e-18)
(28.2996 1.26004 -1.79264e-18)
(27.7769 0.219644 9.17881e-18)
(31.1162 -1.10079 -2.93659e-18)
(25.5485 1.0952 5.22693e-19)
(28.2198 0.891229 6.30574e-18)
(25.2199 1.59351 -7.04347e-17)
(21.4532 0.110709 7.57112e-18)
(25.3202 1.44119 -1.79743e-17)
(26.2448 2.00096 -1.16567e-16)
(24.8718 0.895118 -2.32132e-17)
(26.9408 -0.129062 4.91154e-18)
(30.0476 0.923447 0)
(26.6171 0.165518 6.14479e-18)
(24.6654 1.6704 2.26837e-18)
(28.1883 0.542593 0)
(26.0891 -0.239719 3.80559e-18)
(27.2023 2.53964 -3.66941e-18)
(26.949 0.172926 1.15884e-17)
(15.6531 -1.22598 0)
(25.3548 1.49581 1.31183e-17)
(30.6146 -0.270774 -7.66786e-18)
(28.0675 -1.0477 2.59909e-18)
(14.6819 -1.41862 -3.36336e-18)
(23.0614 0.155941 -2.59463e-17)
(24.9097 0.853748 2.34066e-17)
(21.5647 0.126173 3.53365e-17)
(27.0155 0.929046 -5.98943e-17)
(26.6581 0.0930082 2.97629e-18)
(28.3761 -0.409528 1.56209e-18)
(27.2053 0.667354 0)
(26.2413 2.80583 1.54183e-18)
(23.3651 0.114197 -6.51258e-19)
(28.5842 4.53634 -1.62765e-17)
(26.8284 1.01643 2.38672e-17)
(25.3269 1.07502 1.4535e-18)
(28.515 0.138415 0)
(26.9517 1.34743 0)
(24.2018 -0.496578 -7.19209e-18)
(26.7142 1.33747 1.5903e-18)
(27.0582 -5.38756 8.41819e-19)
(24.8309 0.360906 0)
(28.5457 0.636366 -1.71012e-19)
(27.0111 2.52522 4.12554e-18)
(15.1487 -0.909558 -6.1549e-18)
(26.4407 2.88469 0)
(26.7532 1.43077 3.68923e-18)
(29.4889 0.985608 6.5483e-18)
(28.318 -0.218326 2.10429e-17)
(25.4384 0.664435 0)
(25.3241 1.21239 0)
(27.3651 2.20666 -4.50174e-20)
(25.58 1.71501 4.31855e-18)
(25.3288 1.53261 2.39367e-17)
(26.8623 0.156478 -6.13477e-18)
(26.7978 -1.63306 1.68559e-18)
(26.468 4.30891 3.453e-18)
(28.7155 1.6215 8.87685e-18)
(26.8157 0.351117 -2.8864e-18)
(25.2381 1.66287 1.25423e-18)
(22.9735 0.312901 -5.68049e-18)
(25.0429 0.88341 2.17531e-17)
(25.6112 0.708583 0)
(26.7362 -0.508776 0)
(26.6316 1.4378 -5.22066e-18)
(28.3667 1.99038 -5.00915e-18)
(25.8302 1.09797 -3.33718e-18)
(22.941 1.69443 0)
(27.9904 1.28928 1.55671e-18)
(21.537 -2.62299 0)
(29.6141 -2.56897 0)
(28.5958 5.39972 4.70107e-18)
(23.7937 3.87531 0)
(28.1946 3.04149 -2.52385e-20)
(26.2374 1.8671 4.38802e-19)
(25.1089 0.749572 4.36736e-18)
(22.0356 -4.02947 0)
(16.1283 -1.19563 0)
(29.6756 -2.32493 4.08404e-18)
(13.2691 -1.86489 2.13437e-18)
(27.9863 0.229209 0)
(25.3141 0.983501 -5.26564e-18)
(22.8119 -5.16118 -5.54987e-18)
(26.5473 2.80254 0)
(29.0369 -2.57903 0)
(31.2736 0.62997 -9.86724e-18)
(25.6802 1.06764 -1.6405e-18)
(11.1618 -1.98356 0)
(14.5686 -1.17875 4.55925e-19)
(17.8484 -0.626792 1.01483e-17)
(26.6527 1.67011 5.31964e-18)
(25.9229 -0.113413 -3.07303e-18)
(26.7638 -3.08864 2.95298e-18)
(25.3264 0.820809 4.91655e-18)
(29.3728 4.62553 -1.34371e-17)
(29.9711 -0.947938 -2.70864e-19)
(29.2145 2.49633 7.78896e-19)
(20.247 -2.39786 9.43584e-18)
(25.0384 0.780728 -2.89006e-18)
(18.2552 -0.489988 0)
(25.5896 1.50212 0)
(23.7236 0.419164 0)
(25.5458 0.717678 0)
(15.355 -1.04232 0)
(18.013 1.03846 -3.86783e-18)
(23.3481 0.0227651 0)
(15.4837 -1.28381 -2.19521e-19)
(18.6066 -0.220148 0)
(23.2695 0.0307003 -4.51269e-18)
(25.3939 1.47205 -9.32834e-18)
(28.175 4.52665 9.21229e-18)
(15.7168 -1.04545 -6.67316e-19)
(15.3867 -1.02889 5.07125e-18)
(25.542 0.640456 2.09498e-18)
(17.7539 2.51833 0)
(30.0502 -1.0044 -9.69877e-18)
(15.7968 -0.69856 -6.07596e-18)
(16.7074 -0.4054 0)
(30.0579 2.86518 -1.11087e-17)
(26.9624 -2.784 0)
(25.9574 0.237306 -6.2087e-18)
(17.6504 2.5478 -2.56573e-18)
(25.2886 -0.308184 5.02805e-18)
(27.5895 2.117 -1.33686e-18)
(28.2549 0.681553 0)
(27.1987 0.198426 3.59022e-18)
(24.4772 3.87994 0)
(26.0964 -2.02116 -1.19975e-18)
(16.39 -0.429845 -7.27191e-18)
(24.7725 0.701286 1.62093e-17)
(24.0755 2.46571 0)
(15.6372 -0.771512 4.70463e-18)
(19.009 0.889865 -3.77439e-18)
(24.1886 2.26709 -1.69662e-18)
(26.2117 1.38303 7.78536e-18)
(30.3448 -0.647644 4.57092e-18)
(15.1038 -0.929354 0)
(26.9708 0.693536 7.10494e-18)
(23.4872 0.201023 3.27891e-18)
(31.4351 3.69537 4.01355e-18)
(29.8597 -0.128263 -3.11213e-18)
(17.8882 -0.105891 -1.31054e-17)
(25.3131 0.630531 3.72143e-18)
(28.0182 5.81536 0)
(29.8608 -1.16309 7.41654e-18)
(19.2703 -1.62267 0)
(25.5949 1.81257 -1.76074e-18)
(19.5517 0.877147 1.47039e-17)
(25.4601 0.964326 2.89461e-18)
(25.7098 1.5426 8.53448e-18)
(22.9962 3.27577 0)
(29.505 0.0353943 7.10847e-18)
(18.2919 0.663277 9.89946e-18)
(19.5468 -0.0221409 0)
(23.2252 3.28625 2.13351e-18)
(24.1634 3.22166 0)
(26.6336 3.62812 0)
(25.7994 -0.45207 8.47863e-18)
(26.8054 1.28239 -2.50123e-18)
(23.6704 0.467291 6.12942e-18)
(24.8735 2.55431 -4.49888e-18)
(24.5978 -3.14057 0)
(24.9401 2.2827 -3.26345e-18)
(15.3602 -0.766768 -2.66516e-19)
(25.4122 0.730186 0)
(26.9392 -4.84033 1.66964e-19)
(23.6244 -4.86981 -7.99125e-19)
(25.2136 1.21231 -9.87036e-18)
(25.5475 0.047909 0)
(25.2577 0.888533 1.11397e-17)
(28.0105 -2.43202 0)
(19.7496 2.77441 1.33731e-17)
(23.4689 3.47828 2.64194e-20)
(22.8363 0.0495733 0)
(23.2079 0.0301627 -6.0307e-18)
(27.0629 0.152654 -9.6486e-18)
(25.9336 3.88199 -3.70509e-21)
(24.9153 -2.16395 -5.63431e-18)
(25.1006 0.690837 0)
(24.5046 2.90905 7.63541e-19)
(21.0914 -2.85895 1.23089e-18)
(27.3698 2.15349 4.51463e-18)
(26.1883 0.209386 0)
(24.6337 2.85628 7.82835e-19)
(24.3333 3.05614 -3.15947e-18)
(25.2871 0.932873 -1.58159e-18)
(25.1134 3.19369 0)
(25.1688 1.80308 3.57079e-18)
(26.1794 2.64668 1.24061e-18)
(25.2007 2.01475 7.83084e-19)
(22.8324 3.54052 0)
(24.5591 3.1479 -2.63733e-18)
(13.574 -1.73432 6.27276e-19)
(24.7635 2.05682 8.03865e-19)
(27.4536 1.98468 4.78996e-18)
(25.8633 1.93486 -3.21015e-18)
(25.6489 1.61161 -1.68379e-19)
(28.8014 -0.20669 -7.03071e-20)
(22.6495 3.42669 0)
(26.6908 1.46748 1.36695e-16)
(25.9521 1.61663 -2.03943e-19)
(24.4483 2.03409 -3.43295e-18)
(29.6315 0.0565173 -2.64338e-17)
(25.6367 1.85363 0)
(30.0323 -3.48931 0)
(25.4938 2.13018 0)
(25.3168 1.6934 0)
(24.9512 0.511705 5.06297e-19)
(26.2904 1.23559 0)
(25.4401 0.791564 -6.19682e-18)
(26.298 1.76169 4.31962e-19)
(24.638 2.09495 2.95097e-18)
(28.8557 -0.398854 -4.98221e-18)
(19.5673 3.06032 0)
(28.0311 0.503435 4.82974e-18)
(23.27 3.56487 1.41027e-18)
(26.7513 2.22458 1.77217e-18)
(25.6275 1.74444 0)
(27.4363 0.5035 0)
(28.1144 -1.7946 2.73502e-19)
(27.2173 0.876619 -5.41529e-19)
(14.5688 -0.871242 0)
(25.5678 1.53997 -3.95456e-18)
(24.1773 -5.86681 9.67791e-19)
(29.829 1.34868 -7.89556e-18)
(20.3089 3.13732 -1.65909e-18)
(28.0312 0.344249 0)
(30.4477 -3.30103 -8.5635e-18)
(21.2015 3.55371 0)
(27.6876 1.88741 2.05856e-18)
(25.5431 1.52259 -7.94804e-18)
(26.0744 1.61435 -3.60687e-17)
(26.2533 1.1775 -4.21679e-18)
(23.2158 -2.69417 -3.12946e-18)
(28.0622 0.167546 3.59035e-18)
(14.693 -1.84992 3.65481e-18)
(22.337 3.49674 -2.08822e-19)
(26.8431 2.78255 -7.36069e-19)
(24.1188 -6.04568 -1.86302e-18)
(25.357 -0.53292 9.59978e-18)
(29.4912 0.335351 -2.05401e-19)
(26.5415 0.0870651 -1.08776e-17)
(31.2089 4.19483 -3.00039e-18)
(21.4559 3.54588 5.28013e-19)
(28.5446 2.29948 1.07074e-18)
(25.4214 2.21048 6.95987e-16)
(26.1496 2.00316 1.14528e-16)
(24.9413 1.7377 2.69463e-18)
(27.7048 0.197274 4.52036e-18)
(21.0154 3.55697 2.57774e-20)
(29.9693 -0.30595 -2.35244e-18)
(23.1169 -3.02667 -3.10335e-18)
(28.68 -0.0640762 0)
(25.3122 0.92919 -1.52521e-18)
(20.8756 -4.346 -2.72771e-18)
(24.2864 -5.00413 -1.19793e-18)
(27.7789 1.66094 -8.52328e-18)
(18.7484 2.7864 0)
(17.9247 4.32047 -3.92413e-18)
(19.5402 -0.0322499 0)
(30.1761 0.0452391 0)
(19.3593 3.26132 1.50634e-18)
(12.2853 -2.05679 -2.60096e-18)
(28.6533 0.0246853 4.80578e-18)
(25.1381 1.10858 1.22012e-17)
(29.0119 -0.582563 4.90276e-18)
(10.3942 -1.74713 -1.75169e-19)
(27.802 0.698827 1.0627e-16)
(29.9085 -1.23812 1.16052e-17)
(25.0952 1.60591 0)
(25.6043 0.244816 -2.64688e-18)
(27.8769 -0.557072 1.55654e-17)
(31.5217 3.8745 -1.0068e-17)
(28.5135 0.838045 1.91721e-17)
(24.4879 -1.7429 -4.11156e-18)
(20.5601 3.48527 0)
(24.9705 0.68627 -1.45649e-18)
(28.318 -4.35503 -3.5586e-18)
(27.4515 -5.50542 -8.194e-19)
(23.4668 -2.28151 3.79787e-18)
(25.3324 0.841321 9.8953e-19)
(30.409 -0.535377 1.50043e-17)
(28.2646 -1.42411 -9.63571e-18)
(20.0592 3.29175 -1.18488e-18)
(22.836 0.0196025 4.50386e-18)
(23.0892 0.201854 1.8396e-17)
(25.4243 -3.29783 5.9709e-19)
(23.6518 0.744025 -1.70075e-17)
(25.4626 0.760054 -1.50238e-19)
(29.0389 0.000607221 1.94697e-18)
(26.9376 1.23687 9.09953e-18)
(25.341 2.66641 0)
(25.7254 2.87475 0)
(18.1387 2.74564 8.52612e-19)
(25.3319 1.28908 -1.05757e-17)
(17.2915 -0.00277409 -1.25459e-19)
(28.9547 2.02472 -2.40138e-18)
(25.4134 0.809614 5.40866e-19)
(25.4031 -3.17564 -1.12242e-18)
(25.193 0.180669 4.52693e-18)
(23.4784 1.35679 -6.72093e-18)
(19.6703 3.31277 -9.3686e-19)
(30.5261 3.46361 -1.16604e-17)
(27.1227 -1.34426 0)
(21.1414 2.69351 1.91434e-17)
(25.3146 0.0306746 -3.91963e-19)
(17.2404 4.46663 4.3123e-19)
(20.814 -1.48669 -1.00345e-17)
(20.6151 -2.10202 0)
(30.0041 -3.82419 -4.3109e-18)
(24.0533 -1.78631 7.04322e-18)
(28.2078 1.97113 0)
(15.8075 1.23324 -4.71137e-18)
(27.2663 2.44673 0)
(27.5094 2.49624 0)
(29.9891 -2.77997 0)
(28.8979 -0.790578 5.16919e-18)
(30.1107 0.0624094 3.92439e-17)
(28.7606 5.02818 9.33939e-18)
(16.7337 3.96944 -2.5887e-18)
(25.2635 -5.67335 -2.91322e-18)
(30.907 -1.22295 5.90659e-18)
(26.1542 1.53422 7.85322e-18)
(25.1941 0.321491 0)
(27.7351 -0.751168 1.03365e-18)
(22.9071 0.050027 0)
(24.5879 3.29322 3.11445e-18)
(25.0486 1.32583 2.27676e-17)
(28.4463 -5.56645 -7.87083e-19)
(18.1628 4.20761 -6.03336e-18)
(14.2014 -1.56615 0)
(27.3858 -5.71399 -1.64857e-18)
(26.7893 -6.03909 1.61542e-20)
(29.88 -2.6113 0)
(24.3817 -5.94733 -1.80549e-18)
(26.2597 -6.03474 -5.04767e-19)
(20.3863 2.35805 -7.23439e-18)
(25.5317 1.73038 -5.60365e-19)
(25.9386 2.96403 0)
(19.038 1.24227 -7.86683e-18)
(31.3222 3.3113 0)
(31.5392 -2.35679 -8.60908e-18)
(27.1081 0.952962 -8.31441e-18)
(26.6151 1.01523 -4.23199e-18)
(29.0622 -1.0932 5.26365e-18)
(28.1125 0.572444 3.67822e-17)
(23.8507 -5.87739 9.31706e-18)
(28.9607 0.389767 2.77514e-17)
(28.151 0.788529 -6.55282e-18)
(29.8929 -4.14058 -2.96393e-18)
(31.3667 -0.017747 0)
(20.9041 0.0369116 1.15381e-20)
(22.654 -5.28457 7.82419e-18)
(27.0931 2.88249 0)
(18.0876 4.07727 -1.99008e-18)
(29.6011 -4.42709 3.52498e-18)
(25.0528 0.300689 -4.02916e-18)
(29.3289 1.58237 8.56003e-19)
(28.944 -5.4405 5.14247e-18)
(25.5008 1.51538 4.98021e-19)
(29.2848 -4.72367 -3.42606e-18)
(27.5363 0.822312 -1.44563e-17)
(24.8774 0.801808 0)
(28.3679 6.39113 1.08589e-18)
(20.1138 1.91456 -1.44162e-17)
(23.3163 0.966482 7.6183e-18)
(29.4153 -1.71668 0)
(19.6779 1.59122 -7.95711e-18)
(21.471 0.101741 -3.26968e-17)
(28.9236 -4.94109 -7.24715e-18)
(28.0001 1.46331 -3.71397e-18)
(28.1939 -1.28016 -7.13071e-18)
(26.6274 0.0754706 -1.09039e-18)
(27.0722 3.15552 1.43304e-18)
(22.4248 -4.47767 0)
(27.0068 -5.78996 0)
(18.9285 3.21626 -8.29426e-19)
(27.2553 -5.97723 2.85148e-19)
(18.5117 2.92217 0)
(25.4384 0.665904 0)
(27.5165 -2.71708 -5.25268e-18)
(24.8255 0.420843 -7.12949e-18)
(21.7882 -2.12341 8.68773e-18)
(27.5523 2.29727 1.48304e-18)
(28.1407 0.0224422 5.50448e-19)
(25.4055 -6.12704 -1.92782e-18)
(26.6769 2.86721 -1.3536e-17)
(25.9844 -5.07914 1.52843e-19)
(25.1718 0.182783 -6.48441e-18)
(25.9943 -6.17775 1.2681e-18)
(25.8603 1.54677 1.94958e-18)
(25.7126 1.79242 0)
(31.282 0.822145 -1.1262e-17)
(20.3401 -1.29558 2.68986e-17)
(24.0277 0.0595043 7.80047e-18)
(25.9655 1.82938 0)
(14.5277 -1.13397 -1.35515e-19)
(26.8422 0.0775023 6.93412e-18)
(26.1403 3.1227 1.11877e-18)
(27.5799 -0.573766 3.54693e-19)
(27.9067 1.35952 1.45291e-18)
(27.1664 2.47109 1.80262e-18)
(29.5297 -1.42301 0)
(28.2824 0.439962 0)
(23.8869 1.84542 3.59879e-18)
(24.8931 0.72486 2.12274e-17)
(25.1989 1.96664 0)
(24.6839 2.73662 -8.60676e-19)
(12.3917 -1.97015 -1.1803e-18)
(26.2016 1.92056 -1.83447e-16)
(25.742 1.05167 1.28137e-18)
(25.5829 1.6971 -2.77494e-18)
(24.9249 6.02821 3.52545e-18)
(24.3988 3.94881 -1.93065e-19)
(11.5331 -1.86204 -1.94565e-18)
(23.6156 -1.17673 0)
(25.7507 2.98826 -1.30153e-17)
(30.7729 -1.4494 1.50697e-18)
(20.329 3.87169 -1.22436e-17)
(24.2114 1.79867 -3.10121e-18)
(27.0756 1.14378 4.03115e-18)
(25.2598 -2.49247 4.04764e-18)
(14.2204 -2.08832 5.72994e-19)
(25.6052 0.659663 0)
(22.6776 -5.57534 6.77921e-18)
(25.1984 0.422271 0)
(25.3883 0.706558 -8.22565e-20)
(29.6548 -1.37437 3.85798e-18)
(25.4047 2.47153 0)
(28.2617 1.08672 0)
(27.8226 -1.95601 1.071e-17)
(25.9458 0.0398012 3.86245e-18)
(30.5726 -0.461752 0)
(30.3408 -0.128095 6.66934e-18)
(26.8301 1.5375 2.73453e-18)
(17.9134 4.22052 2.51881e-18)
(27.1008 0.836589 0)
(27.3024 0.0498873 -4.46255e-18)
(22.9488 0.0326023 -3.83418e-19)
(26.7239 -0.411149 4.44399e-18)
(18.152 2.58294 -1.85548e-17)
(24.2381 -1.22233 -1.00416e-17)
(22.3888 -5.34559 0)
(16.3491 0.560075 0)
(24.0716 0.030486 7.2264e-19)
(23.3702 0.157708 7.63101e-18)
(28.1792 3.04732 -1.50503e-18)
(27.812 1.15744 2.66834e-18)
(25.2565 0.525572 -1.19677e-18)
(17.1541 0.312591 1.35252e-17)
(10.8469 -1.80966 0)
(27.5314 1.97247 1.4724e-17)
(27.4909 2.30928 -1.74813e-17)
(26.0253 0.784082 -2.32191e-18)
(24.918 1.12725 -2.44427e-17)
(24.89 3.93401 9.66632e-21)
(26.9372 0.620421 -4.06907e-18)
(28.5555 0.392874 0)
(25.2982 0.884476 3.54181e-18)
(15.3777 -0.516843 0)
(27.9459 0.185426 0)
(20.2384 2.03576 -1.05523e-17)
(15.8659 3.84828 0)
(19.0088 0.0408135 -6.27091e-18)
(17.3305 0.309467 -2.49378e-19)
(28.0034 0.776996 0)
(28.4798 -0.123926 -2.30483e-18)
(25.9385 1.7506 -2.48386e-17)
(24.6516 3.16326 1.27505e-18)
(26.8303 3.69575 -2.05383e-18)
(30.9331 2.47623 0)
(26.1485 2.87263 -1.57918e-18)
(28.2856 -0.74654 -3.67822e-18)
(30.8015 -0.923033 -6.49209e-18)
(30.45 -0.0146805 1.08942e-19)
(25.2998 1.13965 2.6775e-18)
(22.4258 -5.255 -1.37793e-20)
(18.3162 1.7651 2.46111e-18)
(25.5469 -3.28447 -4.20775e-18)
(26.4561 -2.24735 0)
(27.1598 0.0871353 -8.20251e-18)
(26.9743 2.62382 1.02431e-18)
(25.297 5.75894 -1.46001e-19)
(30.3287 -0.353282 -6.97642e-19)
(14.531 -1.18578 -1.12035e-18)
(19.5666 3.20578 6.28118e-18)
(16.8154 4.10253 0)
(29.9885 5.90601 0)
(25.4098 0.703385 -8.77673e-19)
(21.1043 -1.84447 0)
(25.3058 0.877742 -6.48606e-18)
(13.3846 -1.64428 1.19134e-18)
(27.4259 3.58804 -1.82956e-18)
(25.551 1.85985 3.97309e-18)
(26.2613 1.46981 3.59066e-17)
(25.2883 -2.26708 0)
(28.8259 0.0114179 0)
(21.0299 -4.13292 0)
(16.6868 -0.131716 6.8547e-19)
(29.8494 -3.97649 -7.03946e-19)
(25.3577 0.369653 -9.57384e-18)
(20.8133 -0.00437136 -1.15145e-20)
(30.2178 0.0136493 0)
(27.3498 2.28633 6.1206e-18)
(26.4743 1.82092 2.0746e-18)
(24.8064 1.59915 -1.95309e-18)
(25.1482 0.708669 2.88288e-18)
(25.4819 2.21579 -8.62804e-19)
(27.5421 2.38442 1.6964e-18)
(29.3297 -4.56234 0)
(28.7565 3.89749 -1.55384e-17)
(25.3033 1.0533 3.61004e-18)
(27.8603 1.89778 -3.79898e-19)
(28.6497 2.22752 0)
(11.7274 -1.76664 -1.36337e-18)
(25.6578 2.03684 3.43329e-18)
(28.7528 -5.094 -3.229e-18)
(25.698 1.69289 1.63947e-17)
(27.5205 1.61121 0)
(23.6118 0.102889 -1.10732e-17)
(25.8193 1.77155 -1.76657e-19)
(25.1974 1.30843 0)
(25.3028 1.06541 -1.37852e-18)
(28.0683 -2.25828 8.36356e-18)
(29.182 0.260327 -3.285e-17)
(27.0317 -5.65729 0)
(21.6067 -2.216 4.27999e-18)
(28.0146 -2.22017 -2.7251e-18)
(27.1716 0.937079 -2.39971e-18)
(28.5557 0.142257 3.67878e-17)
(29.9462 1.07088 -3.14257e-18)
(28.2377 -2.12045 0)
(25.796 -5.82929 -5.02455e-19)
(25.5432 2.49712 -8.00543e-19)
(17.8229 2.33147 7.63402e-18)
(26.3789 -2.47355 -1.89861e-18)
(12.5962 -2.05114 1.09e-19)
(25.5617 2.00688 -8.58487e-19)
(21.3507 -4.8257 0)
(26.5877 1.21411 -2.47221e-17)
(28.3234 1.57758 -2.853e-17)
(23.3663 -5.49149 -4.97664e-18)
(27.1121 0.857885 1.57455e-17)
(18.2957 4.00322 0)
(31.5666 1.6955 5.90954e-18)
(26.7286 3.89603 2.29256e-18)
(28.5908 0.0756799 1.18362e-17)
(17.2852 -1.72145 -2.49969e-17)
(19.9791 4.34169 0)
(22.3112 -3.22768 0)
(27.1264 -0.624708 -7.34841e-18)
(25.9997 1.89116 0)
(18.9389 0.129928 6.05214e-18)
(28.7276 2.00621 1.99201e-18)
(25.7671 -2.75287 6.37705e-20)
(27.1667 2.77286 -1.202e-18)
(25.6096 1.67898 -2.36552e-18)
(28.452 -1.94035 -6.31822e-18)
(26.5056 -0.422407 -3.68295e-18)
(26.1961 -0.276095 1.01729e-17)
(27.9103 1.526 -6.99417e-18)
(13.0845 -1.75053 0)
(24.3899 0.398185 1.61762e-18)
(29.2701 1.28507 4.94128e-18)
(25.0979 0.353989 1.29956e-18)
(27.8443 -1.5852 0)
(29.1354 -1.13029 -8.21838e-18)
(27.7242 2.38333 2.67943e-18)
(31.2106 0.917709 5.29109e-19)
(18.2204 0.0363204 1.23093e-17)
(31.6823 1.92 8.62187e-18)
(28.5169 -0.610406 0)
(25.5284 0.013989 4.95112e-19)
(26.8995 0.223317 0)
(26.671 -3.24314 1.97815e-18)
(28.1408 0.972279 0)
(26.7267 1.12961 6.72873e-18)
(24.0792 -1.10307 2.10755e-18)
(29.8804 5.9218 7.00886e-18)
(29.4912 -1.18473 1.02369e-17)
(25.4327 -2.65528 -2.2474e-18)
(24.0756 0.641533 -6.41128e-17)
(25.2723 1.00582 1.28926e-18)
(15.7937 3.56601 1.82964e-19)
(20.7499 0.00729044 -5.87944e-20)
(26.0491 2.63371 1.0086e-18)
(26.911 0.927216 8.30742e-18)
(16.3431 4.27225 0)
(15.7492 3.75068 0)
(18.7886 -3.2498 7.59759e-18)
(28.0904 1.96162 0)
(26.2124 0.788775 -2.69464e-18)
(17.4464 0.94234 0)
(28.2183 1.06141 1.32269e-17)
(26.6929 6.21363 2.10336e-18)
(27.648 -0.962262 -1.0327e-18)
(26.2629 3.08529 -8.01429e-19)
(26.4801 1.31535 1.64707e-17)
(26.9179 0.434388 9.70655e-18)
(25.0013 2.28897 0)
(24.9409 0.0258965 0)
(27.1725 3.66847 -1.43244e-18)
(27.9411 0.617499 -9.65551e-18)
(26.1458 -0.614789 1.43301e-18)
(23.2218 0.0675376 4.03719e-18)
(28.6504 2.20972 -1.8304e-18)
(29.5358 -0.172603 -7.87394e-18)
(25.3285 1.98684 0)
(29.8256 0.880394 -2.15607e-18)
(12.4414 -1.95097 1.48384e-19)
(26.6603 0.178435 -3.13753e-19)
(21.7335 -4.61141 1.08926e-17)
(28.0859 -0.866169 2.47581e-18)
(29.5962 -1.06853 7.12387e-19)
(20.9818 -4.55948 1.07055e-17)
(28.324 -0.262674 0)
(25.4955 1.56679 6.24599e-18)
(23.6321 -1.29377 4.97543e-18)
(28.001 0.797718 0)
(25.247 0.674798 1.17928e-18)
(26.5195 -1.43874 -1.79672e-17)
(24.6641 0.93043 -4.45002e-17)
(26.4325 1.64955 1.23924e-16)
(28.4346 0.249861 0)
(26.9492 1.21016 4.54264e-18)
(24.9965 2.58834 0)
(25.7401 1.83611 -1.88169e-20)
(20.1704 -3.97354 -1.16419e-17)
(28.1605 1.15689 -1.10085e-18)
(24.3116 2.56461 -1.62866e-17)
(26.8345 1.39224 -4.75709e-18)
(25.3847 0.499865 -6.63151e-18)
(14.0842 -1.17405 -4.24057e-18)
(28.3526 1.69422 1.65982e-19)
(23.7585 0.115162 0)
(26.8641 -2.59518 -4.6571e-18)
(26.767 -0.212735 -5.02021e-18)
(24.7795 1.18717 -1.25456e-17)
(22.5738 1.96863 9.68113e-18)
(26.9821 0.773058 -3.17227e-18)
(22.924 -1.6761 -5.33924e-18)
(27.1161 0.784839 0)
(25.5374 0.652332 8.05033e-19)
(29.8483 1.15312 4.84368e-18)
(24.9154 0.458584 0)
(22.0009 -0.624002 1.29163e-17)
(27.7829 1.05577 -5.6196e-18)
(27.9627 0.707607 -1.18142e-16)
(30.091 3.26041 1.26762e-17)
(22.3049 -1.81194 -5.46317e-18)
(27.5454 -0.30782 8.36612e-18)
(25.5666 0.681594 0)
(11.23 -1.58339 -6.5565e-18)
(28.4436 0.491245 -5.11086e-18)
(21.3449 -1.941 4.56261e-18)
(27.2012 0.419232 4.44365e-18)
(23.607 2.55653 5.28439e-18)
(28.4216 0.0177324 2.26179e-18)
(28.2413 -0.529377 0)
(22.1834 0.128088 1.71048e-17)
(25.0608 0.417423 0)
(26.6987 1.5448 0)
(27.6074 -1.08258 -2.59907e-18)
(27.5129 -2.78678 1.32227e-18)
(26.4951 -5.04994 4.28358e-19)
(25.6778 1.75452 -1.1608e-17)
(17.6429 0.236855 0)
(25.0725 1.01335 0)
(26.3413 1.77353 4.94417e-19)
(25.6476 1.61931 2.80247e-18)
(27.6831 5.84718 0)
(23.9672 -1.31301 -3.04366e-18)
(26.2259 -3.50537 4.19465e-19)
(25.6986 1.82894 0)
(22.7841 0.0266852 -9.35899e-18)
(24.8326 1.39349 1.32498e-17)
(19.6153 -3.19909 0)
(27.714 -2.38625 -3.30236e-18)
(26.5251 1.69227 -7.89839e-18)
(18.4565 8.12497 0)
(28.3064 -1.62551 1.16689e-17)
(26.9927 0.600346 0)
(19.9122 1.2523 1.69534e-17)
(25.0565 3.91546 -1.69954e-18)
(23.3401 -3.24059 0)
(27.9152 -1.40922 9.77258e-18)
(26.108 1.80578 0)
(25.9465 5.82607 -7.90099e-19)
(27.7775 -0.263109 5.56385e-18)
(30.8985 -0.00448639 1.02951e-17)
(28.7736 6.35114 0)
(22.5644 -0.920608 1.6564e-17)
(27.1376 0.536162 -5.00301e-19)
(25.3386 0.120761 2.18087e-18)
(24.9535 9.95869 -3.03224e-18)
(22.9629 -1.42741 0)
(15.8873 4.05205 0)
(26.8758 0.88415 -1.03336e-17)
(25.5151 5.63761 1.22093e-19)
(28.3496 5.95831 -7.99828e-19)
(27.288 -2.51777 -6.44394e-18)
(27.9271 -2.2702 0)
(25.3903 -2.42403 0)
(14.6601 3.48612 1.39923e-19)
(26.4823 1.42116 -2.67917e-18)
(29.6052 -1.32434 -5.98834e-18)
(17.8146 3.47609 -4.51127e-18)
(25.5011 0.81039 2.39231e-18)
(29.7619 0.725018 0)
(27.415 -0.0314335 6.05138e-18)
(21.9833 -2.28648 0)
(26.7219 2.39745 3.38205e-18)
(24.1063 -1.72561 -9.75728e-18)
(26.2961 2.57425 -8.61561e-19)
(26.6674 -2.66607 -1.31475e-18)
(30.1594 0.627839 1.06257e-18)
(13.6452 4.19345 -1.26126e-17)
(23.19 -1.86816 2.77709e-18)
(24.3699 1.5801 0)
(31.8612 2.45709 -9.32867e-18)
(23.8672 1.39664 7.11632e-18)
(31.6091 2.69009 -2.43185e-17)
(31.7094 1.99841 9.43403e-18)
(25.2724 0.712341 -1.91164e-18)
(31.1882 -1.45638 2.79545e-18)
(28.9329 -1.62731 0)
(25.6006 1.61197 3.04043e-18)
(28.2753 0.304807 -2.59073e-17)
(25.3824 0.598402 -1.29272e-18)
(27.1779 -1.08443 -9.28694e-18)
(25.3119 1.18098 1.44468e-18)
(24.0329 0.334012 1.70459e-17)
(27.5094 1.96196 0)
(25.7246 4.04461 -2.6757e-19)
(19.9941 -3.09189 -2.5748e-18)
(25.3479 -2.40279 -2.00789e-18)
(31.0129 0.335414 4.18818e-18)
(25.3211 0.703904 -1.21794e-18)
(22.9111 -1.75242 -3.76502e-18)
(29.4359 -0.232096 0)
(25.657 1.73942 5.07369e-19)
(29.1822 -3.5988 6.41333e-19)
(24.9532 0.968251 0)
(27.4552 2.04172 0)
(27.0642 1.01232 -7.80343e-18)
(30.3527 -0.455884 2.15143e-18)
(15.212 3.47112 0)
(26.6774 6.19952 0)
(28.2215 -0.0171701 0)
(31.5 2.18916 -5.62936e-18)
(19.1712 0.19382 1.35e-17)
(9.39521 -1.42999 -2.52805e-18)
(24.988 -0.886968 0)
(22.4441 -1.85147 1.48332e-19)
(21.3156 1.02092 -5.76614e-18)
(24.2622 -2.05071 0)
(24.9215 -0.814092 0)
(27.4544 -0.528245 0)
(23.8233 0.634592 -5.2181e-17)
(24.5767 0.785816 -7.46301e-17)
(22.7362 -1.6014 -6.20513e-18)
(25.227 2.17373 -1.18383e-17)
(21.5892 3.13393 1.72721e-18)
(25.1182 5.88071 -9.83977e-19)
(28.8791 1.25149 0)
(25.9858 3.45604 0)
(27.1542 3.03293 -3.0384e-18)
(25.3288 -0.859171 0)
(25.43 0.377721 1.34072e-17)
(23.4152 -1.15041 1.06594e-17)
(26.9979 -0.454252 0)
(27.9255 1.1918 3.40479e-18)
(25.8325 2.50086 3.58054e-18)
(24.2126 -0.743642 7.32779e-18)
(24.0692 -0.795531 -1.04098e-17)
(22.7524 -1.51444 -2.64109e-18)
(22.7059 -1.40875 5.3575e-21)
(25.3119 1.41893 -4.62611e-18)
(26.2521 1.46227 1.32754e-19)
(31.5905 1.39287 0)
(25.4692 0.64688 -1.5515e-18)
(27.422 -0.896174 0)
(28.3749 1.25033 1.73024e-18)
(26.6682 -1.02512 5.92606e-18)
(25.5388 0.873699 4.3911e-19)
(26.4955 -4.77852 -4.96957e-19)
(26.6043 -2.6128 0)
(26.1827 -0.142735 0)
(24.6598 1.24577 1.60322e-17)
(28.7432 -1.86843 6.78316e-18)
(27.1087 5.84457 2.90965e-18)
(25.3248 0.609021 7.85949e-20)
(19.4167 -0.450472 -1.41895e-17)
(27.9036 -2.48402 3.72072e-18)
(22.505 -1.47012 -1.23729e-18)
(25.686 -0.00457585 -1.4288e-17)
(17.233 1.22898 -4.40425e-18)
(21.8277 -1.68275 6.01047e-18)
(27.7015 1.02513 -1.76277e-17)
(24.6808 -0.850576 -1.47358e-17)
(24.8134 0.181431 -5.99014e-19)
(28.0055 6.19649 3.80911e-19)
(28.4816 3.82061 1.12748e-17)
(27.5795 3.74997 0)
(25.564 -3.3159 -7.15494e-20)
(30.3229 5.29033 7.77858e-19)
(25.7518 4.47214 1.20593e-18)
(15.5784 3.57059 1.49668e-19)
(26.6225 3.89712 -1.38007e-18)
(24.453 3.40354 -1.27748e-18)
(25.4772 0.657342 -1.74144e-18)
(27.0199 3.71922 -1.37209e-18)
(25.736 -3.36125 -1.10244e-18)
(27.9603 6.30108 2.68916e-18)
(26.8942 0.492505 6.42353e-19)
(28.1565 1.33604 -8.90277e-18)
(24.8517 0.480655 4.98705e-18)
(20.1227 -2.55168 -2.83672e-18)
(27.8172 1.82614 9.19804e-18)
(25.3409 1.05748 -4.91195e-18)
(28.7878 4.27745 -4.33461e-18)
(27.822 3.10025 2.09767e-18)
(27.3365 3.99908 -3.24693e-18)
(24.196 0.622897 0)
(29.0623 -3.31079 0)
(19.1425 -2.85636 2.81094e-20)
(24.9734 0.878348 -3.51204e-18)
(27.729 2.25773 -6.42944e-19)
(26.6939 -2.65258 1.38391e-18)
(28.7974 -1.69017 0)
(16.466 -2.77569 8.49305e-19)
(20.9318 -1.68356 -2.29866e-17)
(20.677 -2.37864 0)
(22.3647 -1.57437 5.20198e-18)
(24.3963 0.83713 -1.15505e-18)
(27.7032 1.57913 1.03782e-19)
(27.6144 0.845604 0)
(22.6785 -1.74348 1.92257e-17)
(27.4848 3.58165 -2.85821e-19)
(27.8468 -1.26347 7.82933e-19)
(30.0647 0.628975 -9.58578e-18)
(30.2567 -3.45116 0)
(25.1348 1.09159 -9.4254e-18)
(27.3554 2.83687 5.84059e-19)
(26.4528 2.65582 0)
(24.6098 5.39158 0)
(26.5714 0.110429 0)
(28.0256 0.535486 -5.68028e-18)
(23.2579 -0.560586 -4.58208e-18)
(24.9094 0.338664 0)
(25.2353 1.09284 -2.47258e-18)
(25.103 0.203096 -2.40971e-18)
(25.6255 -0.229454 2.27399e-19)
(28.3321 2.29354 -4.11667e-18)
(22.6136 -1.66489 4.99572e-18)
(25.8033 -4.44583 0)
(24.7495 0.867753 8.6374e-17)
(30.8392 -0.141385 0)
(25.4363 0.612065 -2.25606e-18)
(26.021 -0.0932919 4.85786e-18)
(24.754 2.20309 0)
(25.5745 1.98001 -3.99527e-18)
(23.9903 3.93077 -2.01656e-20)
(20.206 -3.06475 8.51664e-19)
(30.4909 -0.276431 -4.2085e-18)
(23.4672 -0.109062 -4.97171e-18)
(24.9656 1.14964 -5.14036e-18)
(27.8056 -0.982063 -4.01822e-18)
(27.7772 1.50886 0)
(30.7937 -0.697694 1.75301e-19)
(25.8781 1.78919 -1.38023e-19)
(28.0198 1.12622 -2.56643e-18)
(30.0295 -3.66708 2.72077e-18)
(21.2091 4.63582 0)
(29.392 0.945914 -5.93979e-18)
(31.6111 2.4406 2.5794e-18)
(26.5282 -0.821644 0)
(26.9302 1.29147 3.66158e-18)
(26.0868 -2.67406 -1.92069e-18)
(24.9354 0.765384 3.43572e-18)
(28.1292 -2.27637 0)
(28.9467 1.25541 -6.45279e-18)
(29.7005 3.87485 3.20659e-19)
(31.7502 1.78347 1.56129e-17)
(30.1989 0.0165674 0)
(16.9318 4.40699 -2.23296e-18)
(29.7768 1.20542 4.23425e-18)
(19.2859 -2.79917 0)
(27.6434 -2.62867 0)
(24.1418 0.688658 3.97119e-18)
(30.6883 -0.254717 -3.3629e-18)
(25.119 4.00459 0)
(27.3677 -1.85453 -1.62566e-17)
(25.3942 0.592683 8.51693e-18)
(30.7284 1.00819 -2.48098e-18)
(26.4368 -1.79914 3.4548e-19)
(29.8045 3.65754 -5.95201e-18)
(25.4004 4.01009 1.96376e-19)
(25.4604 0.709647 3.54029e-18)
(25.8123 0.258358 1.96028e-18)
(26.8061 5.85459 -7.03881e-20)
(29.4456 -0.961437 6.13842e-18)
(30.9309 -0.623551 3.40154e-18)
(31.1208 -0.887077 -8.30489e-19)
(29.6568 -4.31654 0)
(30.8394 -0.418133 1.66706e-18)
(26.0297 3.69728 1.58745e-18)
(26.0146 -4.90273 0)
(29.2174 1.16732 0)
(30.5673 -0.0996478 -3.75658e-18)
(20.9792 -2.61233 -2.77735e-18)
(25.0738 0.720474 -4.76269e-18)
(26.5737 -5.7722 -9.96809e-20)
(24.5215 3.98491 0)
(25.9105 0.0215084 1.43339e-18)
(26.9322 0.97371 0)
(31.2534 0.609026 2.58972e-18)
(26.2667 5.87888 0)
(29.1206 -4.85073 1.13373e-18)
(27.0547 0.831418 -1.26256e-17)
(24.0956 6.07246 -5.33696e-18)
(29.7606 -3.75762 -3.32664e-18)
(27.5542 -1.33426 1.73033e-18)
(24.3952 -2.8327 0)
(21.3038 -1.73046 -5.16327e-18)
(31.0581 -2.04351 5.09174e-18)
(29.9058 0.0132454 -1.91307e-18)
(29.6167 -0.868361 -1.81589e-19)
(27.9304 -0.0162046 -5.59271e-18)
(25.9934 0.541531 6.24222e-18)
(26.9801 0.529891 3.79712e-18)
(28.2684 -2.01162 0)
(26.8349 0.128465 1.12662e-17)
(29.2596 0.703431 -1.52793e-18)
(27.3982 -0.523589 -9.29742e-18)
(24.9122 6.21722 0)
(24.6051 1.54248 0)
(29.5727 -4.06202 0)
(25.627 5.88207 3.42539e-18)
(31.2265 2.10337 -4.26303e-18)
(25.0109 1.03162 -4.63111e-18)
(29.3392 -4.37868 0)
(24.6067 1.5887 -3.99718e-18)
(28.2783 -2.11507 -5.58819e-18)
(19.6792 -2.84146 8.04005e-20)
(24.7156 5.97761 4.98673e-18)
(24.4361 -3.06703 0)
(18.4872 -3.03141 1.12509e-18)
(23.9313 0.395319 0)
(25.6495 6.18786 3.08428e-18)
(26.2398 -5.85895 -3.64316e-19)
(24.6368 1.43603 1.00168e-17)
(29.084 -4.63376 9.29015e-19)
(25.5307 5.84041 -1.62222e-18)
(23.6074 -0.732739 1.32991e-17)
(26.6941 1.39279 8.71337e-18)
(25.7565 -2.25153 1.31145e-18)
(25.5942 -2.53474 1.5546e-18)
(11.6307 -1.1876 2.737e-18)
(16.4182 -2.70814 -1.40628e-18)
(28.7855 -4.89499 2.46538e-18)
(26.5644 -5.51839 0)
(29.8396 2.96167 1.52055e-17)
(25.3401 -5.25261 7.25123e-19)
(28.5646 2.04106 7.63972e-18)
(24.8987 2.69292 -1.32941e-18)
(25.1284 6.0102 0)
(28.9408 4.5307 -6.07175e-18)
(25.8543 -5.69481 0)
(29.1629 4.31404 1.64003e-18)
(30.3288 0.604197 5.94272e-18)
(26.9955 -0.90116 1.85863e-18)
(26.135 3.93933 1.58915e-19)
(23.5579 0.400217 -1.2894e-17)
(26.4246 -1.65354 8.31738e-18)
(24.89 3.37768 1.38575e-18)
(23.1318 -3.26724 3.02608e-18)
(30.6284 -0.126093 7.59808e-18)
(26.6853 -0.0797695 6.13342e-18)
(23.0886 3.8623 -6.77598e-19)
(23.5037 -0.0874403 7.25344e-18)
(26.8902 0.609658 -1.38274e-18)
(28.5644 6.2141 0)
(23.9277 5.96824 0)
(24.4824 -2.8251 0)
(30.9477 0.628857 1.23577e-17)
(24.6899 -0.728298 -4.09893e-18)
(26.4477 5.92715 0)
(28.1849 -2.2558 0)
(30.642 -0.106631 7.48762e-18)
(21.9193 -3.23994 -5.77272e-19)
(20.167 -0.568434 1.01351e-17)
(23.8042 5.76449 -1.37802e-18)
(20.7708 5.1559 1.52613e-18)
(19.9344 -1.96592 -7.17363e-18)
(22.9025 -0.0279826 1.07231e-18)
(27.9297 2.96833 1.03056e-18)
(19.9292 -2.91178 -1.55181e-18)
(27.8584 2.06309 -2.79241e-18)
(30.4208 1.56041 -1.22071e-17)
(24.9513 3.46079 -1.26535e-17)
(28.7411 -3.65455 3.58594e-18)
(28.1365 2.49225 0)
(25.3071 0.703953 6.3737e-18)
(27.5889 1.53149 2.20848e-18)
(27.7615 2.25526 0)
(24.0387 1.87993 -5.26767e-18)
(15.7032 -2.50393 0)
(26.5199 -2.94733 -1.12667e-18)
(29.5615 1.25855 3.16711e-18)
(28.2609 0.0245995 -3.58506e-18)
(16.7176 -2.7336 2.51349e-18)
(27.6939 -2.14446 0)
(24.5892 0.472212 -8.36291e-18)
(26.5862 2.4757 1.22088e-17)
(22.5666 -3.48088 -6.821e-19)
(28.8639 -3.85671 -3.2342e-18)
(25.4555 5.7113 3.15203e-21)
(26.3045 2.48678 3.95991e-19)
(28.0872 5.55934 0)
(21.4725 1.86103 -1.33754e-17)
(29.6703 3.43789 -1.10393e-17)
(26.3817 0.0913268 2.54759e-18)
(23.9869 0.10585 -5.71302e-18)
(29.9889 -3.50369 8.52281e-20)
(29.0537 3.30226 6.87002e-18)
(19.3941 -2.88966 1.7386e-18)
(24.3572 0.768209 1.74256e-17)
(25.2561 -0.86645 -7.43777e-18)
(25.5992 1.89144 -3.46413e-18)
(22.3861 -3.21658 -9.02094e-19)
(30.415 1.52545 1.36582e-18)
(24.5426 -1.44938 7.19889e-18)
(23.0391 -4.71491 4.86514e-18)
(27.4878 4.52597 8.27952e-18)
(23.3858 0.518687 7.06903e-17)
(22.6711 -4.41438 -2.12124e-18)
(30.056 3.94318 4.5694e-18)
(17.3034 -2.93618 0)
(30.9266 0.192944 -7.93902e-18)
(27.6763 6.17961 0)
(29.3337 3.95801 2.27278e-17)
(26.3081 3.94604 6.51971e-19)
(25.4128 0.628891 1.26364e-18)
(28.2562 0.144268 0)
(29.1119 -1.64355 1.0248e-18)
(21.8173 -3.37005 0)
(23.2389 5.64135 0)
(28.2287 5.94768 0)
(20.677 0.683554 3.21209e-18)
(27.4543 -1.6651 1.55196e-17)
(28.1088 -2.35679 4.58495e-18)
(24.9036 5.55206 -3.64549e-20)
(24.8097 -0.430744 -7.72078e-18)
(24.9452 0.701931 -1.10036e-17)
(25.7334 -1.99202 -7.31274e-19)
(29.3996 3.13889 4.65954e-19)
(21.9995 1.92244 4.28683e-18)
(27.6091 -2.05867 1.0605e-17)
(26.2116 -5.63851 7.19341e-19)
(24.808 5.56697 -3.36305e-21)
(25.8072 -3.12356 2.76434e-18)
(16.6522 0.255907 -1.49981e-17)
(20.7956 -3.22366 5.30627e-19)
(19.4968 1.01975 4.84952e-18)
(25.7079 0.986532 1.30791e-18)
(18.037 -2.89354 -1.02533e-19)
(23.2242 -4.50951 0)
(28.7051 -2.33704 0)
(20.3614 0.0884402 1.17164e-16)
(26.1021 0.473529 -6.18023e-18)
(18.8521 -2.95886 0)
(24.0814 1.60694 0)
(28.0936 5.28866 9.77008e-18)
(24.7248 1.30507 0)
(27.764 -2.51519 0)
(26.1858 -0.0346662 -5.66449e-18)
(27.5895 -1.22373 -2.54988e-18)
(27.3469 4.71001 0)
(26.2997 1.67238 -7.79312e-19)
(27.1269 0.245165 -5.94796e-18)
(25.4348 5.8893 -1.68617e-19)
(25.2178 0.954066 -4.19054e-18)
(29.4102 -3.30512 -7.22962e-20)
(28.6214 6.02604 0)
(23.5555 -0.00709298 8.4449e-20)
(26.7421 0.58361 1.18997e-18)
(15.2984 -2.20453 6.3913e-18)
(29.1711 -0.837566 9.02804e-18)
(24.5963 5.65968 -5.91443e-20)
(22.1851 5.07886 -8.93717e-20)
(23.6141 0.00366976 4.80479e-19)
(25.896 -0.298827 -8.5319e-18)
(25.5836 6.01669 -4.4668e-19)
(29.012 3.69287 -1.7878e-17)
(22.4443 5.04542 0)
(22.2358 0.839774 8.94469e-18)
(24.3734 -1.11809 4.33594e-19)
(27.6731 -1.62667 0)
(24.0026 -3.38216 -3.5671e-18)
(24.4723 2.22041 6.50765e-18)
(22.9804 5.42188 -1.74779e-19)
(24.5068 1.79086 0)
(23.7991 -0.125113 3.67396e-19)
(25.7435 -0.0620394 4.34286e-18)
(26.555 -1.63104 8.00944e-19)
(26.9435 0.399623 1.17485e-19)
(26.396 3.95106 -1.63558e-18)
(27.7274 -1.44759 -4.85683e-18)
(22.2035 0.976776 -6.45317e-18)
(22.0689 5.17027 3.13317e-19)
(20.7183 -0.0570971 -1.75582e-17)
(19.7612 0.450336 6.38215e-18)
(26.7908 -1.98266 0)
(25.8297 -3.07472 -2.25053e-18)
(21.7004 -2.32728 -6.83874e-18)
(26.8976 0.368357 1.89655e-17)
(25.7747 -3.27068 5.55211e-18)
(23.2272 5.39361 1.16855e-18)
(24.3275 2.03939 0)
(25.4669 -1.98798 0)
(25.0456 5.86525 5.51278e-19)
(24.4022 -3.09425 -1.05872e-18)
(26.6229 6.35195 6.9329e-19)
(11.8673 -1.49119 1.11414e-17)
(10.9168 -1.42266 1.26438e-17)
(26.1168 -2.31453 0)
(31.4531 1.22586 2.18612e-17)
(26.1722 -3.17541 3.74027e-19)
)
;

boundaryField
{
    frontAndBack
    {
        type            empty;
    }
    upperAndLower
    {
        type            symmetry;
    }
    outlet
    {
        type            freestreamVelocity;
        freestreamValue uniform (25.75 3.62 0);
        value           nonuniform List<vector> 10((26.1771 0.00579569 0) (27.9506 0.0476667 3.98679e-19) (21.9205 -0.0179406 0) (23.7265 0.0588682 -1.57869e-18) (24.7953 -0.00206606 0) (29.4324 -0.00949508 0) (19.6137 0.0290818 0) (31.3508 0.0256312 0) (26.9872 0.0216906 4.95749e-18) (25.5475 0.0479121 0));
    }
    inlet
    {
        type            freestreamVelocity;
        freestreamValue uniform (25.75 3.62 0);
        value           nonuniform List<vector> 10((25.75 3.61901 0) (25.75 3.61887 0) (25.7502 3.61904 5.76709e-19) (25.7499 3.61842 -2.55407e-18) (25.7502 3.61824 0) (25.7501 3.6188 -9.15674e-19) (25.75 3.61938 0) (25.7499 3.61924 0) (25.7495 3.61709 0) (25.7503 3.61742 0));
    }
    airfoil
    {
        type            noSlip;
    }
}


// ************************************************************************* //
