/*--------------------------------*- C++ -*----------------------------------*\
  =========                 |
  \\      /  F ield         | OpenFOAM: The Open Source CFD Toolbox
   \\    /   O peration     | Website:  https://openfoam.org
    \\  /    A nd           | Version:  10
     \\/     M anipulation  |
\*---------------------------------------------------------------------------*/
FoamFile
{
    format      ascii;
    class       volScalarField;
    location    "50";
    object      nuTilda;
}
// * * * * * * * * * * * * * * * * * * * * * * * * * * * * * * * * * * * * * //

dimensions      [0 2 -1 0 0 0 0];

internalField   nonuniform List<scalar> 
3042
(
0.00853723
0.144519
0.0761435
0.0233203
0.03675
0.134827
0.15116
0.00742401
0.01209
0.0096151
0.0644182
0.143566
0.144753
0.046162
0.0467053
0.00602255
0.139492
0.00940701
0.141113
0.14435
0.00749366
0.148226
0.0677524
0.0317003
0.00620657
0.140706
0.00617761
0.00599568
0.0351957
0.0187787
0.00910778
0.0907379
0.12474
0.0398052
0.0419705
0.120748
0.0405794
0.025436
0.00658093
0.00713045
0.0126079
0.00857937
0.055406
0.0447638
0.0222042
0.101505
0.038568
0.140856
0.0563465
0.14063
0.0226545
0.00393275
0.157343
0.0619435
0.144446
0.112388
0.149184
0.166502
0.14514
0.155826
0.00674269
0.0998832
0.0199196
0.153243
0.142056
0.0667784
0.0978483
0.0314462
0.0891375
0.0728573
0.140149
0.00948116
0.00988997
0.0823997
0.0935565
0.144982
0.00713985
0.131366
0.0148947
0.0373447
0.145037
0.0855632
0.0589696
0.0160115
0.107321
0.031708
0.156371
0.140491
0.00891869
0.140798
0.147995
0.0409223
0.0724742
0.077517
0.140311
0.127587
0.00769368
0.0715182
0.0116698
0.0270935
0.0185438
0.0108682
0.140533
0.089339
0.0825851
0.0805881
0.00667968
0.0897316
0.130543
0.0814729
0.147021
0.0759369
0.0125382
0.0526511
0.15083
0.00716725
0.0790781
0.0439333
0.0168459
0.0366059
0.0114912
0.10722
0.140964
0.0897134
0.113452
0.137873
0.124031
0.145866
0.00584837
0.143257
0.0101565
0.0125929
0.045017
0.15373
0.13021
0.0478846
0.0437027
0.141383
0.0178221
0.115122
0.116317
0.160644
0.132306
0.117588
0.138839
0.0496918
0.123581
0.0130857
0.0921072
0.1424
0.0148828
0.138987
0.141692
0.068896
0.127358
0.13195
0.140808
0.092087
0.151061
0.0333664
0.03327
0.0724641
0.162069
0.0829568
0.00451358
0.145241
0.149892
0.0485499
0.0826156
0.139476
0.0287962
0.141547
0.132735
0.143536
0.0319467
0.0775248
0.0444078
0.142865
0.00687333
0.12049
0.0328714
0.127407
0.146916
0.00704238
0.0519058
0.0380294
0.0663833
0.142812
0.141666
0.056935
0.0556364
0.0104913
0.0286491
0.043605
0.157626
0.0201805
0.0323923
0.0886678
0.00668029
0.160265
0.0180975
0.0699141
0.0181029
0.0200748
0.132463
0.0141593
0.0381347
0.104674
0.0831943
0.00557986
0.0499168
0.14519
0.139258
0.0303496
0.0274177
0.150997
0.0260573
0.161831
0.14038
0.013935
0.127395
0.125125
0.12641
0.132067
0.144594
0.0964594
0.146053
0.0173911
0.0151886
0.0992025
0.125908
0.136403
0.0936125
0.140534
0.148861
0.0120671
0.121942
0.0104737
0.0208624
0.0733641
0.147698
0.143689
0.148072
0.00668678
0.00749644
0.14375
0.118718
0.0656913
0.0100607
0.0720287
0.157962
0.0074042
0.0209586
0.142779
0.0354194
0.0135873
0.00875257
0.00911441
0.00412559
0.0974381
0.00403528
0.0322273
0.00670917
0.118798
0.12217
0.0358176
0.127628
0.0117748
0.0152435
0.120575
0.0353394
0.152773
0.163502
0.140613
0.0922918
0.104424
0.0786385
0.137015
0.0164058
0.0696115
0.107796
0.143295
0.15158
0.113587
0.0156413
0.0759822
0.0369763
0.0203831
0.0668483
0.00650876
0.0060805
0.0236447
0.142593
0.0382175
0.0541599
0.140618
0.0110621
0.0190034
0.135772
0.118611
0.0175189
0.175616
0.141094
0.0179607
0.0435352
0.126495
0.0531888
0.0550028
0.0677076
0.0150455
0.140561
0.140988
0.136748
0.140547
0.037991
0.0493069
0.137231
0.140948
0.128521
0.0805213
0.139252
0.145534
0.146871
0.120037
0.0615838
0.0166511
0.14047
0.00618119
0.0152005
0.0521778
0.0097002
0.0414027
0.0657271
0.105449
0.103341
0.00769598
0.112707
0.0125582
0.0351436
0.141417
0.129757
0.0657201
0.0755369
0.133344
0.131191
0.0745237
0.14125
0.0470735
0.14751
0.0701034
0.0622085
0.0701614
0.019286
0.00867443
0.120021
0.0948923
0.00799559
0.113683
0.0586656
0.130853
0.0791303
0.149892
0.00976895
0.0875304
0.111598
0.128255
0.00701784
0.0578114
0.13998
0.118521
0.0134087
0.0988378
0.0618528
0.0994498
0.00699545
0.130821
0.135271
0.122948
0.0237064
0.137084
0.139434
0.0581711
0.145618
0.0560417
0.0959321
0.14802
0.126063
0.142112
0.128272
0.021308
0.0138468
0.0753189
0.132669
0.00468721
0.151648
0.0232888
0.0207949
0.00802631
0.0664831
0.144369
0.0954397
0.0420724
0.00768739
0.0151368
0.00676491
0.0621437
0.0687786
0.0633858
0.00825577
0.144043
0.0118037
0.124888
0.060761
0.00581525
0.00753989
0.052569
0.143519
0.0865879
0.154776
0.00820459
0.0106156
0.147335
0.140306
0.0064115
0.0106177
0.0191932
0.011751
0.0996234
0.158895
0.0728266
0.13504
0.0605051
0.129072
0.138315
0.048218
0.0156115
0.0115946
0.146787
0.0289118
0.116236
0.100557
0.0189964
0.137346
0.0575815
0.0221303
0.0107135
0.0659562
0.16959
0.11886
0.115116
0.0870511
0.142897
0.0268507
0.0224712
0.0163954
0.021919
0.0169056
0.113291
0.038496
0.117255
0.127512
0.0520092
0.106738
0.0135687
0.125549
0.00927723
0.160461
0.111999
0.131134
0.142674
0.00594047
0.00734574
0.103691
0.0159688
0.00671876
0.109624
0.128429
0.0136334
0.0653146
0.154877
0.140911
0.0122039
0.024944
0.00660012
0.00955495
0.0161896
0.0551888
0.0346809
0.0102529
0.0423635
0.109783
0.00611837
0.00954071
0.0138889
0.139872
0.142025
0.0994989
0.102254
0.00644755
0.141788
0.0838114
0.13772
0.118629
0.162078
0.12007
0.0424531
0.140917
0.130145
0.00806868
0.134852
0.00654331
0.00922689
0.0127975
0.155939
0.00706131
0.0165847
0.062223
0.149979
0.145782
0.134884
0.0902627
0.0184494
0.0640406
0.136349
0.0109217
0.124781
0.151508
0.10707
0.0159898
0.0470977
0.00415291
0.144691
0.00640111
0.0170919
0.05654
0.0269002
0.129289
0.142614
0.0218293
0.00678028
0.062873
0.00463653
0.120639
0.0140217
0.141102
0.00703191
0.0155792
0.144027
0.102132
0.00878468
0.143576
0.0201646
0.0116256
0.141499
0.138472
0.117298
0.0205446
0.15433
0.0992309
0.143096
0.136164
0.0158629
0.0178165
0.141086
0.162143
0.0968785
0.00794062
0.00732387
0.138143
0.00904036
0.0435218
0.0513617
0.1478
0.0344794
0.0408394
0.129273
0.0203075
0.0190923
0.12171
0.0180926
0.0743961
0.0817344
0.119026
0.0824563
0.0126827
0.0575193
0.0311617
0.022415
0.0154165
0.0155601
0.0354187
0.125647
0.0573141
0.0147291
0.133343
0.145039
0.126111
0.108652
0.0639195
0.0260381
0.0333537
0.00715855
0.00483974
0.0320223
0.0615213
0.102091
0.023839
0.0918223
0.101925
0.0533687
0.00754204
0.00762167
0.00916926
0.145839
0.0197512
0.0462961
0.148798
0.0249942
0.111835
0.0575957
0.149651
0.146583
0.0214044
0.00676798
0.0280924
0.0798726
0.140158
0.144652
0.146612
0.140185
0.148251
0.153187
0.0107069
0.141692
0.145222
0.139966
0.146273
0.0119939
0.045703
0.148381
0.0572907
0.112225
0.0200944
0.14337
0.0242692
0.110285
0.0121114
0.0112742
0.135257
0.15026
0.124318
0.16345
0.124148
0.0663644
0.157128
0.161972
0.138075
0.0221855
0.131571
0.0883935
0.0133578
0.120987
0.00610012
0.163218
0.0570275
0.158885
0.134874
0.173438
0.0231408
0.0438074
0.0266056
0.135045
0.14683
0.111683
0.0393418
0.135788
0.147465
0.0178235
0.064964
0.0189115
0.0498544
0.00665011
0.15349
0.142397
0.0599732
0.0121761
0.144721
0.00829442
0.122605
0.142519
0.0449418
0.155122
0.148245
0.130198
0.0903798
0.0255855
0.16667
0.0555252
0.0105045
0.084573
0.140964
0.112761
0.0149994
0.102784
0.0578387
0.048395
0.155169
0.0580928
0.0226213
0.114384
0.0286585
0.130881
0.053412
0.141932
0.139573
0.142408
0.142336
0.0119892
0.140903
0.00789045
0.00435401
0.141728
0.0872894
0.0925545
0.00631082
0.139117
0.153814
0.141001
0.114091
0.08024
0.131748
0.0109898
0.0155247
0.0621648
0.0280944
0.155334
0.0440768
0.030404
0.012225
0.015356
0.0446818
0.0712567
0.00849486
0.158633
0.152727
0.164517
0.0768098
0.146827
0.00904612
0.13136
0.00950433
0.151838
0.0534423
0.027332
0.0167239
0.00888811
0.142564
0.134073
0.00675667
0.0750694
0.00788858
0.0444163
0.142861
0.113398
0.00814938
0.0523069
0.159185
0.141636
0.145532
0.0231688
0.142221
0.148377
0.143835
0.043148
0.15383
0.00933718
0.120133
0.0885306
0.078088
0.14859
0.0446231
0.0733061
0.133919
0.143877
0.140587
0.141688
0.0158393
0.142678
0.00992019
0.13177
0.138817
0.0953152
0.160299
0.148797
0.00898685
0.14203
0.147622
0.00933312
0.00576467
0.141924
0.132568
0.143816
0.0724307
0.133423
0.157778
0.151264
0.0478872
0.137443
0.175069
0.148689
0.00663675
0.00909031
0.13382
0.0862433
0.0106428
0.00819724
0.082194
0.0732198
0.0481687
0.0240287
0.00824179
0.0143797
0.169064
0.00979224
0.0719869
0.142251
0.0213884
0.108272
0.00889497
0.00675068
0.151114
0.0427956
0.0326952
0.15369
0.140211
0.110268
0.140282
0.0332926
0.0461691
0.010515
0.114935
0.142289
0.0619057
0.0086539
0.0717597
0.0107541
0.114829
0.0306826
0.0702809
0.138633
0.030618
0.0457855
0.142974
0.149729
0.00948396
0.140302
0.13214
0.141731
0.0493668
0.144694
0.00620083
0.0329326
0.173269
0.13836
0.142292
0.0834853
0.0104571
0.0090826
0.14341
0.143042
0.00987343
0.015462
0.103487
0.141935
0.0083786
0.0186798
0.147563
0.134951
0.00661566
0.0570536
0.0784827
0.0123427
0.00931175
0.142171
0.00637699
0.113775
0.0721826
0.00865117
0.0200923
0.00593765
0.00801817
0.0387114
0.141361
0.0580157
0.0100745
0.0679569
0.141237
0.0838023
0.0996653
0.0144985
0.141122
0.14491
0.156323
0.121777
0.144829
0.0674778
0.139539
0.0524512
0.0674702
0.0544851
0.141212
0.027192
0.150661
0.113878
0.131059
0.0192344
0.0505408
0.00614557
0.141657
0.160817
0.00846739
0.00639091
0.0179397
0.162898
0.106554
0.00860074
0.00612
0.00608194
0.0549202
0.149298
0.00864412
0.0170412
0.0638228
0.156718
0.165356
0.0216768
0.128419
0.0466668
0.0236335
0.10088
0.0567728
0.157461
0.047056
0.0449373
0.15612
0.0108686
0.159259
0.163632
0.0451742
0.030441
0.143026
0.0488606
0.053928
0.011808
0.129145
0.141124
0.0809052
0.152687
0.121352
0.0299433
0.0219356
0.00881689
0.0522823
0.111729
0.0703569
0.00905361
0.0937065
0.00920769
0.0251687
0.0186813
0.13481
0.0968856
0.117823
0.140454
0.140479
0.107387
0.0298802
0.00801567
0.165196
0.0234993
0.0666174
0.140827
0.138414
0.00678042
0.13222
0.0103354
0.141737
0.00881145
0.0073069
0.00821757
0.0306174
0.0370848
0.0984149
0.103759
0.0126488
0.149749
0.0234101
0.0591084
0.121078
0.0208488
0.00572202
0.00682718
0.136602
0.141386
0.153133
0.14148
0.149891
0.144157
0.141559
0.114295
0.0260427
0.14633
0.117495
0.0271215
0.152785
0.0142738
0.0488602
0.00607552
0.142367
0.0104701
0.148352
0.145167
0.00543475
0.00666328
0.134246
0.114781
0.0363437
0.00690942
0.12564
0.162294
0.0144344
0.130436
0.140261
0.176532
0.0913564
0.0122221
0.123011
0.0983125
0.00710928
0.0124535
0.0161237
0.042715
0.0372137
0.00882816
0.14127
0.0199552
0.141464
0.154734
0.170368
0.168897
0.123413
0.167547
0.163967
0.159643
0.156422
0.158208
0.1573
0.158198
0.158875
0.1817
0.165815
0.15091
0.172631
0.157676
0.00818663
0.0379609
0.0766901
0.181128
0.127573
0.153257
0.0267498
0.14013
0.128687
0.151203
0.141876
0.0727607
0.142049
0.143964
0.132188
0.0119685
0.040572
0.141058
0.14213
0.115203
0.0222122
0.0349031
0.00412468
0.131323
0.159011
0.162008
0.156189
0.0301837
0.0169465
0.144533
0.154648
0.0943514
0.140126
0.136306
0.135621
0.133083
0.142953
0.133435
0.175884
0.00866211
0.136225
0.00386685
0.146258
0.00892885
0.140822
0.121337
0.0261494
0.151536
0.0304189
0.131129
0.0918857
0.146054
0.154045
0.144898
0.161544
0.137261
0.126022
0.146332
0.141877
0.153475
0.150405
0.152137
0.0098857
0.0183521
0.138749
0.142518
0.156493
0.0269613
0.0380289
0.141388
0.122093
0.145742
0.138309
0.140662
0.140716
0.123706
0.14987
0.0200644
0.0945289
0.0239263
0.124763
0.00867074
0.122374
0.00652504
0.111152
0.134937
0.0181398
0.141845
0.0266199
0.0849394
0.126065
0.140516
0.114439
0.0772691
0.141465
0.113895
0.156504
0.15139
0.111306
0.139564
0.0142398
0.119882
0.0905828
0.155691
0.143661
0.00727191
0.153244
0.110708
0.15409
0.123291
0.152263
0.0724792
0.127541
0.0070535
0.102498
0.156212
0.00456751
0.0949716
0.00657917
0.00837814
0.119422
0.017958
0.0587706
0.12391
0.00831068
0.149146
0.122808
0.109777
0.1163
0.0168198
0.119354
0.0293127
0.142408
0.168894
0.167146
0.0113129
0.00596813
0.0913051
0.141718
0.108442
0.14767
0.140763
0.118782
0.129215
0.132271
0.120276
0.142162
0.124403
0.170083
0.165204
0.145767
0.0204896
0.149761
0.118317
0.0222848
0.00879608
0.154204
0.141552
0.0258354
0.138017
0.112998
0.132665
0.0427129
0.08683
0.119392
0.144255
0.116031
0.0293207
0.0464877
0.130191
0.102179
0.00791838
0.131728
0.142982
0.00986133
0.142695
0.114566
0.119336
0.150217
0.110946
0.025455
0.0267566
0.0120861
0.135499
0.15488
0.140391
0.11
0.143604
0.140951
0.150526
0.0828434
0.106395
0.122829
0.129345
0.15195
0.0231323
0.120301
0.0823402
0.0132879
0.0798526
0.0577698
0.144769
0.0504955
0.113686
0.00832611
0.136687
0.146261
0.128422
0.152928
0.0784484
0.00818329
0.133551
0.122062
0.123447
0.0123181
0.116778
0.00905447
0.0778079
0.0409784
0.00913931
0.150587
0.122962
0.152916
0.076396
0.116262
0.100806
0.150574
0.00778848
0.151936
0.134697
0.0199573
0.020693
0.156094
0.139726
0.155058
0.0167614
0.00834298
0.147067
0.083588
0.124912
0.0168741
0.0072831
0.146399
0.0722275
0.112838
0.0762454
0.0268747
0.0341216
0.102842
0.140759
0.00714448
0.151866
0.140291
0.154879
0.146629
0.147666
0.0895068
0.141505
0.102906
0.140585
0.0256753
0.14677
0.148588
0.0757863
0.00910481
0.132706
0.00997324
0.00706754
0.152887
0.0709123
0.143149
0.0600434
0.165481
0.125882
0.0991608
0.0172609
0.0127108
0.106745
0.143875
0.148028
0.0287067
0.068232
0.165762
0.111408
0.150505
0.144817
0.145687
0.0636098
0.171939
0.1625
0.147226
0.143342
0.00840279
0.113261
0.146101
0.153035
0.104911
0.0379322
0.0633863
0.098296
0.0452714
0.0061612
0.0940157
0.115189
0.00828544
0.160303
0.0117056
0.148269
0.157201
0.0344999
0.139173
0.1479
0.0131467
0.0255597
0.140512
0.0795879
0.11443
0.0845933
0.0674314
0.065715
0.140276
0.130391
0.141649
0.141257
0.0872583
0.135498
0.15245
0.0120753
0.149249
0.148402
0.141557
0.145893
0.127276
0.0740556
0.00665066
0.142163
0.142278
0.140966
0.106286
0.0123852
0.171328
0.0294425
0.0967411
0.100834
0.0117109
0.146702
0.126964
0.123093
0.150277
0.148594
0.0743201
0.0157475
0.00709124
0.119256
0.101256
0.0366161
0.141702
0.108815
0.021539
0.00601105
0.171136
0.159882
0.143192
0.141859
0.152555
0.0263119
0.104566
0.0101249
0.118524
0.00695623
0.143447
0.00805566
0.127488
0.0715378
0.0717676
0.0722569
0.12309
0.140491
0.0246098
0.13511
0.144454
0.00930487
0.149277
0.00904975
0.119016
0.0972969
0.0946367
0.0819136
0.14499
0.141378
0.141915
0.142862
0.130726
0.0544956
0.137661
0.140782
0.141884
0.140779
0.141807
0.0118985
0.0446574
0.128259
0.00849576
0.0158365
0.0316437
0.0923659
0.100354
0.00952419
0.142512
0.146033
0.00676365
0.141024
0.142425
0.142772
0.0874384
0.145224
0.095674
0.175784
0.160355
0.158452
0.171223
0.134609
0.142202
0.178668
0.155072
0.0119287
0.145758
0.0183009
0.0246994
0.00746074
0.141596
0.121614
0.143747
0.1393
0.149103
0.140502
0.149146
0.141622
0.126808
0.0295162
0.143791
0.141177
0.157776
0.142221
0.156257
0.141161
0.144949
0.0735664
0.0109121
0.14129
0.141161
0.0820276
0.0590177
0.093835
0.0971659
0.14427
0.0278893
0.150811
0.146215
0.0677865
0.130423
0.0569307
0.00597803
0.145956
0.143928
0.145631
0.0155808
0.0343299
0.0775861
0.140736
0.106011
0.00361947
0.124447
0.14159
0.0309561
0.00391599
0.0106951
0.100816
0.108957
0.152583
0.00355846
0.00378107
0.14227
0.00965454
0.0226964
0.143948
0.0126746
0.00379885
0.00405231
0.0419773
0.00374357
0.125538
0.00806162
0.00471686
0.00456399
0.0177271
0.00374165
0.00706651
0.0540148
0.0208557
0.13028
0.00370265
0.00393629
0.149473
0.00338785
0.144421
0.00433304
0.144878
0.0363726
0.00367436
0.00397896
0.0918982
0.0032779
0.00590995
0.117901
0.0255755
0.105641
0.00395839
0.00415961
0.132838
0.00462669
0.0100021
0.00396288
0.107911
0.0972944
0.136589
0.0305846
0.032375
0.00385438
0.141735
0.071325
0.00421824
0.00478375
0.00432192
0.00391237
0.00366252
0.00392258
0.0039262
0.00371976
0.00435087
0.00478972
0.117676
0.00416421
0.00365472
0.00419085
0.00396423
0.00356315
0.00447213
0.14033
0.00442862
0.0072726
0.00423126
0.102872
0.12987
0.00384113
0.00478307
0.00381416
0.00388196
0.142704
0.00452276
0.00373125
0.0439053
0.0455971
0.00364406
0.00470953
0.00442392
0.00420949
0.111032
0.0117549
0.142495
0.00447619
0.0224551
0.0647962
0.0343167
0.0942916
0.144113
0.00436743
0.0228085
0.152856
0.0342333
0.00381292
0.00432282
0.00346158
0.0952252
0.0319189
0.00361749
0.0333994
0.154569
0.00474541
0.0921385
0.0596635
0.0460495
0.0590634
0.143368
0.127893
0.145613
0.0866681
0.00350905
0.146115
0.0922702
0.141303
0.00700471
0.00474423
0.0038611
0.142651
0.0525379
0.00473414
0.142375
0.142423
0.00651105
0.00310327
0.0125094
0.139406
0.0333936
0.13556
0.0941055
0.0457119
0.0990772
0.00519529
0.0107409
0.0989269
0.00336552
0.141375
0.135824
0.0231138
0.105934
0.00349532
0.148752
0.00463299
0.00341374
0.04537
0.140777
0.00493867
0.00401637
0.0159519
0.15793
0.142823
0.141614
0.0108873
0.0039994
0.143287
0.167568
0.123802
0.137881
0.0149627
0.0202568
0.0080314
0.127216
0.15129
0.100416
0.00476226
0.00358993
0.00464836
0.00900369
0.0331056
0.0362499
0.0322167
0.141659
0.00398374
0.14367
0.00444043
0.14147
0.00415254
0.00487095
0.00383039
0.00474051
0.14149
0.00465441
0.00818805
0.127051
0.0723427
0.00469306
0.0111023
0.00932879
0.142051
0.00341728
0.140947
0.00448444
0.00457385
0.00365067
0.0452117
0.00341796
0.142713
0.00396647
0.016532
0.140304
0.0362855
0.0042112
0.0132554
0.0737339
0.157724
0.00322664
0.00564659
0.00667689
0.0340332
0.00464874
0.102348
0.0536207
0.0153027
0.139183
0.104581
0.126044
0.159912
0.0127549
0.00907078
0.00798243
0.0231667
0.106074
0.0083076
0.00388187
0.0117637
0.00314446
0.101643
0.146533
0.139467
0.125664
0.108721
0.0222868
0.139161
0.115667
0.0760265
0.0649784
0.144921
0.0252897
0.141693
0.143003
0.141681
0.143486
0.142824
0.0486879
0.00353471
0.141398
0.0065992
0.038032
0.15074
0.0112236
0.137076
0.0042075
0.136543
0.141639
0.0132962
0.144021
0.0709585
0.006039
0.141518
0.00706968
0.0524762
0.121343
0.0570068
0.0236925
0.142224
0.142541
0.14147
0.00751979
0.143478
0.142716
0.124835
0.123708
0.0652892
0.143838
0.129448
0.14152
0.00980447
0.154151
0.144514
0.141789
0.131454
0.137036
0.00365396
0.141617
0.0198161
0.140612
0.00468836
0.0134823
0.14543
0.148595
0.00429069
0.044441
0.143949
0.0816856
0.142268
0.0152605
0.0237607
0.143301
0.152205
0.141972
0.00348567
0.142246
0.0239396
0.0296955
0.141587
0.004219
0.141736
0.0321522
0.0173613
0.129013
0.11479
0.142773
0.0144587
0.171577
0.155475
0.105472
0.0202226
0.0237185
0.0316947
0.138216
0.138262
0.0264203
0.00434701
0.00578144
0.00658298
0.00966055
0.0544153
0.0586059
0.147508
0.0116278
0.0504096
0.131942
0.00426828
0.0475021
0.144991
0.141801
0.0233074
0.142645
0.133476
0.109594
0.142036
0.0937308
0.0305702
0.0670171
0.146024
0.0169079
0.144639
0.0054946
0.150354
0.0937023
0.00368478
0.142047
0.0160228
0.0060749
0.150827
0.0174684
0.0101776
0.124214
0.0466872
0.145258
0.00450118
0.119889
0.1445
0.110708
0.0291924
0.14582
0.00899269
0.10772
0.0383158
0.141954
0.15857
0.141931
0.141467
0.143226
0.102048
0.0104793
0.134755
0.0484053
0.0471404
0.118521
0.0316406
0.142748
0.00447537
0.136977
0.0156559
0.057526
0.00397589
0.154573
0.143157
0.156053
0.142943
0.127959
0.0479435
0.0909803
0.0402911
0.154596
0.0517447
0.142636
0.141708
0.039009
0.0843761
0.111362
0.092866
0.0116858
0.14428
0.0314149
0.036019
0.00405456
0.0350495
0.00643862
0.00721711
0.0820268
0.113876
0.141868
0.0355544
0.141501
0.141888
0.141422
0.00729522
0.0850644
0.0924269
0.140503
0.0726811
0.10032
0.142853
0.136353
0.102753
0.0917759
0.00657381
0.116386
0.00833478
0.0381101
0.0084564
0.0169362
0.0335724
0.0059148
0.00778118
0.0817171
0.142821
0.0310696
0.00421325
0.0167708
0.00373973
0.146367
0.140031
0.0151604
0.0367486
0.0231804
0.0102728
0.114631
0.00348018
0.00393679
0.00455342
0.0827614
0.122428
0.014341
0.139058
0.0355023
0.0189149
0.0723109
0.00842774
0.142989
0.00531859
0.14018
0.148425
0.137383
0.00400746
0.00468186
0.161124
0.00427881
0.00519547
0.160357
0.141776
0.0592378
0.00423125
0.00397487
0.137748
0.00418324
0.0125566
0.00397044
0.00453451
0.0415329
0.00930563
0.126462
0.00468604
0.0538167
0.0313672
0.0412849
0.144374
0.00624686
0.0072647
0.0048016
0.143738
0.00490203
0.00400279
0.00451618
0.00515093
0.101578
0.0155015
0.00398895
0.142545
0.151813
0.00989152
0.0138633
0.0048206
0.076853
0.0267631
0.0157177
0.0358279
0.14141
0.00490028
0.108385
0.140852
0.00663454
0.154326
0.00465957
0.150875
0.00534022
0.00554953
0.00610884
0.0837212
0.00619664
0.111861
0.00505899
0.0108244
0.00541346
0.00428625
0.104104
0.0195354
0.0238359
0.137147
0.131121
0.137996
0.0119489
0.00475127
0.00535901
0.15988
0.159415
0.144909
0.00833427
0.0201001
0.142939
0.00515091
0.00589623
0.00599852
0.115591
0.0051283
0.00518138
0.141691
0.00559646
0.00557792
0.0467466
0.00547086
0.00533061
0.0052647
0.00398884
0.0053917
0.00584166
0.00548927
0.00580837
0.00650327
0.00519972
0.142135
0.0057606
0.00524091
0.152072
0.00524861
0.00638762
0.00539847
0.00572865
0.143514
0.00599053
0.113235
0.00595664
0.00518222
0.00657971
0.00549312
0.0556347
0.00550237
0.127277
0.00586087
0.00603873
0.00863856
0.00612192
0.00404264
0.00599264
0.0058476
0.050334
0.00488064
0.00610278
0.00678032
0.00514019
0.0330061
0.141612
0.141681
0.00606384
0.0106001
0.00595752
0.00395953
0.00544205
0.0326316
0.00535133
0.0696857
0.0503272
0.124099
0.0175003
0.00524051
0.0110674
0.14093
0.140944
0.0611138
0.00615088
0.0050769
0.0135577
0.00870667
0.0064639
0.141295
0.013915
0.0223277
0.0359504
0.00490325
0.00545791
0.173263
0.16407
0.00487009
0.00331202
0.00642596
0.136262
0.00654714
0.00307912
0.144568
0.0103735
0.0686491
0.0686132
0.0835558
0.0160616
0.0941582
0.0940385
0.00496836
0.143282
0.0167719
0.00924278
0.0110534
0.140294
0.0150831
0.0375458
0.00465389
0.164495
0.153571
0.0114676
0.112699
0.127876
0.159391
0.135016
0.120795
0.140574
0.00490322
0.141937
0.00466867
0.00797659
0.109187
0.0130489
0.139305
0.110091
0.0046597
0.028629
0.0658964
0.0691627
0.13641
0.00490177
0.0565968
0.00852364
0.00652889
0.0911394
0.00619653
0.00345086
0.0325235
0.0270582
0.00667689
0.00651939
0.151967
0.0393681
0.00420422
0.0130213
0.00807474
0.141735
0.138963
0.0714714
0.158165
0.10606
0.134266
0.00630612
0.00485773
0.0035766
0.00566673
0.00604734
0.00654355
0.00533316
0.00590972
0.00514459
0.081137
0.0352932
0.00489123
0.0200567
0.00723496
0.00625713
0.0061989
0.00648218
0.145469
0.00598584
0.146894
0.0440276
0.00658499
0.159411
0.183654
0.0106924
0.0271957
0.00451497
0.00649298
0.141855
0.00967323
0.00648224
0.141624
0.00653256
0.122666
0.143335
0.0119589
0.0054492
0.108329
0.00688037
0.00502865
0.157558
0.00640168
0.0333773
0.00627143
0.123507
0.00579752
0.0250258
0.00569011
0.00483563
0.00606459
0.00473366
0.109148
0.0171791
0.14423
0.00537255
0.00599726
0.158526
0.00589584
0.11791
0.0195262
0.128784
0.0059945
0.00626888
0.136254
0.0143708
0.0510728
0.152228
0.141519
0.00388937
0.135676
0.0296603
0.077922
0.0390598
0.119137
0.014974
0.0441303
0.00510155
0.143409
0.141938
0.114634
0.00336527
0.141483
0.117727
0.136978
0.00794027
0.00586905
0.00352611
0.096364
0.140486
0.00736151
0.00572875
0.00484475
0.0859607
0.00720775
0.00410248
0.136725
0.00532258
0.045874
0.140522
0.0112522
0.0513456
0.0330031
0.0324126
0.0975731
0.00750702
0.00702559
0.0827886
0.00441161
0.143135
0.147506
0.171293
0.104534
0.00499642
0.00644693
0.00534949
0.00500015
0.158645
0.105662
0.00955219
0.0508933
0.136211
0.0040008
0.00331999
0.119211
0.11589
0.00570254
0.132866
0.00638739
0.00603377
0.0345
0.0953253
0.00401044
0.146676
0.00597707
0.0039883
0.00502478
0.00418511
0.0516476
0.0421995
0.141605
0.0100091
0.00651925
0.00866903
0.0383551
0.0509975
0.0077621
0.162027
0.141969
0.00636636
0.00481774
0.00944707
0.00799443
0.146244
0.0342656
0.0302974
0.010302
0.0036909
0.00529667
0.00404716
0.0109371
0.139777
0.00557121
0.138953
0.00349589
0.0079506
0.141357
0.14186
0.00733609
0.157854
0.0191799
0.00446117
0.0085186
0.0483822
0.180839
0.16301
0.0341399
0.0815588
0.0572427
0.142756
0.129093
0.0280844
0.00882256
0.0645627
0.139819
0.0276322
0.00952144
0.00349928
0.132407
0.0094893
0.141615
0.0491157
0.153891
0.141575
0.136449
0.141816
0.0110141
0.148503
0.00949473
0.00532693
0.0211145
0.0874774
0.149008
0.00761945
0.0199332
0.00999889
0.125495
0.00498099
0.00806291
0.00396313
0.141262
0.00653096
0.142315
0.102889
0.0116318
0.1333
0.00457192
0.0098997
0.00928183
0.150125
0.00942968
0.00509059
0.00731319
0.0969498
0.081622
0.00467866
0.0066627
0.0206543
0.0282967
0.141541
0.010511
0.109765
0.00665779
0.0347226
0.0038612
0.122102
0.070981
0.141104
0.0078611
0.0281231
0.00593496
0.00918906
0.0335763
0.0096025
0.0622064
0.131485
0.142899
0.0506013
0.0388224
0.142519
0.00639099
0.0116994
0.0217038
0.00733693
0.145905
0.141951
0.00542175
0.179314
0.123616
0.142803
0.00480634
0.00410471
0.00782555
0.107309
0.120614
0.00422069
0.106399
0.017448
0.0722122
0.0309404
0.142165
0.142274
0.124032
0.145179
0.0107478
0.0574203
0.0904191
0.15678
0.00817152
0.00788048
0.141597
0.0127554
0.00385181
0.13506
0.0141836
0.0581094
0.0216938
0.00639096
0.0485793
0.138068
0.00627575
0.111965
0.142058
0.065098
0.143707
0.141834
0.040016
0.0887566
0.119871
0.081242
0.00734518
0.0347314
0.114428
0.0867072
0.07454
0.00355252
0.00610669
0.152453
0.0269686
0.106442
0.0532994
0.00809555
0.142929
0.0058104
0.0925167
0.138126
0.00865436
0.143593
0.0116481
0.0560216
0.144925
0.038609
0.00615889
0.101968
0.137655
0.00365881
0.036991
0.00522918
0.0933274
0.00849092
0.0442426
0.0539403
0.157685
0.0403882
0.0860101
0.00788355
0.0107451
0.0183445
0.141533
0.00416134
0.142662
0.085682
0.141597
0.0258016
0.0976617
0.0509253
0.141465
0.161766
0.0604829
0.0171204
0.00936483
0.0852817
0.0329667
0.0315815
0.14294
0.0571585
0.0957229
0.00777181
0.0487457
0.0861407
0.0278216
0.0965259
0.0134075
0.0109913
0.0146915
0.095274
0.128503
0.0264609
0.00623067
0.00418155
0.14264
0.0307691
0.0194528
0.0243169
0.0220418
0.00719595
0.00384784
0.140103
0.0156854
0.00470741
0.12785
0.0130858
0.111833
0.00559759
0.0466917
0.0154496
0.0477765
0.0265313
0.00815456
0.0202138
0.00631031
0.122793
0.0105127
0.116091
0.016922
0.0134294
0.14221
0.00932032
0.0101062
0.141584
0.0956584
0.127329
0.0785661
0.139151
0.147661
0.0375358
0.00633686
0.00667474
0.00729776
0.0156001
0.141646
0.00590765
0.00804665
0.0859031
0.015523
0.142941
0.0372251
0.0901885
0.0110035
0.00519856
0.0129932
0.0925353
0.0174545
0.0450232
0.00301674
0.0061157
0.00593252
0.076956
0.0160534
0.0379043
0.0076104
0.146689
0.144106
0.00568093
0.128151
0.00590594
0.0316598
0.00653231
0.00621348
0.00578697
0.00716929
0.0533252
0.0056729
0.10529
0.0433075
0.126147
0.00643043
0.00601893
0.0058244
0.00562002
0.137372
0.0968854
0.0145419
0.138425
0.083823
0.00683395
0.0804825
0.12301
0.0224529
0.00808017
0.107684
0.0431472
0.0106623
0.0273834
0.1334
0.045206
0.0171912
0.00581864
0.067434
0.0348896
0.00566628
0.00676133
0.00624909
0.144313
0.00915614
0.0732154
0.00656644
0.0596023
0.010153
0.0835403
0.00410408
0.0095743
0.00863123
0.138922
0.00643467
0.00994461
0.00845501
0.141418
0.108715
0.143981
0.00762766
0.115701
0.0978386
0.0540827
0.00630318
0.00724978
0.120608
0.0184321
0.00511276
0.133454
0.00596223
0.0644181
0.0103238
0.00499134
0.0101755
0.00537905
0.00552843
0.144456
0.0422947
0.144061
0.0111775
0.0079918
0.00790651
0.00768971
0.00744933
0.142469
0.00582824
0.0434307
0.0587358
0.127529
0.10807
0.0994391
0.143449
0.142198
0.140425
0.00660111
0.00650542
0.00567163
0.0312309
0.143582
0.0127529
0.102868
0.00669305
0.123097
0.141244
0.0058039
0.00670887
0.00696054
0.105265
0.0318183
0.00732651
0.0417004
0.00724933
0.0862575
0.0408356
0.0082747
0.0577883
0.0647599
0.0156979
0.0896947
0.00624449
0.0246088
0.143225
0.0103722
0.00674096
0.042582
0.0131006
0.00719588
0.00817725
0.00731202
0.0053653
0.0163399
0.145521
0.00778152
0.00635287
0.0427932
0.0851615
0.00842905
0.00738527
0.00739924
0.00630961
0.139497
0.128747
0.0283368
0.0268573
0.00828329
0.00836674
0.00797267
0.00785617
0.00589583
0.022611
0.00705464
0.00812312
0.00545632
0.142998
0.00952685
0.00576833
0.124665
0.0964751
0.0142483
0.0272001
0.00824549
0.143039
0.0457296
0.0102924
0.00748508
0.00699633
0.00533458
0.00871033
0.161313
0.0256896
0.100392
0.00621104
0.100663
0.0109344
0.126531
0.00679921
0.0969444
0.00771058
0.0424979
0.0102892
0.00652188
0.00934828
0.133983
0.0101438
0.030575
0.0106622
0.00677918
0.00703412
0.00712404
0.00493359
0.115574
0.00684021
0.00888613
0.0152486
0.0106709
0.00629322
0.101707
0.00643833
0.00746272
0.0226922
0.00418758
0.00487441
0.0107747
0.0122587
0.00779874
0.0184938
0.00706653
0.0228289
0.0124031
0.00800141
0.011746
0.0450228
0.0082171
0.0863572
0.00772865
0.0129199
0.00716345
0.0103033
0.00709234
0.017595
0.00692235
0.00591028
0.0162115
0.103347
0.0093342
0.00735913
0.00697419
0.00936439
0.11388
0.00655459
0.0162416
0.00954632
0.00751268
0.0552268
0.00607798
0.0472819
0.0400502
0.170574
0.00634298
0.00555817
0.00620861
0.00795079
0.105275
0.0187469
0.00728729
0.141759
0.0487921
0.00691377
0.116855
0.0051147
0.0599103
0.00710409
0.0507172
0.00499209
0.028137
0.125754
0.124037
0.00720719
0.0157651
0.0194136
0.125859
0.00787742
0.0786025
0.0467185
0.121743
0.114663
0.0096213
0.0660217
0.00561167
0.144662
0.0564436
0.134202
0.00674986
0.00825336
0.0262932
0.0237685
0.0706161
0.148437
0.0285357
0.00903533
0.00531265
0.0169763
0.00705745
0.049172
0.00809506
0.123003
0.00712474
0.0118791
0.00703807
0.00659197
0.00740793
0.0670643
0.0490269
0.0161271
0.0173456
0.0345121
0.14332
0.00723254
0.0586209
0.0877576
0.033407
0.0118242
0.013977
0.00848695
0.00533718
0.00683602
0.0062804
0.121629
0.00545521
0.0288096
0.0302731
0.153832
0.00592708
0.00567739
0.118628
0.00760799
0.0232498
0.0197712
0.111731
0.0618259
0.00740065
0.0914348
0.00649108
0.0179936
0.0828544
0.0154482
0.0174329
0.164376
0.10887
0.00496728
0.032804
0.0120258
0.0069774
0.164587
0.0912431
0.0164137
0.0608745
0.00865477
0.00890902
0.0241603
0.0459566
0.00742998
0.119384
0.00666549
0.123228
0.110193
0.0847548
0.00717066
0.102995
0.0967698
0.052722
0.0099963
0.00639016
0.0650183
0.00626565
0.00769472
0.00781358
0.00916032
0.131764
0.00847597
0.0100594
0.119516
0.00698199
0.0140882
0.00709545
0.00936256
0.00498956
0.00386432
0.0352625
0.0132123
0.013849
)
;

boundaryField
{
    frontAndBack
    {
        type            empty;
    }
    upperAndLower
    {
        type            symmetry;
    }
    outlet
    {
        type            freestream;
        freestreamValue uniform 0.14;
        value           nonuniform List<scalar> 10(0.123413 0.159643 0.1817 0.165815 0.15091 0.165204 0.175784 0.160355 0.140502 0.131121);
    }
    inlet
    {
        type            freestream;
        freestreamValue uniform 0.14;
        value           uniform 0.14;
    }
    airfoil
    {
        type            fixedValue;
        value           uniform 0;
    }
}


// ************************************************************************* //
