/*--------------------------------*- C++ -*----------------------------------*\
  =========                 |
  \\      /  F ield         | OpenFOAM: The Open Source CFD Toolbox
   \\    /   O peration     | Website:  https://openfoam.org
    \\  /    A nd           | Version:  10
     \\/     M anipulation  |
\*---------------------------------------------------------------------------*/
FoamFile
{
    format      ascii;
    class       volScalarField;
    location    "50";
    object      p;
}
// * * * * * * * * * * * * * * * * * * * * * * * * * * * * * * * * * * * * * //

dimensions      [0 2 -2 0 0 0 0];

internalField   nonuniform List<scalar> 
3042
(
-120.282
-3.96356
30.9836
-48.0365
16.6458
-12.7429
3.28278
-107.275
-4.43392
-146.602
100.013
8.49424
-19.6191
11.0339
16.8912
24.7843
-3.03767
-125.72
-25.2886
13.9812
-111.322
-6.76245
16.8293
22.4787
-50.1206
-15.8398
29.9269
-21.8969
-21.652
35.7841
-89.9033
74.1828
-27.6446
-35.6171
-41.2988
1.77196
-40.5655
-75.8176
-42.1973
-65.8094
-73.359
-116.914
60.4236
8.27847
-74.6755
-13.983
-66.486
-30.5322
27.4473
-25.2404
-47.5555
19.7651
-1.21169
51.4748
42.3461
2.831
2.96864
-0.00141395
-24.1504
-4.2281
21.5022
7.83095
-71.9467
4.78218
20.5998
-82.8785
-27.1411
13.9801
-37.4484
4.88003
9.92417
-53.635
-38.5199
45.55
-6.57297
-0.230585
-43.3712
1.39048
35.691
-91.2103
-16.641
7.17091
-40.5519
-1.42698
-16.8644
-69.2503
2.2579
1.89326
-145.392
47.6556
24.1562
42.374
97.3417
33.1646
8.17515
-19.5975
-109.246
15.7918
-62.9237
29.9034
-13.1217
-65.2958
-11.1869
4.85125
6.54599
1.25796
-50.7086
18.1732
22.9333
-75.723
-26.4721
-76.0515
-53.0824
-63.9971
3.28396
33.5388
80.7714
-29.1674
-138.884
17.6495
-67.2158
6.47364
37.851
-8.47131
12.3763
3.06515
-0.307652
1.62604
30.7287
-4.47244
39.3232
-67.5707
-44.9455
-4.37974
4.16119
19.5011
18.606
9.53195
-49.7893
2.24354
-0.693827
-4.51146
16.9047
37.1377
-1.61801
-60.3859
0.654635
-34.8258
-70.5938
-3.42359
-61.2912
8.63365
10.8798
24.8799
-8.78585
-13.8324
31.0809
0.2737
4.44942
-42.8235
32.8223
-61.605
0.067037
4.98973
-45.6233
15.9397
17.4405
20.8452
10.7336
12.6391
4.68493
18.5406
6.7907
6.1303
-48.6739
-24.8282
-49.3745
79.7535
-22.0957
-12.5738
16.203
26.506
24.7452
-22.3811
-48.5111
-64.3269
76.4802
-2.73518
11.0472
-35.2375
12.5995
-84.1104
-57.059
-30.4264
1.33574
-21.1605
29.4013
-24.5489
60.6159
-5.14146
-63.9483
-33.6255
6.5291
14.9637
-0.354052
3.37074
-54.3859
-11.7817
99.1285
14.7929
-8.48549
-4.50456
-0.12591
-69.5374
13.0027
-8.28211
-67.3643
0.435192
48.1122
-72.54
-5.08375
26.6584
-7.98549
-3.40948
-6.65529
-4.64653
-9.27272
20.3552
-72.1766
-31.216
-9.298
-2.67462
-10.6115
-2.6278
-11.9593
-150.824
-7.62701
-124.759
-73.3897
110.217
-0.0431951
50.133
17.452
-57.7462
-84.8865
-4.73991
-12.7237
-43.0709
4.9455
-40.2603
0.90067
26.2315
-68.5128
-3.19201
-43.7402
-47.8232
-103.776
-87.0507
43.6503
6.21428
46.8147
-69.9461
-29.6717
-14.1989
19.3095
-3.24894
33.1748
-52.0767
-29.2432
-19.4756
-0.274262
-0.855003
0.811277
10.2833
7.6733
40.5359
-75.5554
-8.20865
-69.3558
103.54
-7.60056
-4.97278
-16.9208
-7.86162
151.842
-40.1051
-33.4054
-62.2366
-97.6647
27.5439
-54.8241
-69.1492
93.3905
10.4729
-51.5913
-4.74866
-142.66
-53.9973
0.0816415
39.0782
-22.9805
0.568108
9.51936
-61.6216
93.9209
-1.20936
40.3822
-7.2699
-38.6581
-40.4369
6.6396
-0.901598
-3.75349
7.75704
53.8011
-86.3502
-0.217767
7.78216
29.6577
-31.9204
-1.97027
44.8421
0.233004
2.54954
88.3313
-52.8309
-1.64454
-28.7668
-48.25
-47.4173
-110.389
-6.67965
-35.2355
1.33749
-23.7107
-69.8461
-14.8283
-54.1744
-73.1612
5.49018
-7.26953
-89.0028
-90.1393
4.64304
-4.81707
47.6485
10.5702
159.586
1.10331
-74.9747
-27.6848
-42.4775
-131.511
-130.177
-10.198
5.89916
-51.6616
-16.8885
-0.587534
0.692182
-37.5151
7.68594
-118.818
29.8145
-10.7914
1.66758
-84.8909
-17.2246
-2.56497
10.5125
-43.8954
17.5637
-47.174
76.768
-16.7169
-4.50379
-3.41989
-11.2776
-118.78
8.89097
-2.98253
-36.9893
-7.83136
-37.092
-22.4966
-10.9212
-6.74107
-3.25244
-6.68994
153.761
-62.7356
-39.4166
0.131534
76.4339
-13.6631
35.8903
-105.889
-102.412
-36.8666
-5.78284
8.98982
-40.8111
-77.6202
-46.1425
31.6268
-37.9834
108.826
-31.7915
-77.5767
-6.50823
19.2358
-9.70128
-23.9571
-50.2665
-50.9535
18.5923
-3.98364
-75.3206
-9.55383
-9.58013
-162.075
0.692216
-28.2877
-56.195
-65.9641
-115.88
-33.2955
7.15343
-5.94357
11.6352
-2.58475
12.3037
-6.97889
-1.87542
-44.5891
-20.4604
13.5366
-32.7303
-43.814
0.511178
3.56664
193.223
-5.89724
71.9319
-67.5058
64.8502
-45.4114
-3.77093
-6.81952
-16.0527
-19.5952
1.73442
55.3267
-34.9869
-49.3944
-75.1239
-55.9185
1.80247
80.7723
51.4069
4.24377
-51.6461
-9.58641
-76.403
-28.7157
-108.049
0.25114
-12.7977
0.702706
22.4277
-44.9616
-94.6557
3.24152
-99.7231
-38.5816
-20.5792
4.51654
-39.4603
-49.9458
-6.56487
-2.70042
-63.7014
4.56622
-55.3221
-32.4367
11.2584
-24.2445
21.1379
-48.8643
12.6777
-6.69826
-40.6084
-54.2024
-46.28
-3.05518
24.5739
58.7017
-7.80526
-21.551
-49.9314
10.3216
-7.31811
24.7312
0.590052
1.28135
-53.81
-42.5656
-3.92476
-98.8363
5.83437
-41.9406
-51.5756
-69.2993
-4.76776
-54.8402
117.511
-48.2371
-18.3495
35.1725
15.3769
8.6416
-72.5103
-41.3009
0.294168
-48.4956
38.7254
-12.4895
6.54547
-64.1294
-56.3343
-57.2939
-47.0248
-50.9893
-41.6749
9.33236
-57.8782
-2.72302
-4.99665
-2.49326
-60.974
15.6178
-69.575
1.17343
-26.2219
-7.98405
7.21434
-117.8
10.1614
1.54497
-78.9132
-5.86611
-48.2628
-151.912
21.6336
0.823963
-16.0282
-28.094
-10.8441
-22.5537
9.6187
9.03809
-109.832
-33.2712
9.31518
-5.09122
-19.9035
-78.0316
-86.0023
-1.31391
-157.697
25.8078
-23.9991
21.1399
119.373
-60.4275
1.38182
-46.6602
-11.3058
43.5376
-50.5822
-22.0648
-48.9059
3.36619
24.6101
-72.9259
-62.0474
-126.662
-50.7045
-54.7234
-126.736
-63.7924
-19.3706
16.1907
-47.4484
19.6731
-8.89969
20.8991
-20.8977
-96.1261
-113.701
-56.5523
-78.8223
-136.793
-66.3506
-47.4033
-22.1352
179.356
-28.627
-2.6387
-16.4361
-64.5426
-26.5998
-3.55402
-3.20354
-44.103
-42.2536
11.6782
-59.104
19.4281
137.625
-16.6145
20.9108
-57.6014
9.29028
-65.4287
-34.6998
-19.2176
47.5133
-33.041
36.8221
10.5492
-6.81746
-60.4875
11.3606
-35.4547
11.6501
13.9227
113.46
82.9503
7.97772
-28.5732
2.18335
-38.3295
-57.3558
-67.6233
38.8092
-138.504
-50.5352
5.36094
-17.1041
-0.377108
2.48926
-4.40419
-62.6251
-6.31814
-4.38941
12.5515
-66.992
14.8135
-33.2462
-51.1279
-14.2135
-36.217
-3.51962
-54.4394
2.39707
9.61028
-1.54594
-21.5758
-35.4092
-130.009
19.4628
-18.8098
-18.9614
5.93387
-4.2995
-12.3505
-44.358
3.09547
-67.1731
98.3835
-53.5181
0.97032
-10.4047
7.66825
-43.1673
2.92965
-52.4376
12.6729
20.3332
113.521
0.422863
-24.0157
0.37952
2.78391
-51.8966
-4.13184
-46.8384
-98.6333
-35.0914
0.116814
5.88053
-68.8958
3.72491
-31.4281
-41.9555
-4.4534
-10.6045
-138.103
4.33176
-125.623
-0.363453
-109.27
5.99938
-0.965347
-13.7427
-1.55603
-18.5678
5.69964
-70.1876
-77.5847
11.9035
8.99655
1.64931
-63.7044
-3.75751
1.43245
-13.4058
14.6439
-35.3647
-5.95555
-93.3372
40.9334
-37.8588
-60.3174
2.41298
-78.1386
-98.8459
-33.9237
-51.202
-96.8215
6.01108
38.6344
-5.35491
5.32145
-4.31869
-35.4183
32.2296
-82.4797
25.4752
-46.9558
3.65638
-13.6639
-110.342
-77.3774
-54.1898
-9.64456
-2.03648
-75.1467
-34.7216
-87.2796
-117.096
-16.9309
-23.8144
-116.32
1.51972
2.04639
17.7014
32.2416
-71.6372
19.1432
-19.1141
-8.68902
-21.8114
2.45283
-146.965
31.6633
-55.4559
2.85108
-3.48152
-0.775487
-32.0171
-2.53373
2.71734
-50.3634
30.9075
-72.1748
26.4964
-91.373
-14.4047
13.7425
-16.2691
-4.73099
-21.7131
-79.2796
-2.44846
-26.8435
60.0585
-51.2094
10.0211
-5.52875
74.0125
-30.0512
-4.67828
-5.00415
2.34316
-31.0292
-0.626231
-0.281532
-21.0529
-48.8829
-49.8831
-3.74664
-79.6709
-57.9721
-81.8201
-54.8606
-41.5209
15.4185
-136.107
-94.6886
69.236
-4.32523
18.9581
-25.7771
64.8512
-47.3947
-2.07719
-106.371
41.7104
8.1239
-33.9377
145.138
-9.62283
-40.2112
-19.2812
4.79848
-128.706
-26.7872
-57.8975
-11.6725
28.4124
-99.2403
-140.56
-68.2776
-79.3619
-35.4032
-29.3824
-21.4818
-0.715279
8.15844
72.4178
-11.142
10.8233
-39.483
11.0816
2.93137
25.4596
124.839
-54.2701
-51.7224
22.8344
-2.67847
10.1398
34.0496
-32.2701
-28.7571
15.541
10.6171
-46.4782
-72.1913
-28.3832
-7.0575
77.904
-16.2448
-60.7919
13.6307
17.474
-50.813
2.51415
68.4405
-69.1195
-63.4735
-2.37134
-73.5646
-13.2694
-86.846
12.5267
-45.7557
57.0186
-74.3649
-23.5042
2.1905
-55.9974
-137.999
-16.0985
7.0694
83.9679
-46.8062
-11.9146
14.5844
-3.62139
-6.55332
2.22569
50.5339
-2.59415
2.13781
-78.0745
-9.7293
-49.415
25.1374
0.712696
3.30157
-9.24088
-1.94139
-83.7406
9.49196
-28.154
-1.14344
-4.19608
-41.7867
-50.033
-42.8745
-4.96927
67.7882
-7.80521
-52.6202
34.2102
11.9087
14.3614
-99.9215
-43.9307
-41.2666
1.34846
-4.06683
-39.1064
33.1374
-55.0725
22.7908
-1.50024
-84.0982
0.856179
-38.4167
7.90138
-6.15386
-62.7979
-4.65366
-4.48427
-37.9524
0.396728
-68.9343
-34.7746
-21.1902
72.3828
1.03403
57.7589
12.3341
1.90642
-0.1231
130.921
-29.7076
-51.6868
112.614
-16.1909
-30.9984
-44.4932
83.6007
55.3427
-23.8561
-35.2206
-0.0349048
-20.2484
-9.52182
-74.2792
101.457
-2.06573
-68.7277
2.36132
-4.28851
-6.65092
2.88735
-1.0588
13.3953
-17.1485
0.417162
-93.1298
12.3127
-49.1958
-62.4883
-71.9499
21.404
-24.8008
-26.934
-12.718
-49.4648
1.51609
-49.2313
-47.9239
-9.6027
-14.9381
46.1441
-52.889
-2.19313
14.4888
2.0197
7.72176
-21.6498
-9.57101
5.58843
-0.0884373
-44.1497
-36.8688
-0.67474
-49.7335
-10.6035
-138.274
-56.1419
45.9602
-4.14295
-28.4596
-3.2236
-10.8023
36.1294
-63.3391
-8.31306
2.37427
-61.6251
-62.8661
-2.94051
-4.28688
-81.1337
-5.76401
63.0126
1.75208
83.9428
-79.2183
39.9717
-23.0889
-84.6618
-154.354
-18.3008
-59.8193
71.2529
37.1647
17.209
-71.4621
10.0592
-0.584308
1.69241
2.70231
0.581077
1.02834
-3.83844
-0.0583105
3.53918
3.68286
2.71412
0.618552
1.29167
-0.684834
-0.277949
-0.246542
0.590868
-0.445297
-76.6869
-62.8386
12.6104
2.86038
0.984214
-12.8048
-56.4047
17.2504
0.0266244
1.06859
19.0787
5.90723
87.6448
68.8259
2.41441
-115.089
-7.96537
6.9392
-5.08952
22.4722
-55.7718
-62.4796
-58.1137
-2.16616
2.08644
0.411554
1.19589
-57.7494
-49.9146
-2.7702
-0.846986
-29.0897
-1.26518
11.8099
-0.309702
-4.73235
-0.0551185
-0.265511
1.98766
8.8535
3.78674
32.4206
0.777729
-34.0784
-3.51993
-32.579
-137.242
-11.6305
-63.8673
0.451783
-14.4268
0.831679
1.59247
-52.0637
-0.681227
0.577833
2.05394
-1.98782
35.1674
0.436721
-0.429664
1.05689
-89.2601
39.6315
13.4752
-0.284227
3.40024
-63.8064
9.64984
30.6333
-1.32214
3.17448
-0.899506
-1.71376
1.12956
1.63111
1.05688
11.5215
0.866576
-63.7481
-0.533339
-35.31
-10.0312
-52.4646
-1.20287
0.324533
22.6705
11.6906
-119.103
-73.6549
-0.69212
14.2024
-0.365466
-56.5131
8.76867
-4.93936
2.23695
-1.35022
-0.748413
-3.44589
-38.2206
0.626547
-31.5112
1.8022
16.7241
19.897
1.97676
-1.21088
2.15428
0.0196
-3.16156
0.263968
-2.23007
-69.2654
6.20084
2.67968
-100.63
-9.60735
14.8349
-50.8551
-37.331
-20.6813
0.674085
1.09763
-11.3782
7.09971
-0.387188
-0.88781
-14.2241
12.2576
0.388491
27.3339
3.92006
-0.316388
-2.85427
-91.7176
-50.0108
10.3289
3.64355
-1.06164
-2.82983
10.339
-1.35061
-1.52182
-17.06
-0.411564
-7.76024
-1.80682
2.15507
0.0790275
2.5033
9.53169
8.06061
0.463475
16.7807
-49.856
0.864673
7.83205
-115.081
3.23728
-0.308899
-2.05983
-27.2085
-33.4751
0.388539
-7.55523
0.287651
-116.804
-4.49474
8.64543
-60.6976
-47.5069
1.14554
-21.723
-153.275
-2.49805
-5.54775
2.49729
-6.24464
-1.51613
-57.4682
112.832
-98.1769
3.85642
-3.01968
-1.69424
-0.769831
63.9368
19.0054
0.931712
-34.1864
2.26394
2.21417
-23.6155
-2.20955
-31.3553
-0.423529
-68.4716
52.5755
-33.2366
-27.6354
-1.09515
-2.63597
-0.697891
-134.974
16.0186
-7.1888
1.02778
1.13259
-32.0319
-71.4558
-5.29198
1.00583
-1.53274
-37.7347
0.384126
-26.4962
-45.8581
3.193
-163.544
0.64979
0.956373
-0.0602721
-29.7012
-43.3136
-4.7873
10.0636
-49.016
0.265472
-4.20828
-75.988
43.4304
0.777476
-3.81665
1.05879
-77.2486
-68.7434
-4.75289
2.20262
1.19164
-143.73
-136.109
3.07694
13.8462
-1.30193
-26.4499
33.5515
-127.834
-0.992476
9.74007
-76.4521
2.01454
-10.4428
-1.93861
-3.49685
-3.76076
-66.5127
-12.3422
-16.6487
75.2515
-127.342
2.53411
11.5105
-22.6125
-66.3765
11.3539
-69.0101
-68.1764
0.596964
3.30967
29.3887
4.14881
-1.34863
4.98667
-24.9324
31.8022
-8.0724
0.234265
5.77333
14.8802
-45.7679
14.4111
-1.50334
-4.37903
1.31113
-5.42169
-3.98066
-42.2329
2.32737
-1.2339
-2.65677
4.7073
-50.8128
3.39833
-5.26908
1.18776
-19.0893
-57.2793
-28.6139
-0.22349
-71.194
46.0593
-0.272966
-0.823926
-48.5682
2.43266
-30.7954
0.13394
2.95176
-34.5067
3.33687
-3.31675
-82.5466
-44.3882
26.3861
-13.7271
-1.21859
97.9626
9.92212
0.361383
26.8071
27.8689
9.5159
3.42068
0.593056
-2.13063
-11.6618
-16.9884
0.903059
-4.51443
5.69512
36.3768
-0.723697
-17.0177
52.4147
-2.58895
-4.85635
24.5589
-20.8431
-54.9669
1.32275
-39.5249
4.18905
0.555703
-55.4543
3.91689
0.5714
0.670118
3.41619
-3.20206
10.5979
-83.0286
-71.4987
0.93044
74.6111
133.472
-24.8162
-43.1065
24.9885
-92.0787
-3.76297
1.68821
3.92613
-3.23815
-5.79247
-81.8489
22.2747
47.6315
29.6055
-57.1415
-16.0618
-66.1886
1.35956
0.564693
-4.82702
-11.3117
0.383997
0.720552
-41.7945
16.7914
9.07103
-20.7362
-3.20288
-57.8636
3.72785
-1.34985
-0.623203
52.937
-2.3275
3.0739
-0.565864
-4.6008
22.6961
-42.5063
6.39989
178.812
-159.71
-143.796
199.653
-9.74323
-102.78
-25.3711
-69.0958
79.3904
-21.8959
75.2261
0.798154
22.3757
-3.25553
-2.86898
-70.8494
-3.83634
0.281174
38.4374
11.5556
-2.50131
0.209032
0.109493
-0.858321
-1.19947
0.915674
-1.3258
11.3491
1.19334
2.05975
-79.296
19.0492
-57.311
-34.5087
-71.2194
-3.00501
0.738181
13.7942
6.21329
-4.1072
0.749147
4.78374
7.95979
-18.7162
-46.1764
-25.6826
-19.7364
-0.536557
3.44938
2.36345
70.1838
4.19489
3.56969
-39.6405
21.0011
-0.654614
-5.66868
65.1625
-0.533666
1.9429
7.2884
-16.7858
0.184831
9.71971
15.8004
-1.44211
-31.1757
48.4219
4.62151
20.369
-6.0725
31.0024
-0.667994
-10.2717
1.76255
4.39569
-50.0583
-3.11056
-16.2021
18.658
-53.8722
7.05905
8.51923
-0.162517
2.34717
-54.2704
-63.9516
-59.7969
-66.9105
-68.1882
-2.63475
-84.0391
-32.8269
-46.9876
-117.303
75.9296
32.4366
-97.8617
-106.838
-72.1277
20.8366
-47.4308
-50.5789
-89.1177
-102.5
-20.9584
-45.2404
-38.2755
-9.51878
37.3294
4.54978
-65.7419
-2.51989
-20.8383
-22.795
-56.086
0.154908
17.8975
-56.0605
3.08128
-55.5284
-34.2638
-53.3435
-57.7797
0.513388
-93.3525
-60.9023
-58.8505
50.5446
45.917
1.14141
-50.6528
-96.4901
-59.0314
11.6513
-35.9141
-56.3689
-87.5409
-62.1976
-51.6396
-52.8462
-34.5248
-58.5446
-47.4383
-60.2312
-90.9624
0.462464
-74.4614
-55.556
-82.8107
-21.45
-51.1567
-87.2888
-3.6841
-72.4417
-51.7708
-61.1809
2.91549
30.3047
-52.1852
-93.639
-24.4402
-43.8849
-3.9003
-83.7335
-6.07567
63.1191
-113.438
-1.90077
-86.4074
-78.9599
-53.1005
0.627735
-14.0974
-55.2501
-58.9511
-137.367
-43.9905
5.54657
78.5269
4.7504
-66.3615
17.329
-4.64078
-84.6335
-14.0936
-73.9189
17.2138
-0.260917
-94.13
2.94086
-117.07
-3.86314
-96.5445
0.65456
-14.8316
6.25293
-26.987
4.36948
-1.10445
10.9879
68.3352
9.06342
-2.87363
78.5046
37.9503
-55.9871
-85.2665
77.9452
1.27682
-104.564
-91.1007
9.43039
-3.54083
-51.1205
14.9591
-59.6103
0.451356
-57.9619
-11.478
1.47725
-18.5772
5.85234
-131.622
-54.485
0.646404
62.6626
10.2857
-4.28115
-62.0051
-0.0728634
23.5459
-4.12669
-95.895
35.9747
-106.644
16.7132
-113.361
10.8833
20.6674
-3.87829
46.6149
-8.83036
-155.907
-34.8903
35.2131
-4.44071
-10.6657
3.99878
-100.356
33.2352
-79.3169
-7.1689
-5.46748
-23.377
-93.8403
49.8338
-101.937
44.4017
-122.982
-53.2525
-109.442
-0.959135
19.3407
26.9746
-48.5407
0.0189812
-1.80741
-110.256
-9.15482
-87.2093
-1.64018
-77.2281
-44.0322
4.35393
65.9873
-82.569
26.9883
-47.5396
3.48762
46.5045
4.00206
-66.0344
-68.0778
-66.8498
1.02615
98.5747
-30.6685
32.9701
-58.7828
-0.879307
-14.8407
-7.87025
29.8172
-10.9754
3.17104
31.3956
11.8268
44.8265
-101.021
-100.444
-7.83655
-39.423
-80.9988
13.1615
0.964636
-22.8546
2.97244
-85.8405
-134.045
5.54907
-75.7152
6.59132
-66.6931
124.387
-77.3555
119.585
31.0635
-5.91585
-2.71405
10.9847
52.8552
-83.9378
-0.686287
3.38657
-5.06033
-46.5571
21.8369
-43.4717
13.6003
20.7087
10.209
-2.29649
-2.48127
-33.2633
49.0317
4.26306
42.7525
-58.8286
1.13185
-75.8197
-3.766
139.231
0.219021
2.92873
-43.5224
-1.85057
7.69384
-49.8204
-5.30873
320.017
11.8868
-35.8488
-7.57918
-40.8668
-25.6846
-1.79884
-19.9565
-61.7562
23.1445
14.2806
1.51476
1.84894
-46.2533
-3.74063
-1.26324
-1.22984
-54.5375
-4.04828
-4.71887
-1.83786
-0.457221
-0.110034
56.1033
9.42737
-27.2926
19.2112
-107.293
43.0701
8.05187
3.02275
229.397
-27.9838
-31.763
-28.3928
-21.3287
-12.7838
-33.2674
-13.2812
-3.84542
14.3135
158.485
-2.29818
24.9248
-46.9504
-0.234599
-66.5639
0.859655
-42.4338
-104.5
27.3582
-26.5293
-4.63614
26.4398
-3.33053
3.63005
-48.5289
-66.4372
-17.9913
-14.3668
3.57211
-1.24297
-13.6855
194.906
-65.3448
-108.111
-63.4103
-108.765
-39.3496
-3.98232
-57.064
15.2396
8.65105
174.851
0.819973
5.53155
2.36378
194.915
-38.3246
24.1364
-10.2117
-13.2853
-2.88705
-39.6465
-7.07674
-3.28439
-47.5085
7.093
26.4357
6.03593
-12.1226
-66.4856
56.7429
-33.0739
-16.4652
-0.490671
-81.7528
42.8118
-6.44552
-15.3146
-3.31106
-73.4898
-4.9726
5.54575
55.8131
-53.0389
6.21013
-85.5491
2.28766
-54.8051
-17.0535
-6.40545
-7.15019
52.0517
-8.60996
-24.2167
-69.9768
1.69124
24.4029
-51.9545
-4.99751
-31.5432
2.35939
-70.6597
16.9849
-119.306
-50.0594
-62.6457
-5.40597
-7.44903
-8.63493
16.5908
0.0353773
-57.9019
-30.2194
-11.9782
-3.23845
-77.8041
11.1383
2.66654
-60.2485
-26.2748
41.8921
-21.4245
-3.66998
-2.4963
-60.2251
-29.0556
-88.8897
-16.0487
-67.6636
-73.925
-61.8694
4.35343
-0.388026
-36.5217
1.32882
-9.72618
1.56208
-87.1548
-15.7671
-71.7634
1.5933
11.3579
74.9133
-5.76796
-4.55386
-15.233
-18.6016
-55.5254
-4.29664
53.4069
-48.376
34.1715
-81.6225
-79.0538
5.40095
-44.3075
-10.642
-4.42852
100.457
-73.3722
-81.2283
-27.3266
7.66359
6.22015
97.8473
-18.9299
-72.773
-145.212
-1.11063
24.0042
-72.2377
-115.245
-20.0724
-2.18628
-28.0708
5.81007
-101.596
-102.051
-88.8808
48.616
-5.25867
-142.411
12.1347
-9.28845
-4.19574
-79.2591
-69.6898
-2.0006
-67.4976
-130.771
-3.21461
-4.05159
-65.516
-88.4299
-86.5882
-1.76996
-142.664
-107.827
-99.9437
-116.154
-120.005
-48.6629
-5.00673
-157.632
16.0301
-40.7007
-54.6301
4.04326
8.54325
-67.2818
-118.06
-7.09168
-48.5865
-120.584
-162.312
-54.6908
-9.94707
-109.366
-84.5976
3.53273
-4.58934
-157.657
-74.5609
-137.662
6.74569
-63.3809
-96.0696
171.388
0.526732
-167.238
4.58415
11.1976
38.4698
2.79943
-163.415
-12.4159
-32.8357
-42.8046
-40.5377
5.10956
-66.1933
57.0681
-53.0112
11.797
-55.8459
-105.988
6.34225
-13.5428
64.9807
16.624
0.0749071
10.3662
-57.3137
-166.395
-30.6874
-4.16916
-3.71572
2.02579
-0.701593
21.2603
-4.63243
-47.794
-48.3843
-49.4714
4.61979
-49.0319
-44.6707
0.78071
-46.783
-58.4668
-10.544
-55.37
-32.2475
-42.3572
-39.1887
-52.2238
-51.5048
-59.8122
-61.0416
-87.5292
-19.3769
47.983
-55.7762
-52.8394
6.51005
-53.9962
-88.571
-56.8114
-53.382
-3.11656
-64.8128
4.34985
-61.0041
-49.2045
-90.5893
-165.21
-49.3286
-24.5356
-14.5146
-59.3158
-70.9063
-82.1989
-79.5031
-93.6091
-58.5101
75.403
-109.736
12.8146
-91.485
-96.0168
-4.45771
-43.197
3.92775
15.1139
-67.8708
34.7588
-71.8114
-51.3936
-18.0615
-23.1684
68.5846
10.8961
-99.4841
0.135208
-133.321
-7.96841
-49.047
-82.2537
114.203
17.1134
-81.6879
0.717986
-75.7745
23.3216
-86.1233
2.83866
143.416
49.2775
-44.4632
34.4088
-51.9762
1.8649
0.362039
26.5263
-28.3894
-85.0118
18.0862
-94.3492
18.9574
28.7635
-102.023
13.2491
5.82699
-48.2981
-139.886
-64.0826
35.3702
4.55818
-5.46744
-47.523
-10.472
34.9746
3.61455
-114.876
-65.1149
20.8518
-3.02136
-5.34994
-7.25115
56.3567
-0.0528254
2.6385
-10.7912
17.5723
8.34782
42.8866
-2.38154
-139.223
-55.2508
5.47276
2.9534
-1.76065
60.5068
10.7615
-127.407
-31.0942
117.169
0.897992
-15.3912
123.524
43.9423
-84.8188
48.3521
-59.3685
-48.4185
-32.5908
-37.501
-102.69
-94.3091
7.83266
-84.3076
-70.8146
38.307
-93.4621
14.4053
-0.746967
-41.8683
-4.37132
31.9994
22.2414
-39.1364
-80.2074
-61.2084
-13.2419
5.91505
-89.2583
61.1942
17.4436
-188.822
4.42436
-3.59996
-178.756
-141.289
-119.556
-76.7459
-72.3241
-101.282
25.907
88.3733
27.9092
-52.5044
-81.4082
0.454373
-1.09717
108.427
-28.5776
-84.0947
-75.1844
-1.44342
-57.7722
-53.7131
1.55616
-70.1543
-31.0888
-7.49642
-70.8159
-179.177
67.0152
-113.382
-170.636
-4.77502
-60.5708
-47.5834
-83.0906
-6.82198
-44.896
95.9058
-8.54235
22.676
-3.71486
35.6013
4.93367
-42.2843
-2.9685
-64.4519
-49.5281
0.529282
41.1539
-17.2458
10.0093
17.0594
26.8144
-66.067
11.924
-142.023
137.065
-3.61872
16.1292
-72.2229
0.305929
-8.2369
-38.1535
-46.1682
-27.6527
-89.2778
-54.0357
-53.229
-6.27983
-37.9491
32.2794
-11.4669
43.8864
-2.68811
13.6799
-37.9626
-3.35409
14.6664
57.4273
0.546849
-80.7436
-141.224
-45.1881
-28.2512
-58.1216
-20.6705
-3.41008
111.763
8.10922
-3.84672
-94.8232
4.59421
-54.2375
-52.4093
4.87565
-85.4354
-82.0162
-24.0701
-86.8692
14.9862
0.780521
0.868303
-18.6028
47.0505
-115.481
120.495
79.7845
0.58801
63.6069
-42.7561
-44.0032
-0.314081
-78.1324
7.62081
-34.819
-35.704
-63.0149
25.5167
4.14746
-91.8805
-60.1457
9.51413
-110.159
5.57528
67.79
-0.749696
-155.906
-152.013
-48.785
-58.3914
13.2199
33.6135
-30.0429
-154.099
-9.32105
-54.1812
-88.5346
3.80609
-0.953858
128.71
-164.309
-23.7054
-59.2688
0.851885
-27.0908
14.261
-78.0703
-79.4317
-152.778
-49.7058
-104.688
0.588363
-66.1695
7.21124
-54.0229
-30.4536
-3.09125
15.6227
-58.2142
2.6239
132.311
-126.413
-74.1328
7.13887
2.85719
-1.1863
-35.5214
-15.6252
20.6366
-4.36664
15.317
-38.402
-62.8944
-80.7458
7.99259
-45.4444
-50.7995
-12.9494
11.8123
-45.5832
7.51243
-38.2172
-4.58203
10.6912
18.6283
0.664324
-62.7702
16.5868
-0.81879
-62.6651
-52.2964
-29.7817
6.333
-68.2601
-56.877
28.8246
13.2844
49.552
-60.0387
-6.0155
-9.57779
149.988
14.3308
-60.0943
87.2094
-16.2213
-121.832
-157.614
-15.2093
3.44395
230.08
-125.203
0.0332014
-26.6878
-5.67948
-151.629
-57.5772
-1.27477
-30.1927
3.72191
-72.794
-14.5221
-120.623
-45.6545
-37.5816
38.7629
-89.1608
-1.26662
-89.3502
-84.5859
-53.6145
-145.152
181.872
-153.425
-71.4752
0.968464
3.12653
-17.8586
-51.9209
15.8729
-92.9227
-120.128
-90.6825
-60.8938
-12.1534
-0.0471968
14.9193
2.51638
1.88386
9.93711
-23.9734
3.12647
206.774
-52.3768
-11.9799
-156.767
-56.4184
-31.786
-39.4523
-11.1782
15.7966
2.44616
25.3652
0.300855
-22.8525
-46.4344
-1.87637
-4.15491
-51.0193
-124.311
-29.9469
-69.0305
-0.682541
1.11362
124.229
-50.3989
-92.2171
163.293
-54.7841
13.9257
-94.3405
-47.6059
-3.73987
-16.52
-12.949
41.8732
-57.7308
-25.8864
25.3952
-0.146371
181.026
-52.3111
40.7844
-23.7746
9.00398
-66.6418
-54.8725
-4.02151
-27.2078
-20.8899
20.7644
49.8238
6.15519
-71.1221
-28.4531
-2.77988
-65.4633
-2.69918
45.3818
-43.2156
35.1447
-119.044
-71.4089
-36.1182
-4.01311
46.9764
-58.4998
-64.7472
-29.9447
46.5923
-58.3988
-55.0311
-5.4481
11.3874
-21.1882
-94.0055
-48.1493
-0.0779653
5.56192
-150.703
-6.62405
-13.0593
6.85437
-52.1413
47.8274
-9.16664
5.92437
-4.35484
19.0958
169.723
-62.0548
-16.7546
108.87
-64.691
3.79759
142.339
21.7643
-2.6063
-55.9348
-7.28808
-8.38872
-43.5301
-130
-78.519
39.5631
-28.9374
12.063
61.5937
-102.986
-44.362
6.81902
5.39172
-68.3609
-36.0771
-50.7529
-60.5979
14.8035
3.87305
-91.9354
-146.191
-0.639883
-67.0562
-30.4222
-55.2087
-22.7592
37.1987
-13.2943
-24.931
-145.061
286.419
-72.459
39.3806
-159.382
51.8985
-148.175
-150.107
-3.88841
-87.6297
-86.5709
4.56453
-56.952
1.36411
-31.3239
11.2048
-6.04038
-40.6594
-9.18091
25.3519
-61.1845
-131.047
-3.98947
-77.5914
-132.177
2.22881
-66.8841
-8.68207
-39.4642
-28.1342
-81.0459
8.52821
-38.3042
-57.7397
-142.035
165.379
42.2747
-104.986
-62.9972
114.91
29.4813
20.8752
-135.754
-15.4333
-10.9445
-82.7491
20.9373
42.4084
17.4039
-63.888
-146.721
-46.958
-131.623
4.63837
-106.671
-20.9114
-46.287
6.6921
-116.154
-118.823
-92.9525
-83.3773
16.3591
-11.3047
-145.017
0.760974
-36.5185
-165.613
-18.6132
0.192689
-6.25891
-60.9952
0.336415
24.6866
-75.6209
-37.6443
0.201184
155.34
-52.6709
-83.634
11.2249
199.966
-75.7499
-166.175
-120.398
-2.69433
-77.4308
-70.412
-147.177
11.2679
-125.6
-0.684797
5.73576
-10.585
31.6094
-1.12425
-32.7272
-15.4541
-69.4717
1.09625
-53.5204
-3.32512
35.7667
-43.2587
8.21863
-83.8286
-45.3003
-162.416
43.6221
-68.1933
-28.824
22.63
-53.7304
-19.4236
-81.0069
26.5268
49.3036
-55.4135
-79.5506
-14.8248
-43.1141
38.5933
43.5205
-32.816
-115.441
-151.644
-81.886
-6.88861
-49.4536
-18.0801
28.291
-2.80125
-49.4781
67.4615
-2.0764
-2.81792
-1.56048
-135.39
-49.3984
-63.3887
5.3966
-10.3313
-123.692
4.26628
-133.617
29.6297
-4.49233
1.43631
18.8908
-83.4425
61.7607
30.1517
-110.586
-44.2662
-88.8249
-2.46012
-48.9807
-77.704
105.552
-94.879
-146.324
-10.8398
-149.533
-7.11145
-6.26781
-64.3591
-66.0659
-110.167
-147.078
-80.3641
-15.343
-66.9319
-28.3963
-47.3228
-13.6511
-80.6992
-1.86024
-41.6814
6.37569
-159.137
-81.2906
-171.585
-4.48775
-3.88138
-1.81204
-30.3789
-93.695
-83.7439
-87.0092
-67.4532
-83.0273
-30.5666
6.46181
-69.2718
-79.9208
-45.917
-4.87375
8.7989
-6.32228
-2.19619
-25.1758
-135.071
-14.9708
-53.1582
12.2045
31.1866
-72.6239
-96.4809
-48.0306
-70.4909
-105.684
4.23138
-97.8733
-47.1547
-154.768
-25.2675
-65.6701
-11.0193
-64.5059
-34.0625
-33.5456
28.2147
-68.4834
-80.3475
-164.575
21.8021
-61.0635
30.985
-64.7645
28.9623
-59.2436
-35.6477
-17.7144
50.5558
-62.6606
20.627
40.5214
-56.4349
-68.2397
57.6549
-165.898
-68.0331
4.16842
67.9262
13.9342
-43.7581
5.98558
-177.152
25.9538
-176.562
26.9608
-3.23352
-163.897
27.0615
-94.05
-140.727
-24.4425
-5.71035
24.9213
-76.5133
27.8854
-27.7354
-120.77
-149.149
12.8931
21.218
-23.7264
-88.4786
-4.51337
-48.2109
-151.634
32.5986
-89.7396
-59.5623
-129.34
11.8302
140.754
-39.6737
129.169
148.82
0.816187
-46.5406
-13.7558
-56.2323
-151.854
22.0127
-57.8112
-174.042
-3.91253
-40.3425
-156.921
49.914
29.3591
-13.0646
-65.239
-53.4779
14.3071
-47.4909
33.2806
-11.1853
-16.4745
-58.7655
7.72816
-4.76877
-115.38
109.647
-108.566
-0.335774
49.2942
-76.4028
-86.9066
-22.4603
-13.1966
12.8017
13.0942
-19.623
-157.102
29.3619
80.1574
-43.7755
-15.1476
85.6175
-143.808
-0.759871
-127.272
-93.4575
-101.396
-9.06247
2.11568
-156.546
-82.8109
-1.99756
0.666064
-127.287
126.618
-43.9752
-56.1541
12.0322
25.4001
-5.75785
-71.1051
-97.5183
101.631
-48.3986
14.2086
6.8236
-39.2639
59.8038
11.7083
51.7894
-3.29354
0.396164
70.6476
-65.0387
-12.1102
-147.313
-5.74599
47.2364
-153.758
33.6493
-48.3651
1.9349
-45.2566
-131.056
-12.5293
-143.143
4.43006
12.9734
-74.1354
-74.7407
0.200572
-20.9107
50.6686
-89.1647
12.7683
6.59464
0.685377
3.09751
-3.01975
-87.169
15.5021
25.8539
31.089
-50.4193
-39.1068
37.3616
0.932431
37.1693
53.4688
8.61456
-85.8418
-24.8725
-10.4668
-51.8477
35.8186
15.0292
126.821
40.6726
-69.9379
-44.5911
45.8013
-9.7446
-34.8998
4.90798
41.1378
-68.0102
-1.24408
-44.2102
-40.6425
69.8604
37.5192
-10.7686
-142.981
-13.5595
)
;

boundaryField
{
    frontAndBack
    {
        type            empty;
    }
    upperAndLower
    {
        type            symmetry;
    }
    outlet
    {
        type            freestreamPressure;
        freestreamValue uniform 0;
        supersonic      0;
        value           nonuniform List<scalar> 10(3.99892e-07 -6.73784e-09 -2.96622e-07 -8.50588e-07 -9.03075e-07 1.03765e-08 -1.62894e-07 2.32484e-09 1.79069e-07 -9.87887e-08);
    }
    inlet
    {
        type            freestreamPressure;
        freestreamValue uniform 0;
        supersonic      0;
        value           nonuniform List<scalar> 10(-19.124 36.6429 -40.0155 -73.9178 100.964 62.706 17.1664 -1.25903 177.943 -143.096);
    }
    airfoil
    {
        type            zeroGradient;
    }
}


// ************************************************************************* //
