/*--------------------------------*- C++ -*----------------------------------*\
  =========                 |
  \\      /  F ield         | OpenFOAM: The Open Source CFD Toolbox
   \\    /   O peration     | Website:  https://openfoam.org
    \\  /    A nd           | Version:  10
     \\/     M anipulation  |
\*---------------------------------------------------------------------------*/
FoamFile
{
    format      ascii;
    class       surfaceScalarField;
    location    "50";
    object      phi;
}
// * * * * * * * * * * * * * * * * * * * * * * * * * * * * * * * * * * * * * //

dimensions      [0 3 -1 0 0 0 0];

internalField   nonuniform List<scalar> 
4431
(
-0.0296847
0.0378199
-0.00813266
0.882837
-1.04489
0.162041
-0.0980834
0.0420585
0.0560245
0.0630473
-0.0349719
-0.0280682
-0.152081
0.0402352
0.11186
0.663947
-0.260337
-0.403608
-2.40086
2.68229
-0.281422
0.0199842
0.00892007
-0.0289033
0.035446
0.0075473
-0.042993
-0.0240513
-0.00893369
0.0329837
-0.0609088
0.0614936
-0.00058339
0.73121
0.686077
-1.41729
-1.50767
1.80537
-0.297741
0.601942
-0.239102
-0.362779
-0.15483
0.357245
-0.202369
-0.0223182
0.0260663
-0.00374446
-0.687143
0.526374
0.160795
-0.0432185
0.0452438
-0.00202348
-2.05601
1.01392
1.04207
0.220677
1.08607
-1.30673
-0.0277856
-0.00304235
0.0308285
1.28852
0.16073
-1.44925
-0.21929
0.0644951
0.0400376
-0.0518504
0.0118112
-0.0308558
0.0328453
-0.00199014
-0.893721
-1.02198
1.91568
0.0287808
-0.0314736
0.00269513
0.0245498
-0.0291477
0.00459831
-0.016743
0.0519734
-0.0352276
-0.0504418
-0.00483381
0.0552845
-0.0450473
0.0411465
0.00390117
0.0834993
-0.0746933
-0.008805
-0.361969
0.290138
0.0718316
0.131522
-0.00195309
-0.12957
0.0827326
-0.0405368
-0.0421882
1.25559
0.35479
-1.6104
0.0584573
0.0242759
-0.0459794
0.0581745
-0.012197
-0.0346892
0.0350284
-0.000335811
0.0398972
-0.0443513
0.00445826
0.00143168
0.0311588
-0.0325933
-0.0375429
0.00976007
0.050728
-0.0710819
0.020355
0.412609
0.189351
-0.0246289
0.0772512
-0.0526224
0.171701
0.0479965
-0.219688
-0.0419941
0.0693932
-0.0273979
-1.2798
-0.776224
0.0603206
0.00994932
-0.0702728
-2.17353
0.0265248
0.0365272
-0.0174862
0.0174894
-3.29445
2.17987
1.11447
0.0640281
-0.0133021
-2.27543
1.18747
1.08797
0.27501
-0.295203
0.020215
-0.218477
-2.18236
2.05107
0.0799114
-2.13116
0.0959591
-1.60368
1.63593
0.0933352
-1.72899
0.00646347
0.0201469
0.109498
-0.129649
-0.05645
0.0455182
0.0109322
0.496688
1.69352
-2.19012
-1.45582
1.41295
0.0428622
0.100672
-0.170034
0.0693604
-0.123462
0.144652
-0.0211865
-0.153641
0.00157166
-0.0750054
0.136293
-0.0612861
-0.789108
1.16526
-0.376176
0.730742
-0.570291
-0.160457
-0.0266716
0.0382016
-0.0115214
0.00937237
0.0353821
-0.0447517
-0.106692
0.00860722
0.161905
-0.172506
0.0106074
2.68918
-1.27582
-1.41354
-0.0253161
-0.270363
1.52596
0.00166656
-0.0521034
-0.00063185
-0.0597437
0.0603762
1.15246
0.652913
-0.202425
0.195482
0.00694844
0.0747502
0.0117684
-0.0865191
0.0514878
-0.01604
-0.0180012
0.166546
-0.148534
-0.0690356
0.0230573
-2.13217
-1.16229
0.783022
-0.360996
-0.422002
0.0251936
0.00793071
-0.0331249
1.68243
-2.88572
1.20327
0.352931
1.82764
-2.18057
0.0441292
0.0062447
-0.0503764
-0.045104
-0.0158044
0.0732762
-0.0740347
0.000755364
0.26112
-0.73489
0.473758
-0.266191
-0.09578
-0.0241438
-0.00750086
0.0316446
0.115856
0.0519215
-0.16777
-0.0341439
-0.0116822
0.0458304
0.0646402
-0.0694681
-0.0945017
0.0684159
0.0260925
-0.0597257
0.0196825
0.0400494
0.905797
-1.92779
-0.0844767
-0.117941
-0.662383
0.748435
-0.0860727
-1.6128
1.25577
0.357109
-0.00346274
-0.0273923
0.103012
-0.101559
-0.00145643
0.0236907
0.187943
-0.211638
0.0456688
-0.145076
0.0994134
-1.71051
1.80645
0.164615
-0.0639446
-0.0548768
0.0282098
-0.133555
0.091562
1.74149
0.940715
-0.0250166
0.00164272
0.0233742
0.0501863
0.033312
0.109205
0.0223075
-0.00725481
0.0586689
-0.0514185
-0.000267883
0.0403048
-0.0268113
-0.0329114
-0.156515
0.176661
-0.257795
1.94022
-0.143693
0.105091
0.038598
-0.0103695
-0.146146
0.252714
0.39189
-0.644624
-1.07483
1.26868
-0.193799
3.06751
-1.1058
-1.96177
0.0228292
0.00323926
0.774945
-1.01501
0.240072
-0.0294903
0.0311595
-0.00749996
-0.0330913
0.0405892
0.0588231
0.0102603
-0.069082
-0.34626
1.98226
-0.40209
0.289492
0.112594
0.0600524
0.0919686
-0.01113
-0.0808304
0.957532
-0.260946
-0.696573
-0.0640079
0.0290424
-0.0950039
0.370023
-1.98762
2.1731
-0.185427
-1.71263
1.80603
-0.359706
0.38339
-0.147899
0.0540644
0.0938348
1.97135
-0.433505
-1.53788
-0.0896824
-0.0194207
0.109103
2.45077
0.0536326
-2.50455
0.0487434
-0.0133593
0.163632
-0.117961
-0.0717159
-0.617365
0.689041
-0.0539492
0.0198063
0.472586
0.258145
-0.0220107
-0.579942
0.601946
0.0832248
0.341933
-0.301367
-0.0405731
-0.122819
0.786774
-1.68523
1.42743
-0.0341961
2.88591
-2.38924
-0.00292379
0.0476275
-0.0447036
-0.0077224
-0.0939408
-0.00564057
0.0995856
2.64867
-0.597808
-0.735918
-0.876854
-0.0239091
0.0239067
1.66993
-1.44926
-0.0689338
1.23267
-1.16375
0.0870978
0.00487914
0.00591155
0.0970979
-0.690552
0.270603
0.419937
0.0370496
-0.0486972
0.0116488
-1.16434
1.45614
-0.291841
-0.216406
-0.185688
1.33335
-0.60212
0.00875647
-0.0528124
0.0440562
0.0886352
0.00868687
-0.0973258
-0.014168
-0.0406412
0.054818
-2.8393
2.8393
-0.0213312
-0.00242302
0.0237564
-0.211073
-0.0345803
0.245651
-0.0587125
-0.0104425
0.0691609
0.276078
-0.0881372
2.67866
-2.32573
0.0319199
-0.00736985
-0.00125789
0.0760089
0.0482063
0.0160071
-0.0642142
-0.0489402
0.0615633
-0.0126211
1.65081
0.320456
0.831237
-0.853237
-0.120682
0.0866631
0.034034
0.102022
-0.117406
0.0153922
-0.0164758
-0.0285708
0.00908178
0.0360979
-0.0451788
-0.00850845
-0.0766988
0.0852111
0.564628
-2.6968
-0.048865
-0.0456342
0.00187766
0.0627706
0.0972981
-0.123556
0.0262552
-0.012237
0.0278403
-0.015594
-1.60639
-0.106095
0.0530059
-0.0422164
-0.0107853
0.100403
-0.0438296
-0.0100963
0.0539293
-0.00457086
0.0472975
-0.0427231
-1.09277
0.0179493
0.00765894
0.0679051
-0.0262966
0.197997
0.0539184
-0.00577714
-0.048141
0.0152015
-0.0219386
0.0067383
0.0117876
0.0526323
-0.064417
1.04595
-0.163116
2.78111
-1.09495
-1.68636
-0.0208294
-0.0632819
-0.272536
1.5611
0.045942
0.0134907
-0.0594324
-0.404512
2.75946
-2.35488
-1.57013
-1.31559
-0.058753
0.0441148
0.0146386
0.0120162
-0.329981
0.317958
0.173815
0.102261
0.271669
0.0702618
-0.40611
-0.00676453
0.412876
0.0486767
1.09191
-1.14057
0.0180674
0.143844
1.13314
0.050666
-1.18373
-0.00304306
0.050342
-0.0246819
-0.0340714
-0.182075
0.107074
0.260917
-0.250954
-0.00996364
-0.466827
0.0236421
0.44318
0.114869
-0.00978017
-0.576313
0.0523592
0.523954
1.3871
0.107134
-1.49421
0.0517947
-0.049605
-0.00219073
-0.251239
-0.0299577
0.281203
-0.034484
-0.00873591
-0.0105087
0.062882
-0.00896322
2.45897
0.314261
-2.77323
-2.07789
-0.197557
-2.67866
2.60973
-0.0354075
0.0349334
0.000479928
-0.0273314
0.0356822
-0.00834602
-0.0582254
0.833187
0.0365211
-0.247603
-0.0776867
0.105627
-0.0279269
-0.0274633
0.0351229
-0.103285
0.0255963
2.83129
-0.651645
-0.00605534
-0.0189599
0.0203215
-0.045001
-0.76792
0.0124815
0.75545
0.0324757
-0.0730086
-0.0505786
0.0493386
0.00124455
-0.0445436
0.0204004
0.0176846
-0.0301813
0.0124991
-0.0174869
0.21279
-1.0019
0.0107961
0.00352565
-0.0143173
-0.132867
0.10824
0.0246342
-0.0275734
0.00293916
0.00180532
0.206685
-0.208498
-0.00520381
-0.21119
0.21639
-0.0101309
-0.0338411
0.0439738
0.08615
0.153016
-0.239168
-0.0259848
0.0506766
-0.0246867
-0.0374056
0.0503811
-0.0129725
0.531192
-0.10954
-0.421639
-0.0100529
0.0471037
-0.100368
2.55935
-2.65836
2.25389
-0.619679
-0.0708895
-0.286744
-0.375642
-0.11501
0.124813
-0.00980593
-0.159955
0.0148822
-0.592534
0.332205
0.0345717
0.00954554
0.00933369
0.0408536
-0.528766
0.457339
0.0714359
-0.578858
-0.436148
1.53393
-0.0561519
-1.4778
-0.211621
0.00297403
0.208651
-0.0233573
0.0249418
-0.0015836
0.0940763
0.00986726
-0.103938
0.042358
-0.0508645
0.0450403
0.00797117
-0.113691
0.157219
-0.0435296
-0.0139128
-0.0175607
0.0284139
0.00443059
0.00344083
0.0420817
-0.804428
-2.03488
-0.0651281
0.422402
-0.0157034
-0.041715
0.0574279
1.9551
-1.04931
-0.0310685
0.0461791
-0.0151084
-0.0488268
0.0383928
0.0104419
-0.286903
0.539605
-0.151358
0.0034575
0.04496
-0.0366655
-0.00829138
-1.80267
1.88242
-0.798351
0.178669
0.0428458
-0.0552034
0.0123632
0.0424
-0.0445766
0.00217847
-1.61717
-0.370385
0.099251
-0.087455
-0.0896944
0.00421657
0.085493
0.0482282
-0.0116085
-0.0366178
-0.313122
0.574242
0.568702
-0.454744
-0.113972
0.478552
-0.604868
0.126301
0.57106
0.386479
-0.00350572
-0.0468699
0.124387
-0.125019
0.383243
2.39784
-0.805781
-0.108665
0.194813
0.13058
-0.0332829
0.0958745
-0.570565
1.75804
1.89359
0.795478
0.828852
0.0651613
-0.894038
0.0125537
0.0325525
0.015308
-0.0478548
0.499337
0.0693662
-0.00451373
-0.0190959
-0.0314777
-0.0828158
0.0686559
0.0504586
-0.0304733
0.118442
0.00118888
-0.119608
0.0747936
-0.0952096
0.0204334
-0.24883
1.07768
0.0352946
-0.158755
0.0282162
0.187143
-0.205148
-0.0223222
-0.0660418
-0.0668244
0.36819
-0.729171
-0.316738
0.015371
-0.163203
-0.00683209
0.000507829
-0.114196
-0.250748
0.331075
-0.0803211
0.326701
-0.251995
-0.0747024
-0.0873379
-0.0245783
0.0229207
0.00165933
1.13087
1.9366
0.177182
-0.0125687
0.104239
-0.105745
0.00151346
-0.00920614
-0.0135755
0.0542359
-0.0406637
0.0012804
-0.035765
0.0507732
-0.302013
0.076419
0.671997
0.0417801
-0.0219042
-0.0198761
0.174126
-0.137601
0.104283
-0.00502588
2.76504
-0.0977556
0.0008201
0.0969428
-1.68113
0.0136335
1.66755
0.0155592
-0.100805
-0.237917
-0.949772
1.01492
0.0273738
-0.0289792
0.00160199
0.0825747
0.00871046
-0.0912788
-2.07383
0.341346
1.73242
-0.20595
0.195582
-0.0219532
0.0374042
-0.0154501
-0.131106
0.0685447
-0.0724905
0.00394937
-0.111093
0.0497234
0.0613717
0.0135814
0.00847795
-0.0220575
-0.394093
-0.473595
0.262718
-0.0779588
0.013187
0.0647724
0.503309
-0.0307318
-0.552674
-0.0458832
1.18181
-0.076259
-0.145026
0.148056
-0.00302726
1.43777
-0.359939
-0.715556
-0.0882693
-0.00218426
-0.0211727
-0.0111024
0.0191738
-0.116925
0.314023
-0.0518937
-0.262113
-0.0210234
0.0318275
1.64106
-0.0317075
0.0239832
-0.0110248
0.0473796
-0.0363537
0.0412133
-0.0405975
-0.000616878
-0.0889012
0.0972297
-0.00830842
1.03368
0.0138036
-0.0931099
0.0793089
-0.060325
0.0380748
-0.0399311
0.00186066
0.0473169
-0.0267477
-0.0205677
0.025171
-0.0023391
-0.0909715
0.00208107
0.0177782
0.0975489
-0.0108802
-0.0419918
0.0151819
-0.0936407
-1.04691
-0.0402531
0.0372103
-0.285535
0.0795787
-0.0973128
0.0177396
-0.0283109
0.0283125
0.00100973
0.0407693
0.103433
0.037163
-0.140597
0.845662
0.16414
-1.71546
1.44301
0.0278041
-0.0326939
0.00488838
-0.0421266
0.0429473
-0.000820892
0.788468
-1.88356
-1.06912
-1.10442
0.0341833
-0.0325991
-0.00158062
0.0101631
0.0274883
-0.0376469
-0.000414154
-0.0562329
0.0566448
0.0113389
0.406447
0.339882
-0.746321
-1.71283
0.106563
-0.0483366
0.0542473
-0.423063
0.107798
-0.00576803
0.698689
-0.174731
0.103464
-0.0750791
-0.0283749
0.0461903
-0.00122924
-0.0112062
0.038156
-0.0269489
-1.66458
-0.0460008
-0.000730261
-0.0520834
0.248389
-0.0216132
-0.226752
0.223076
-0.163316
-0.059743
0.0176427
-0.0200479
0.00240525
0.574426
-0.00951778
-0.0189391
0.0550379
0.0301914
-0.0271546
-0.00303824
0.0877208
-0.0627651
-1.61977
1.68261
0.284172
-0.00808146
0.214764
0.866419
-1.97225
-0.0374532
0.0339468
0.0313804
0.0059049
-0.0372789
0.0341348
-0.0601148
-0.053336
0.0325051
-0.0470534
-0.00176989
-0.0468086
-0.0328822
0.0370149
-0.00413104
-0.126726
0.117368
0.00936097
0.914658
-1.22345
0.308796
0.0418421
0.0207876
-0.0626237
0.126582
-0.0824059
-0.0441752
-0.0380666
0.027556
0.0265784
0.263562
0.0368184
0.0136408
2.6591
-0.274441
-0.254316
-0.642193
-0.307593
0.122943
-1.48649
1.36355
-0.0294716
0.00415695
-0.0217264
-0.00701595
0.0287398
-1.56223
0.826341
0.0597829
-0.0420974
0.0144335
0.0205956
0.209414
0.229371
-0.254997
0.0256247
0.0440908
0.00413819
-0.100896
-0.0368548
0.137747
2.00217
-1.74016
-0.261939
0.445527
0.0537955
0.00750428
0.0326102
-0.040115
0.0487308
-0.0588242
0.00671762
0.021696
-0.0348619
0.0318621
0.00300202
-0.0192493
0.0988311
-0.0499886
0.038864
-0.00930963
0.0379046
-0.0285946
0.0654382
-0.0758751
-0.00861368
0.217264
-0.0295315
6.05874e-05
-0.0307991
0.0176893
0.0131181
0.038008
0.491392
-0.0458698
0.248169
-1.70399
0.0644919
-0.139186
-0.156491
0.146709
0.0320654
-0.000145357
-1.98191
0.0557856
1.92609
-0.16951
-0.0205405
0.190053
-0.0661557
0.0810608
-0.0862664
0.156401
-2.81473
-2.15182
2.20532
0.0431271
-0.0443852
-2.75815
-0.307921
0.0559288
-0.0210469
-0.012721
0.0337673
-0.247772
-0.00297827
-0.00395973
-0.025571
0.00740384
-0.0160207
0.0505939
1.72572
0.276586
-0.0122129
-0.0231922
0.0227067
0.00394778
-0.0266539
0.0720203
1.65954
-1.7157
-2.27056
-0.0551776
2.32573
-0.0543271
-0.30539
0.0259818
0.0786827
0.0159362
1.0306
-2.30646
0.0264361
-0.0531847
0.122272
-0.240137
0.117865
-1.65954
-0.19684
1.85631
0.203173
-0.489918
-0.0576417
0.0736497
-0.0196119
0.0196113
1.85429
-0.289204
-1.56517
-0.0234548
-0.00131443
0.0247666
-0.0581163
0.0361646
-0.060694
-0.0567058
0.0483535
-0.00429845
-0.0163344
0.429197
0.706423
-0.77816
0.0429075
-0.0589455
-0.0280166
0.00259396
0.0254284
-0.0218832
0.0218851
0.249342
-0.344348
0.013716
-1.69521
0.0567836
1.6384
-0.023457
-0.00555385
0.0290138
0.0591763
-0.0352514
-0.0239226
1.77216
-0.647575
-0.043352
-0.672497
0.0340945
-0.0348264
0.0410155
-0.0158223
0.244413
-1.40876
-0.212971
0.0371499
-0.054092
0.0411216
-1.77123
0.0557788
-0.0307604
-0.114265
1.01993
0.138143
-1.1581
0.409366
-0.371935
-0.0374474
0.0352129
0.0245703
0.0367103
-0.0500679
-1.76396
1.78986
-0.0259149
0.00118366
1.80495
-0.123774
0.150028
0.0331451
0.000300031
-0.0334476
0.0236955
-0.0327677
0.00907287
0.217571
0.481122
0.0375305
-0.0398923
0.00236093
0.088975
0.0913733
-0.108115
-0.411113
2.23873
-0.00458582
-0.026162
0.0307485
-0.0534357
0.0764936
-0.068962
0.298333
-0.0578059
0.0387136
0.00514001
0.0439844
-0.049123
-0.00445532
-0.0357956
0.00443765
-0.101764
0.166755
-0.0304592
-1.01067
0.0819513
-0.0398924
0.0300652
-0.030064
-0.139449
0.190579
-0.0511303
0.0848609
-0.0569575
-0.027904
0.0578411
-0.0425266
-0.00945949
0.0281082
-0.058593
0.0720859
-0.405256
0.139067
0.112675
0.0222573
0.0270813
-0.380267
0.315176
0.0650967
-1.30256
0.118799
-0.0373756
0.136809
0.0726024
0.0362586
0.120961
-0.0498495
-0.00159165
0.105748
-0.104156
0.0372378
-0.00409356
0.026128
-0.02613
-0.0570652
0.0605107
-0.0858176
0.0766165
-0.0554929
-0.00450632
0.0221495
-0.000844717
-0.130841
0.131687
0.154689
0.0418826
-0.196556
0.0985282
-0.0159502
-0.0200365
-0.0243131
0.00528236
-0.0266135
0.0283217
-0.0207744
-1.58931
1.93057
-0.0560176
0.0354503
0.0747862
-0.0777095
2.36258
-2.60973
0.247195
0.0587082
-0.0463414
-0.178723
0.0325749
-0.0442167
0.0196388
-0.043161
0.0629713
-0.0134581
0.0286594
-0.0482055
0.0685298
0.079638
0.050944
1.50623
-2.27055
1.73202
-1.73204
1.00415
2.36259
-1.74002
0.0432272
0.00260622
-1.00195
0.305368
0.189705
0.42712
-0.587593
0.296507
1.37343
0.0258054
-0.00309853
-1.64499
-0.0361331
0.00692782
-0.817624
-0.0553904
0.0437838
2.06733
-2.06738
-0.0546307
0.0641756
-0.142617
0.027606
0.0277433
0.0192006
-1.5192
0.0413663
1.73949
1.26066
1.38795
0.38233
-0.0643816
-0.0083452
-0.131104
-1.72572
1.61977
-0.0120495
1.61761
-1.60519
0.131121
0.356435
-0.487571
-0.00365333
-0.0529784
0.0566357
0.124346
0.259042
-0.128752
0.129574
0.0467338
0.256758
-0.0157964
-0.00811404
1.63279
-1.69564
-0.0587683
2.26509
0.566163
0.161593
1.82683
-1.69957
-0.127273
-0.0576396
0.0493509
0.092012
-0.061994
-0.0300155
0.0776061
0.166851
0.250713
-0.417566
-0.303551
1.45595
0.173959
0.0145511
0.064466
-0.0790124
1.05912
-0.627962
-0.431132
-0.417508
-1.07674
0.0393926
-0.00801072
0.228598
0.0179199
-0.246513
-0.0825261
0.0750262
-0.0320227
0.0123273
0.0218583
2.02184
-1.23342
-1.05859
1.23045
-0.171905
0.0786893
-0.0310572
-0.0476301
0.000785963
0.697846
0.839218
-1.53703
0.0121685
-0.0368508
0.0104392
-0.83066
0.953599
-0.0366084
-2.69217
3.25672
1.47122
0.33522
0.390406
0.134451
-0.524856
-0.443481
-0.558436
0.0614017
-0.050953
-1.68059
1.66865
-0.0668765
-0.043241
0.022133
0.0211075
-0.108388
0.118263
-0.809121
0.969919
-0.198354
0.0663762
0.131981
-0.0365641
0.0202797
0.202814
-0.00819399
0.0618006
0.0416728
-0.0771304
-0.0103199
0.0188914
-0.0626293
0.0437372
0.758492
-0.555318
0.0793875
-0.0929623
0.0285639
1.24013
-0.0910244
0.106948
-0.0159246
1.08254
-0.714354
1.42698
-1.39837
0.114326
-1.17295
0.216793
1.21023
-0.00705555
-0.444367
-1.31959
-0.0383242
0.0385875
-0.000261179
0.0235153
-0.0235142
0.234599
-1.08784
-0.191962
0.423112
-0.231115
1.61062
-0.0281744
0.000159823
-0.727788
1.06
-0.259827
2.69217
-2.4324
0.220466
-0.212815
0.0144607
-0.1048
0.130403
0.348006
-0.436274
-0.0195455
0.0572123
-0.00192192
0.00202746
0.0620691
-0.0540945
2.30965
0.0450121
-2.35479
-0.0896466
0.117172
-0.0275237
0.101237
-0.112263
-0.000271551
0.0321393
-0.0434279
0.012412
0.031016
-0.105583
0.0682281
0.0373523
0.81905
-0.0337486
0.00425991
1.62111
-1.61977
2.44059
-0.747033
-0.0160717
-1.68756
1.7039
-0.121861
0.126085
-1.94498
1.8898
-0.0287135
-0.320307
-0.0431601
0.0277088
0.312869
2.5731
-2.88591
0.0213987
-0.0753268
0.074911
0.00721813
-0.0598411
-0.0345333
0.665369
0.565069
0.49747
-0.0542865
0.00852499
-0.115999
0.107699
0.044371
-0.00727498
-0.0370969
-0.038647
0.102062
-0.0634181
-1.40143
1.51573
-0.314791
0.205256
0.00027751
-0.018895
-0.0492098
0.0681122
-0.310601
2.57566
0.860843
0.595277
-0.00125869
0.582284
-1.71569
-0.414615
0.810866
-0.396249
-0.0145389
0.0812646
-0.0667225
-2.1824
2.49535
0.0441146
-0.0443732
0.000255231
0.156324
-0.072814
-0.0486044
0.121423
0.75058
-0.999414
-1.92249
0.333115
-0.0474865
0.0373551
-0.104073
0.124511
0.9398
0.119329
-1.1108
1.80862
-1.47136
-1.2868
1.45958
0.227707
-1.68728
-0.0354145
-1.70803
0.221542
-0.0418746
0.0208275
-0.509012
0.413225
-0.145431
0.416026
0.155139
-0.107141
-1.62111
1.60519
1.16766
-0.0140298
-0.0279603
0.00516688
0.750279
2.06725
0.0265432
0.00364716
-0.0266882
0.00323291
-1.03176
0.79307
0.238705
0.3864
-0.371036
2.84112
-0.0018484
-0.118323
0.107444
0.382711
0.156886
2.57315
-0.0697697
0.763339
-0.486289
-0.277044
0.0240946
0.351545
0.0269449
-0.00455929
-0.0223852
-0.0131464
0.0401068
-0.0269516
0.339094
-0.413806
0.205848
-0.21552
0.00967253
0.0319394
-0.0413943
-0.0057774
0.0331497
-0.00699217
-0.068137
0.0111783
0.0194859
-0.0303502
0.00319467
-0.0336212
-1.58601
-0.00209714
-0.103342
0.104856
-2.59666
2.07974
0.51688
-0.0236699
0.0201715
-0.0291446
-0.0153987
0.0227788
-0.0306554
0.00787909
-1.87964
1.8933
0.0222433
0.02775
-0.0299338
-1.91214
0.172236
0.142622
-0.150701
0.301219
-2.15344
1.85221
0.0856462
-0.066756
0.065962
0.0543648
-0.0516929
-0.00267267
-1.45986
0.0147823
-0.105805
-0.0320961
0.0395626
-0.00746889
0.0808174
0.0963642
-0.0433387
-0.00427233
0.0476103
-0.224063
-0.144905
0.36897
0.0515502
-0.0456448
-0.103149
0.120887
0.109566
0.653771
-0.0538012
0.00529193
0.0485123
-0.160355
0.825713
-2.60415
1.63245
0.971729
-0.00985657
0.0317309
-0.0218753
-1.32409
1.6253
0.520904
-1.11515
0.594246
0.0371918
0.00306401
-0.0402553
1.77808
0.0286494
-0.0017056
-0.165975
0.203146
0.0415444
-1.74106
0.381635
-0.250516
-1.70298
0.243111
0.0787953
0.0338576
-0.0201406
-0.0321806
0.0381102
-0.00592996
-0.397343
-1.8557
0.29051
0.0520404
-0.0500623
-0.00198097
0.00278615
-0.0363056
0.0335216
0.178488
-0.187099
-1.26305
-1.33362
0.0451896
-0.0316053
-0.0734346
0.0809392
-0.213418
-0.0341708
0.000704243
0.0334733
0.0853907
0.0757886
-0.0884112
-0.0311375
0.124632
-0.742014
0.00193009
-0.0238101
0.163007
-0.109931
-0.0530801
-0.0486544
-0.114548
-0.0404064
-0.03376
-0.022317
0.0258465
0.0128212
0.0252547
0.111789
-0.00258107
-1.38117
0.0120175
-0.115267
0.123977
0.557977
1.23186
0.0733646
-0.0891693
-0.225979
0.177378
0.0307602
-0.0256205
1.45526
-1.48119
1.06312
-0.0171505
-0.43691
0.055241
0.381679
-2.84112
0.103673
-0.108691
-0.500455
-0.00103414
0.501485
0.0347401
0.110647
-0.120963
0.018368
0.294575
-1.62432
1.32973
-0.0159154
-0.233161
0.150759
0.0061012
-0.0188884
0.0594011
-0.0405126
0.0125653
0.00323899
-0.0308128
0.117467
-0.572229
1.61774
0.0269268
-0.0308854
8.25746e-05
0.0219118
-0.0219855
-0.0201074
0.11742
-0.0705697
-0.0405215
-0.0344715
0.0187718
0.0157009
0.0204306
-0.0238236
0.00339733
0.0264769
-0.00130375
0.268829
-1.37148
-0.0143876
-0.0262093
-0.0266117
-0.0168158
-0.00547546
2.0498
-1.58413
1.59995
-0.0157146
-0.0192246
-0.18286
-0.0572713
0.0652298
-0.0233857
-0.0191723
-0.0279559
0.0471336
-0.0086214
-0.137589
-0.908637
2.16926
0.0924912
-0.0114064
0.0248098
-1.61525
1.59068
-0.040519
0.034426
0.00609321
1.58413
0.070188
0.0223029
0.00985506
-0.0436946
-1.72153
-0.345872
0.0075532
-0.0283608
-0.00198922
0.701331
-0.000617674
-0.700712
-0.966801
2.17006
-0.153073
0.20501
1.78646
-0.380751
0.359133
-0.030814
0.00465231
-0.0173807
0.0315293
0.0254037
-0.0136639
-0.0755614
0.0892275
-0.0263944
0.027179
0.0624917
-0.0304534
-0.032036
0.0788323
-0.0809855
0.00217166
-0.0165171
-0.0262666
-0.0237993
0.368792
-0.420692
0.0531424
0.0949203
0.0776374
-0.187569
1.28959
1.04223
1.53083
-0.200369
0.242257
0.0210871
0.0229377
-0.044026
-0.0319501
0.00448664
0.0233472
-0.0149605
-0.0246967
-0.102915
0.127624
1.51073
0.560066
-0.132957
0.0222724
0.00979254
0.996862
0.0180697
-0.0204298
-0.0214452
-0.767352
-0.00525561
0.0274383
-0.0334005
0.00596551
-0.0202478
0.0356446
-0.0501822
0.0913077
0.0533463
0.0229349
0.03359
2.07152
0.0220465
-0.0650281
-0.169969
-0.0288578
-0.0202638
0.0019025
0.0155918
-2.16159
0.410302
1.75128
-1.37622
0.118481
1.25771
-0.17146
-0.626897
0.701033
-1.11568
-0.686454
-0.11934
0.187522
-0.167352
0.0650223
-0.0632237
-0.00180077
-1.77808
1.78425
0.524496
-2.3089
0.0188761
-1.44422
-0.327014
-0.0364176
0.0202152
0.023992
-0.0251207
0.00113059
-0.187525
0.550691
-0.363177
-0.0169198
0.0462684
-0.0293472
1.62954
0.300906
-0.601541
-0.0174353
-4.79425e-05
0.0309885
-0.00354837
0.0959069
0.981794
-0.0327539
-0.000644007
0.165991
-0.182333
0.0453048
-0.0533326
0.00802652
-0.136726
0.293613
1.2582
-0.0761658
1.95846
0.0743218
-0.0800983
-0.0361213
0.148559
0.0191861
-0.0104735
0.0256574
-0.0377377
-0.0043891
0.0173328
0.0179015
0.0265149
0.0105005
-0.00558421
-0.0281618
0.0790239
-0.00291862
0.36818
-0.94813
3.25662
1.58928
-1.66555
1.58916
-1.2885
-1.30773
-1.66561
1.59999
-1.35251
-1.45298
2.45943
-2.45927
2.47088
-0.0113585
2.47091
-2.62731
2.62736
-1.12217
-1.0661
-1.07892
-1.29373
-1.36752
-1.12199
-2.20114
-2.66132
-0.0173908
0.0363387
-0.018949
0.0150222
-0.127459
-0.00514458
1.56746
-1.56235
-0.443321
-2.06135
0.0155477
1.25057
-0.611843
2.396
-1.88053
-0.635614
2.51598
0.903699
-0.517682
1.26829
-2.06748
0.0456114
-0.0358505
0.028369
0.0297701
-0.0581351
-0.063899
0.634973
-0.84775
0.895764
-0.0480559
-0.0976632
0.0382276
0.0247475
0.0123081
0.0206532
-0.0206555
-0.429137
-1.81887
-1.19729
3.01609
-1.03812
-1.77659
0.597021
-2.41592
0.0157295
2.03981
0.288187
1.85883
-2.14729
0.00293267
0.42156
-0.426264
-1.80452
-0.497034
2.30134
-0.046091
-2.55547
2.11204
0.607978
1.35947
-1.36465
-0.00528318
0.400266
-0.403248
-0.0168331
0.0168343
-1.95849
-0.0255239
-0.477474
-0.0752065
0.147355
-0.371416
-0.0469991
-0.0211392
0.913797
0.942536
0.0138994
1.92462
-2.42782
0.503145
0.175682
-0.020544
-2.49244
2.03438
-2.67008
-1.84301
-2.47397
0.515408
0.0591323
1.80158
-2.15882
0.357142
-1.47528
-2.32771
1.72979
-0.468923
-0.951901
-1.7251
2.67692
0.0274376
0.0137094
0.0105599
0.0466647
0.406118
0.0138124
-2.27351
2.60048
0.011198
-0.0182108
-0.0252451
0.0434587
-1.39271
-0.471312
2.27438
-1.80323
2.21485
-1.37563
-0.458164
-1.81551
-0.391852
2.1933
-0.549353
0.278445
0.520031
-0.798482
0.53853
1.97744
-0.0192478
0.0266934
-0.00744333
0.14422
-0.133251
-0.0109564
0.0380469
0.0185933
1.88929
0.506672
0.025773
-0.231755
-0.0281994
2.79669e-05
1.81769
-2.2891
0.0223877
-0.726404
0.0946771
-0.0716139
-0.0230644
0.157192
1.81614
0.865818
0.759482
2.32431
-0.184685
0.176339
-1.35034
1.08781
0.262497
-0.0569599
0.514311
-1.88932
-0.526663
-0.37779
-1.76957
-1.7646
0.371746
0.119651
0.0178249
-2.38643
0.32492
2.60499
1.70408
-1.09589
-0.608178
-0.0160103
-2.43867
-2.21385
0.449264
-0.461297
1.80959
-2.30679
-0.3072
1.82414
-1.51706
2.17207
-0.420751
0.00905803
-0.0264507
0.0342387
-0.228796
0.194585
2.13914
0.0215173
-0.021518
-0.082099
-0.090407
0.0126492
0.00325772
-0.345267
0.224041
0.121226
-0.0185238
-0.0177804
0.0209968
0.0264556
-0.0474531
-0.187568
0.0107188
-2.38923
-2.15368
-0.155357
-1.71908
-0.494741
0.00961278
0.0934929
-0.0312531
-0.0622446
-0.465546
2.275
-0.0306028
-0.482475
1.57905
-1.09657
-1.64152
1.64152
-0.0243318
0.0438166
-0.0233937
-0.00329528
0.35051
0.0726056
-1.13838
-0.528657
1.66703
2.13983
-0.438853
-1.70093
1.7326
0.546842
1.73145
-2.15464
-2.19511
0.413026
0.00020288
-0.490701
-1.01967
-1.74586
-1.46296
1.46281
-1.20613
-1.7465
-1.7056
2.18025
-0.474663
-0.304226
-0.02662
-1.83361
2.33663
-0.16573
-0.138469
0.0331538
-1.55567
0.0688182
0.0258569
1.48639
-0.965471
0.426217
0.00679422
0.0591693
0.013466
0.443049
-2.21289
1.76973
-0.928113
1.87102
0.0681875
-0.00341415
0.0810029
-0.205619
-0.0493766
-0.267388
0.149428
-0.836703
-0.0834897
-1.31796
0.00904778
0.0284816
0.141381
0.0461403
1.32637
0.23479
0.00317488
0.0346967
-0.0292812
0.0496824
-1.00391
1.31271
1.63587
0.188226
-0.398615
2.13007
0.196887
-1.67809
0.585695
1.48576
0.0085436
-0.237443
0.257735
-0.208353
-0.0282299
0.236583
0.439603
1.99302
0.0193156
0.0752846
-0.094599
1.53845
-0.298236
-0.0385307
0.0280926
-0.00154942
0.0100816
-0.203742
0.226054
0.0686369
-2.64842
0.0363056
0.00325464
0.392566
-0.0361417
0.843306
0.338503
1.47654
1.20684
0.00361774
0.0189034
0.0254667
-0.0498734
-2.17552
0.0235272
-0.21476
-0.0563251
0.0464684
-1.61785
0.0367978
-0.22063
0.183776
-0.0472168
-0.0317931
-0.0244601
0.0333438
-0.00888389
-2.36547
-2.37215
0.646994
0.0061862
0.0817051
0.15398
-0.235684
0.00847834
-0.0309613
0.0224837
-0.031945
-0.00170327
-0.0516338
-0.0323974
0.000689067
0.0760468
-0.553526
2.60495
0.0331071
0.0259449
0.0103936
0.0557329
1.26211
-1.31777
0.0629017
2.58857
0.0417428
-0.0305659
0.0274081
0.509267
0.13872
-0.159263
-0.415137
0.00410259
0.0733319
-2.05674
0.24279
-1.56238
-0.0289232
-0.00227817
0.0312038
-2.43237
0.223433
-1.60203
-0.28075
1.48523
-1.20435
-0.269053
0.205106
-0.314928
1.30148
-0.986576
2.30042
0.0173574
0.0508303
-0.673246
0.00170659
0.0318715
-0.00438169
0.28594
0.0276615
-0.0302724
0.002611
1.51458
0.391449
-1.3171
1.53865
-1.97029
-0.182729
0.161034
-0.0211118
-0.139921
-0.0355684
-0.0165308
-0.0122327
-1.53686
-0.519979
-1.37721
0.19999
1.17724
-1.07498
0.0690045
0.0348878
0.0168942
-2.31664
1.40789
0.242044
0.791635
1.11888
-0.0671201
0.0854883
0.126139
1.97528
-1.26199
-0.713258
-0.0438505
0.0261034
-0.0295654
0.859908
-1.24609
1.08298
0.258195
-0.179294
0.0235199
-0.0718204
-1.93558
0.00682501
-0.0278403
-1.61254
0.385059
1.22762
-1.3195
-0.297567
0.164914
-2.44473
2.27996
-0.033152
0.0065406
-0.586913
-2.29435
-0.000532862
1.60825
-1.33754
-0.27059
0.0380597
-0.00495281
0.068266
-0.0295546
-2.25472
0.569482
-0.0631661
0.0143513
-0.138228
0.132464
0.0752431
0.189473
-0.372329
-0.278384
-0.669751
1.43837
-0.880411
1.28758
0.323161
-0.0450176
-0.913797
-0.998315
-0.0281995
0.045533
-0.879738
0.0640184
1.19817
-0.857921
-0.186944
0.218971
0.00561795
-0.0221603
-0.000154609
-0.630474
0.747914
0.294166
0.60156
-0.0366714
-0.0193294
-0.0211899
-0.522204
1.9101
0.0630691
-1.49251
0.0424252
0.0119404
0.506198
-1.8818
-1.3465
-1.92415
0.373256
0.0508947
0.0077237
-1.85067
0.0686631
-0.0991151
1.29481
0.215942
-1.51078
-0.275438
0.130534
-0.107174
-0.0587951
0.0162414
1.66691
-2.23543
0.440676
-0.64532
0.699106
1.35123
-0.0857123
-0.0985319
0.0318043
-0.0337212
0.0700571
0.0234137
1.21798
-0.00587574
0.0335364
0.32496
1.2011
0.000760089
0.00195695
0.00301295
1.28084
1.27585
0.0587676
-0.0233162
0.0871737
1.39345
0.37873
-0.0355685
-0.14187
-1.90769
-0.0115498
0.758801
-1.47204
0.618569
0.819784
0.592476
-0.0547003
-0.537804
-0.623666
0.082559
0.232619
-0.0729975
0.404283
-0.441736
2.03488
0.536647
-1.72154
0.856218
-0.0266952
0.00817208
0.00650856
-0.112093
0.292229
0.147375
-0.0274575
-0.0108675
-0.023865
-0.00449501
0.0550604
-0.0715756
0.0409188
0.0436752
-0.634341
0.00383574
-1.52674
1.24604
0.0301477
1.5675
1.73817
-1.56157
1.80467
0.0369945
-0.500151
-1.02652
-1.46385
-0.443858
-1.4236
-0.540571
-2.30787
-0.826949
-2.30785
-1.42363
0.322733
0.960674
-0.721978
1.43621
-0.140784
-2.21393
-0.0424297
0.00436194
-1.86038
-0.00882449
0.0637709
-0.0199854
0.0324551
-0.00651217
-1.11763
0.303266
0.814326
0.424282
0.147758
-1.65565
2.16189
-0.905285
-0.544456
-0.0649296
0.0368641
-1.68718
1.23438
-0.639515
0.273419
2.29435
0.458503
-1.70966
1.25118
-0.327428
0.68708
0.367476
-0.349551
-0.0419192
-0.0118815
-1.64919
1.37326
1.59343
0.0639433
-0.0145904
-0.661211
-1.75216
1.07891
-0.0290543
0.374908
-0.0212777
-0.000881038
-1.42329
0.482067
-1.57798
1.08536
-0.17803
0.242718
-0.0646566
-0.063131
0.0394781
0.0907274
-0.130204
-0.020247
-0.480218
-0.210926
0.245177
-0.0165696
0.0165687
0.199997
-1.45032
1.13538
-0.0606451
-0.105056
0.0166333
-0.0166354
-0.00838567
0.0634337
-0.0550464
0.0780631
0.153558
-0.231579
0.00482372
0.0133367
-0.013338
-0.0159717
0.0159698
1.79991
-2.14581
-0.0379206
0.000275453
-0.00384321
-0.779072
-0.036801
-0.00563006
-0.0155046
0.0155031
0.0200867
-0.0200847
0.0741584
-0.0183164
0.0183155
-0.272032
0.135781
0.136253
-0.00532975
0.0235833
-0.0235834
-0.0238073
0.0229499
-0.0298332
0.00688081
0.0170043
-0.0170033
-0.0267654
-3.82215e-05
0.397101
-0.104868
-0.016258
0.0162605
0.016158
-0.0161579
1.11075
-0.014028
0.01403
-1.26898
0.019349
-0.019345
1.46285
-0.0395368
-0.0061072
-0.0142267
0.0142265
-0.0157266
0.0157327
-1.26407
-0.0131282
0.0131309
-0.0186019
-0.408947
-0.146362
-0.0102861
0.0501196
-0.0398346
-0.118907
-0.0172577
0.0172558
0.0179819
-0.0179771
-1.71443
2.13861
-0.0226502
0.0226504
-0.0344027
0.0403717
0.0189194
-0.0189198
0.0487825
0.0479926
-0.0967754
-0.0422012
-0.0204256
-0.0692827
0.0183321
0.0705898
-0.0706263
0.0205004
-0.0204982
-0.768964
-0.31889
-0.0178886
0.0178917
-0.0217681
0.0217679
0.0177288
-0.017726
-0.0165991
0.0165953
-0.0146052
0.0146022
-0.0187421
0.0187405
0.018341
-0.0183428
-0.0161957
0.0161974
-0.0206136
0.0206186
0.0216473
-0.0216476
-0.166786
0.0199015
-0.0199003
-0.0164445
0.0164447
0.0172333
-0.0172292
-0.0186792
0.0186789
0.0171008
-0.0170955
0.0255752
-0.0255717
-0.0262391
0.397986
0.0186968
-0.0186952
-0.0268671
-0.0201293
0.0201337
0.145786
-0.29644
0.0190317
-0.0190328
0.0220224
-0.0220224
-0.0188248
0.0188245
0.0204205
-0.0204175
-0.475485
-0.024957
0.0249615
0.0150525
-0.0150516
0.0950629
0.0153562
-0.110417
-0.014789
0.0147899
0.0211407
-0.0211427
-0.0217621
0.0217628
0.0172728
-0.0172687
1.79036
-0.562779
0.0199123
0.017698
-0.0176954
-0.0292782
-0.0377397
0.0670184
0.0586731
0.0268172
-0.0352021
0.0293361
-1.46409
0.36753
0.0184446
-0.018442
0.0347601
-1.58115
0.0510103
-0.0785332
-0.0152465
0.0152469
0.0170467
-0.0170471
0.0180396
-0.0180378
-1.56159
0.0414937
-0.015006
0.0150079
0.00777413
0.135181
-1.65239
0.0222449
-0.0222449
-1.23839
0.0756579
0.346749
0.00519126
-0.0770117
-0.286833
0.176375
0.121955
-0.0150466
-0.0139312
0.0139335
1.19227
-0.0148479
0.5475
0.00279055
-0.0213683
0.0213677
0.0203056
-0.0203048
0.0180107
1.91856
0.111151
-0.0160868
0.0229964
-0.022997
0.246329
0.102597
0.0112995
-0.0112978
-0.0679679
0.0138777
-0.574629
0.508476
1.53663
-1.17946
0.0653153
-0.0299606
0.0299608
-0.011432
0.0238433
-0.0152773
0.0152765
0.397549
-0.443643
-0.0158261
0.0158306
-1.37079
0.166533
0.0220733
-0.0220749
0.0153317
-0.0153287
0.118925
-1.4353
-0.0265515
0.0265524
0.0201108
-0.0201114
0.0215544
0.071945
-0.137063
-1.34083
1.47784
-1.75913
0.314815
0.986638
0.018487
0.0219672
-0.0219678
0.487568
0.0826311
0.222142
-0.0447655
0.0524401
-0.00767378
-0.110732
-0.0672849
-0.033196
-0.229609
1.41529
0.124361
-0.0212227
0.0212239
-0.0189237
0.0189245
0.0211829
-0.0211838
-0.0027143
0.0338758
0.0761355
0.0296128
0.24214
0.0198875
-0.0198863
1.25811
0.280516
-0.0249692
0.0249724
-0.0212938
0.0212906
-0.0302968
0.0302982
0.0170794
-0.0170824
0.0235266
-0.0235278
-0.656895
0.766449
0.023107
-0.0231071
0.0306688
-0.00349016
-0.416428
0.0236743
-0.0236756
0.05361
-0.0320549
0.019702
-0.0416058
-1.2523
-0.0140642
0.0140653
-0.584118
0.10961
0.474504
-0.0225228
0.0225264
0.0231662
-0.0231643
-0.0127455
0.0127465
-0.703613
0.017622
-0.0176207
0.250361
1.49748
-1.74787
-0.0212011
0.0212031
-0.00484978
0.0389422
-0.687964
1.0335
-0.345561
-0.0270706
0.138868
0.0207062
-0.0207106
-0.0373319
0.00176672
-0.0807743
0.0176077
1.74333
-2.27005
-0.0120862
0.0120894
-0.0193017
-0.00263567
-0.0172398
0.0172389
0.101611
0.0638333
-0.561192
0.415749
0.130912
0.00776643
0.0285377
-0.0318421
-0.0286961
-0.265392
0.343466
0.0141209
0.0244671
0.0169657
-0.016966
0.0366892
-0.0395052
0.00281645
0.0138674
-0.0138672
0.0262808
0.432043
-0.17229
-0.0537453
-0.0854402
-0.00256862
-0.0395268
-0.927718
0.945789
0.441224
-0.385976
-0.0178732
-0.0396336
-0.0328548
-1.37832
0.0345054
0.366565
-1.13556
0.319867
1.04368
-0.98865
-0.105778
1.01488
-0.909103
0.0933741
-0.0551334
-0.0151959
0.0151971
-0.828195
0.51506
-0.0208601
-0.0849759
-0.0191793
2.31
-0.0337706
0.0182675
-0.018267
0.103103
-0.835582
0.716224
-0.036622
0.521077
-1.02121
-0.0106006
0.0132196
0.0106864
-0.802825
0.0137306
-0.0137292
-0.0658395
-0.24532
0.0386613
1.54516
0.0784748
0.312097
0.87358
-1.18566
0.516135
-0.784057
0.253254
0.592396
0.152765
0.0416786
0.000747016
-1.48862
1.35148
0.129288
-0.970868
0.841538
-0.202123
-0.653153
-0.0143161
-0.0705718
-0.918096
-0.0375488
-0.0209004
0.0208978
-0.0269996
0.0736717
-0.368781
1.44769
-1.41486
-0.0122249
0.012225
-0.0556668
-0.136847
0.227193
0.00579115
0.0242754
0.0399724
1.05763
-1.15552
-1.09818
0.371765
0.0140243
-0.0140236
0.000793299
-0.0428792
-0.627367
0.930617
0.0158739
-0.0158715
-0.706306
-0.069612
0.0400549
0.0625188
-0.0151381
-0.28064
0.161733
-0.70448
0.708305
-0.0149433
-0.0741554
-0.0900097
-0.00416816
-0.00443698
-0.0331087
1.42921
0.0436803
-0.0146302
0.01463
0.0159939
0.00465855
-0.00199844
0.0487298
-0.0467311
0.163255
-0.0109763
-0.152282
-0.172568
0.0386038
-0.365759
0.305132
0.0156071
-0.0156068
-1.59219
0.323213
-0.111979
-0.00150571
-0.0185416
-1.45738
-0.121613
0.164316
-1.36257
0.189604
0.00197605
0.0435303
-0.0668462
0.0573694
-1.19906
0.0116862
1.22466
-0.0151895
0.323426
-1.97905
0.0712003
0.104481
0.015357
-0.0153575
-1.13443
1.6513
0.0657847
-0.00343245
0.025705
0.75427
-0.000440671
0.025816
0.00227662
0.0471334
-0.217107
0.0577025
-0.0638107
-0.0801618
-0.0203528
0.0203533
0.21979
-0.124315
-0.0445342
-1.41156
1.73478
-0.0378456
0.0328924
-0.0616022
0.0773386
-1.43618
-1.17624
0.156542
1.03562
0.902978
-0.906767
0.00376766
-0.155825
-0.0250974
0.892373
-1.45516
0.0153854
0.073589
0.05653
0.00936877
-0.0658922
-0.141429
0.056724
-0.0767081
1.55455
0.25406
0.0205449
-0.0205426
-0.282792
-0.134784
-0.0649698
0.0788892
0.015994
-1.47453
-0.0019427
0.904903
1.35578
1.78767
0.0829128
-0.0678863
0.122619
-0.114068
-0.0515048
-0.0112663
0.0627745
1.01813
0.964158
-0.0859215
0.00380123
0.082123
1.1199
-0.0690656
0.0622197
-0.0483176
-0.122262
0.128442
0.119321
-0.0244005
0.0290718
-0.02974
0.000666454
0.934735
-0.049373
0.063519
0.0162412
-0.0660944
0.0212426
-0.00141005
0.0266651
-0.103867
0.0322842
-0.793482
0.681475
0.0657751
-1.15462
0.527237
-1.07989
-0.0256073
-0.00337396
-0.0461186
-0.05138
-1.14918
0.13941
-0.0114354
0.383382
-0.433257
-0.367948
0.113637
0.0121804
-0.0205627
0.236688
-0.0522295
0.0252385
0.0710595
-0.0527245
-0.0104988
0.0332804
0.0482416
-0.0345318
0.0668251
0.0245849
-0.00107666
-0.023507
0.0267472
0.00392187
-0.121175
0.124187
-0.625844
0.728437
0.036876
0.022324
-0.0223278
0.0142685
-0.014267
0.433334
-0.323725
-0.0220524
-0.00449337
0.0265474
-0.0110329
0.0205061
-0.0146211
-0.0297538
-0.221924
-0.0151884
-0.0158119
0.0158086
-0.0253401
0.0253408
-0.120324
0.12203
0.0951519
-0.0530374
-0.388703
0.0207409
0.0177534
0.0535672
-0.0516546
0.0824559
-0.0253857
0.0253883
-0.0143536
-0.0602612
-0.0166616
0.0166639
0.0212438
-1.74686
0.0208038
-0.0208051
0.0274092
1.82102
0.0184826
-0.018485
0.0167083
-0.0167088
0.391425
-0.43645
-0.0161885
0.0161883
0.01642
-0.0164196
-0.0175352
0.0175362
-0.0826801
-0.033126
-0.182476
0.0163299
-0.016331
-0.196382
-0.169383
-0.0323416
0.0704104
-0.285862
0.00499647
-0.0172556
0.0172577
-0.117255
0.0144942
-0.0144939
0.0216607
-0.0216603
0.0108987
-0.072204
-0.0151086
0.0151068
-1.12095
1.3631
-1.30796
0.0032779
0.021524
-0.0215274
0.426164
-0.0593137
0.0319153
0.0231594
-0.0246432
0.0201373
-0.536059
-0.0240216
0.0240218
0.0208934
-0.0185706
0.0185708
0.000653616
0.00392889
0.0245253
0.0255727
-0.438912
0.413331
-0.0786621
0.0926707
-0.0140079
0.000123316
-0.0160825
0.0160825
-0.327517
0.400132
-0.0401627
-0.0342583
0.320446
0.0856609
-0.0446309
-0.0350888
-0.0166053
-0.024119
0.0241192
-1.31747
-1.56047
-0.00362816
0.0735269
0.00977112
-0.633438
0.000808873
0.0157964
0.00381406
0.0252699
-0.00335324
-0.000558723
0.0587548
-0.596565
0.00225806
-0.0756821
0.00166289
0.000657531
0.00470964
-0.00012184
-0.107836
-0.00223616
-1.86668
0.000346469
0.000689204
0.685761
-0.000898726
-0.0159487
0.000373964
0.0252646
-0.0252666
0.0859884
-0.111645
0.00335163
-0.015017
-0.0220795
-0.0138819
0.0138797
0.0049115
0.000264198
-0.0453345
-0.224311
-0.633627
0.961838
0.00025573
0.0431159
-0.0186018
-0.0359302
-0.170813
1.26766
0.0451005
0.000195552
0.0198533
0.0928189
-0.000215818
-0.0285732
0.000398169
0.533255
0.0206996
0.0042427
-0.0361393
-0.025679
0.0256783
0.0391959
-2.57342
-0.0118455
0.0118472
0.000223336
0.284301
0.000221883
0.0106937
-0.0106925
1.66909
-1.38859
0.260602
-0.0442898
-0.111861
-0.0745243
-0.662729
0.00456636
-0.00362378
0.024708
0.0184191
0.0888191
0.107389
0.0648182
-0.0460424
0.0387068
-0.389693
-0.492049
-0.118176
-0.094639
-0.802903
-3.33189e-05
0.0182728
-0.0182755
-0.0137475
0.00976908
-1.14945
0.0604083
-0.100928
0.0130911
-0.0404868
-0.0348828
1.66283
0.475668
-0.025523
-0.022477
0.041337
0.000529544
-0.0860746
-0.0123795
0.0123859
-0.0343492
-0.0535728
-0.00106215
-0.0158909
0.0158945
0.0265042
-0.000889511
-0.0369571
0.194481
0.877295
-0.859327
0.0381295
-0.0777613
1.13555
-0.160745
0.118542
0.245279
-0.366897
0.0229954
-0.0229921
-0.0142328
0.01423
-0.00118461
-0.000225287
-0.0273971
0.0273972
-0.128538
-0.0333604
0.020115
-0.0201148
0.000337679
0.00165861
0.290774
-0.00268238
0.00881231
0.000145585
0.319538
-1.60665
0.00375331
-0.05331
-0.0218468
0.021852
-0.000569575
0.00245163
5.87405e-05
0.50865
0.0131353
0.0212917
-0.0265763
0.0265761
0.023331
-0.0233311
1.32879
-0.000636593
-0.0426847
0.061566
-0.00483641
0.555458
-0.612404
-0.024762
0.0323832
0.000578484
0.432415
0.0315299
-0.0681513
-0.926266
-0.000615025
-0.0267335
-0.129882
0.0330294
0.00172927
0.221667
0.00131587
-0.346648
0.315912
0.0552848
0.00338184
-0.0322733
0.00979654
0.965852
-0.0147915
0.0147903
-1.03882
-0.0483203
0.300801
-0.0648441
-0.000660904
-0.591106
0.473844
0.468706
-0.09413
-0.0666143
-0.0135465
0.0135474
1.58312
0.0147628
0.0191385
0.00917448
0.0228638
-0.0225994
0.0141404
-0.014139
0.0958805
-0.110928
0.0289305
-0.0328046
0.0328056
0.125289
-0.12168
-0.00173704
-0.0302483
0.0319831
-0.0220254
0.0220263
-0.345555
0.313606
0.529096
0.00698722
-0.5361
-0.337724
-0.215802
0.0352951
-0.0366974
0.0522485
0.0658491
-0.364728
-0.381585
-0.0307826
0.0311549
-0.0300124
0.0304088
-0.104042
0.108144
-0.0196498
0.0196538
0.747592
-0.841697
-0.111236
0.130421
-0.0054253
0.0372586
0.935816
0.0812351
-0.0631804
-0.00981285
0.0144897
-0.014488
0.0110584
-0.0110562
-0.210791
0.282623
-0.00540963
-0.0511648
-0.0190201
-0.0388341
0.0500339
-0.0775506
0.0152197
-0.0152195
0.311503
0.0204251
0.017351
-0.0173498
0.0257444
-0.0257477
-0.0154016
0.0154019
-0.0580616
-0.0411978
0.0535104
-0.169716
-0.0263939
-0.00989692
-0.0209154
0.0277045
0.00563912
0.00463999
-0.0460343
0.0639369
0.0318298
-1.78791
0.541004
0.140454
0.00130169
-0.0176922
0.017692
0.051553
0.0271437
-0.029141
0.0133376
-0.0444917
-0.0347661
0.0061915
0.0143891
-0.0143858
0.0274573
-0.0274587
0.0168989
-0.0168984
-0.0350543
0.0111319
0.387512
0.00312869
-0.0125247
0.0125248
-0.030037
-1.3389
0.0253522
0.0170694
-0.0170721
0.0311231
-0.0309796
0.789686
0.0149115
0.107101
-0.101486
0.108202
-0.0938887
-0.53955
-0.19532
0.261132
-0.0658125
0.0305717
-0.0305135
-0.061055
-0.0289454
0.0900035
-0.0283189
-0.0125558
0.0125563
-0.381008
0.0345928
-0.749273
0.678692
-0.088065
0.181918
-1.33741
-0.281242
0.471933
0.0409646
0.00776444
-0.029163
0.082381
-0.0322623
-0.101508
0.111584
0.0269411
0.0411042
0.0278188
0.142956
-0.0329214
0.01661
-0.0166074
0.651815
0.232065
-0.954049
-0.196367
0.144987
0.0216727
-0.0216721
-0.0175817
-0.0223109
0.029705
-0.032153
0.0321557
-0.032445
0.000604264
0.162691
-0.263034
0.100352
-0.134794
0.136754
0.0254925
-0.0254951
0.0197274
-0.0876793
0.0974467
-0.332998
0.860224
-0.00906085
0.0186907
0.0132199
-0.0446853
-0.106676
0.130634
0.0864747
-0.00147576
-0.0241337
-0.0347015
0.0333
-0.033932
0.000629253
-0.00348486
-0.0150556
0.0141538
-0.0380101
0.0238558
0.00203512
-0.00836362
-0.0104836
-0.0642498
0.029549
-0.026303
-1.01908
0.019605
-0.0196033
-0.255551
0.0887632
0.70939
0.410503
0.0191384
0.0171181
-0.0171174
-0.0469393
0.0150193
-0.015019
0.187106
-0.298967
0.0239775
0.00954511
-1.19302
0.188769
-0.166807
-0.0219617
0.00321128
-0.0329885
0.0239261
-0.0358812
-0.0160021
0.0160031
-0.0410903
-0.00543538
0.308332
-0.0192656
0.277863
0.779744
0.139495
-0.13873
-0.000976808
0.00771643
-0.152055
-0.368658
0.0132697
-0.0132719
0.0727048
-0.0791479
-0.0614545
-0.982809
-0.00912434
0.000734705
-0.847802
-0.11749
0.00677179
-1.57553
-0.0695888
0.00467394
-0.22038
-0.0541784
0.274564
-0.0174343
0.104782
0.00519575
-0.0237622
0.00855305
0.0303076
-0.0296396
-1.08228
-0.0183166
0.0183159
0.0810543
-0.859235
-0.0140742
-0.226597
0.024772
0.00586344
-0.0306326
0.760982
0.030737
-0.0110976
-0.133003
-0.016744
0.0899235
0.053008
-0.00590306
-0.264669
0.050953
-0.0431881
-0.022448
0.0279774
-0.00552484
-0.038656
-0.00928615
-0.0142463
0.0142453
-0.00523754
0.0450516
0.0494592
0.0329221
0.00642554
0.025556
-0.0132903
0.0132912
-0.0176972
0.0176975
-0.0147852
-0.0982349
0.0328128
0.0654448
-0.0542824
0.0364688
-0.00316927
-0.00786509
0.136805
-0.0189396
-0.00708963
0.0347938
-0.0915668
0.0622238
-0.0339946
0.0481477
0.605218
0.0423401
0.238001
-0.032894
-0.330934
-0.369773
-0.195308
0.154823
0.0623571
0.0179589
0.00774633
0.00449478
-0.023454
0.0662525
0.578979
-0.00445188
0.028499
0.000311648
-0.028812
-0.0100967
-0.00721068
0.0168349
-0.0168331
0.134135
-0.0551341
0.0272524
-0.0095536
0.00955519
-0.0353728
0.0497245
-0.0980155
0.236668
-0.138651
0.420534
1.03537
-0.783511
-0.332188
4.62783e-05
-0.0386991
-0.0252107
0.000141126
0.0208401
-0.0213992
-0.00192517
-0.0625345
0.0507893
0.367084
-0.01153
0.235913
-0.255176
0.488425
0.025885
0.0291977
-0.0906509
-0.0615185
0.00260931
0.0613993
-0.00460617
-0.0576368
0.00144917
0.00545044
0.0101215
-0.279764
0.0283987
-0.00710449
0.00976126
0.0169579
-0.0169573
0.0174726
-0.0287319
0.00426398
0.0202618
0.0199499
0.00595227
0.0332355
0.053178
0.103874
0.0316742
-0.233137
0.0235222
-0.0594045
-0.0418994
-0.0741498
0.00346933
0.930758
-0.0603635
0.0242317
0.0335527
0.00291473
-0.028224
0.0248894
-0.00981321
0.674786
-0.0777833
0.0629353
-0.00338982
0.0391129
0.0118389
-0.0575063
0.113819
-0.0192356
-0.00344788
-0.0200053
0.0238209
-0.0239442
0.00345181
-0.0779752
0.0264206
-0.0261997
-0.0314347
0.031964
0.0289733
-0.00664103
-0.0192599
-0.0242186
0.024476
0.0786915
-0.082105
-0.0332252
0.0242765
-0.0285997
-0.00104768
-0.0595985
-0.59857
-0.0940252
-0.0355473
-0.0181545
-0.00444472
-0.0592471
0.018157
0.0251504
-0.0257219
-0.00607694
0.188885
0.0274337
-0.0286213
0.0259472
-0.0265821
0.025953
0.00151761
0.116663
-0.125949
0.0509826
-0.355642
-0.0170606
-0.00583004
-0.00321622
0.0562725
-0.00728067
0.0145923
-0.0227074
-0.00169892
0.0898661
-0.0219679
0.0217405
0.0217027
0.0519771
0.00509611
0.015594
-0.00585084
0.000231715
-0.0269263
0.0739192
-0.0369346
0.00717926
-0.0252189
-0.137662
-0.0276616
-0.0232575
-0.00220218
0.0488676
-0.0259341
-0.0296638
-0.00265344
0.545425
-0.0289519
-0.0331122
-0.0452381
-0.079077
-0.00307973
-0.0303018
-0.241528
-0.00947054
0.0201898
-0.0239255
0.0186893
-0.0702549
0.00910307
-0.123697
0.0933236
0.00374028
0.0967019
-0.0818183
0.177307
-0.0282522
0.0237578
-0.0081852
0.00344582
0.038627
-0.105002
0.00276839
0.0269149
0.0250047
-0.00631468
0.0463228
0.0394377
0.0646825
-0.0145345
-0.0213389
0.0329883
1.48121
0.00366609
0.439222
-0.0328291
-0.123443
-0.075389
-0.0169756
-0.0382364
-0.000159267
0.117313
-0.0714543
0.0249331
0.0188934
)
;

boundaryField
{
    frontAndBack
    {
        type            empty;
        value           nonuniform List<scalar> 0();
    }
    upperAndLower
    {
        type            symmetry;
        value           uniform 0;
    }
    outlet
    {
        type            calculated;
        value           nonuniform List<scalar> 10(2.59624 2.8055 2.18839 2.37264 2.48947 2.95264 1.96419 3.13482 2.68339 2.55669);
    }
    inlet
    {
        type            calculated;
        value           nonuniform List<scalar> 10(-2.57536 -2.57428 -2.57578 -2.5764 -2.57307 -2.5738 -2.57466 -2.575 -2.57153 -2.57776);
    }
    airfoil
    {
        type            calculated;
        value           uniform 0;
    }
}


// ************************************************************************* //
