/*--------------------------------*- C++ -*----------------------------------*\
  =========                 |
  \\      /  F ield         | OpenFOAM: The Open Source CFD Toolbox
   \\    /   O peration     | Website:  https://openfoam.org
    \\  /    A nd           | Version:  10
     \\/     M anipulation  |
\*---------------------------------------------------------------------------*/
FoamFile
{
    format      ascii;
    class       volVectorField;
    location    "50";
    object      U;
}
// * * * * * * * * * * * * * * * * * * * * * * * * * * * * * * * * * * * * * //

dimensions      [0 1 -1 0 0 0 0];

internalField   nonuniform List<vector> 
3042
(
(28.3937 -1.06614 -6.74621e-18)
(24.7022 0.446226 -8.46049e-18)
(24.3821 4.53135 1.8368e-18)
(28.63 1.42282 2.98867e-18)
(23.7871 -1.45592 0)
(27.0527 0.738488 0)
(28.5427 0.0844702 0)
(27.94 -0.984235 0)
(24.0114 3.41301 2.2928e-20)
(30.1441 4.15634 -2.0933e-18)
(21.9928 -1.97045 -9.67124e-18)
(27.2685 0.587323 7.66936e-17)
(24.2334 0.906686 2.26632e-17)
(24.3225 0.0153241 5.99575e-18)
(23.9587 0.634598 0)
(21.1531 3.27352 1.04051e-18)
(26.8095 1.08496 2.44926e-18)
(29.0393 -0.681179 0)
(25.4951 2.2982 0)
(27.611 0.521523 7.75799e-17)
(27.6691 -1.00815 5.65693e-18)
(23.794 0.378294 0)
(25.4157 0.740436 8.26731e-18)
(25.33 -4.49593 2.13333e-18)
(25.6373 2.09197 0)
(25.7312 2.6639 8.48489e-17)
(21.2468 3.40172 0)
(23.5452 3.45224 0)
(26.3042 5.68648 -2.99822e-18)
(22.1894 2.1889 -5.06205e-18)
(31.4665 -3.24846 0)
(22.8597 2.69835 -5.49589e-18)
(27.297 1.81851 -5.69159e-18)
(26.1426 -1.94965 -8.25656e-18)
(28.6011 1.28056 0)
(26.3012 0.236632 9.2489e-18)
(28.5651 1.35044 -1.92108e-18)
(29.9503 -1.24011 -1.26105e-18)
(24.7945 3.09789 0)
(28.4899 1.09352 -2.11218e-18)
(28.0025 -1.92868 -4.49535e-18)
(28.6814 -1.02723 -6.37589e-18)
(23.5374 -3.2915 5.9506e-18)
(24.3202 0.109447 1.90893e-17)
(27.6238 -1.61231 -2.3781e-17)
(26.3354 1.16235 5.24539e-19)
(27.8936 5.40542 0)
(25.6049 2.49675 -1.27041e-16)
(24.8699 -3.46772 -6.46831e-18)
(25.7274 2.81261 1.20564e-16)
(28.5281 1.4937 -2.82801e-18)
(12.3076 -1.52201 -1.93722e-18)
(29.0925 0.0371324 6.84658e-19)
(23.9642 -3.09592 -7.12551e-18)
(27.9804 0.785209 -2.73985e-16)
(25.5058 0.87805 0)
(28.1295 0.0984303 2.68498e-18)
(23.0515 0.0200171 0)
(24.075 0.947307 0)
(23.0648 0.129784 2.30592e-17)
(22.2034 3.31853 0)
(25.6193 -1.36991 -2.74377e-18)
(30.3557 -0.644425 0)
(29.9763 0.083121 2.17264e-17)
(26.4404 1.41472 1.40213e-16)
(28.9819 0.422058 -2.27624e-17)
(26.9359 0.16083 -6.3461e-18)
(24.0167 -1.80667 0)
(27.1573 3.92533 3.29596e-18)
(25.1608 0.195253 1.12148e-17)
(25.8981 1.60623 1.94844e-17)
(28.1534 1.66132 -7.31699e-18)
(25.8633 2.97238 -4.86417e-19)
(23.8172 4.19551 -2.81588e-18)
(26.3201 1.43233 -6.98817e-19)
(27.2486 0.0819863 6.95774e-19)
(25.4116 3.03228 6.33537e-19)
(26.5703 0.224008 -6.90533e-18)
(22.1326 2.4588 4.87393e-18)
(28.674 -0.588644 1.12402e-17)
(24.1677 0.825955 0)
(26.3805 1.25696 -1.73467e-18)
(27.5001 -1.82437 -5.50462e-18)
(24.0369 3.26544 -7.39599e-21)
(26.4288 0.928154 -6.56024e-19)
(29.3502 -1.22744 -3.55173e-18)
(29.1552 0.0285751 6.48756e-18)
(26.5911 1.30643 4.29311e-18)
(29.966 4.05528 0)
(25.8651 2.69182 1.75139e-16)
(29.4578 0.305839 3.96876e-17)
(24.4228 -4.08053 0)
(21.9851 -1.42092 9.17989e-18)
(24.6603 -2.52813 0)
(25.3577 1.19516 0)
(27.024 1.92015 1.36507e-17)
(27.7379 -1.45248 -5.08218e-18)
(26.0615 0.987275 2.67728e-18)
(29.3628 1.11016 2.93419e-18)
(22.7565 2.03781 -1.17265e-19)
(25.2876 -2.83296 -1.27675e-18)
(30.1827 0.530681 -1.17724e-18)
(25.7475 2.83025 -6.62848e-17)
(26.3722 1.30943 1.7352e-18)
(25.6886 0.492056 -1.49436e-18)
(25.4541 0.246796 -2.44187e-18)
(26.3761 2.06084 1.69187e-18)
(25.2024 -1.98707 0)
(24.9331 0.512826 -1.08109e-17)
(28.6955 2.82576 0)
(23.1926 0.691406 -1.27884e-16)
(28.7816 0.330676 2.90085e-17)
(28.525 1.50191 4.3487e-18)
(27.7669 4.98574 0)
(28.3564 0.0782121 -6.7013e-19)
(20.8286 -2.83805 1.26122e-18)
(22.4033 3.37404 1.30922e-17)
(25.9512 -1.86788 8.00029e-18)
(30.5701 1.1073 -1.45082e-17)
(25.5064 -4.17813 -3.11079e-18)
(30.2503 0.428513 1.18651e-18)
(25.6763 -1.03655 2.20808e-18)
(25.9269 2.43235 -9.10599e-17)
(26.2528 -1.59077 -2.16007e-19)
(25.4117 -0.760134 4.07481e-18)
(26.3119 1.6342 1.44824e-18)
(25.4878 0.281961 -8.78864e-19)
(27.3103 0.127368 6.5772e-18)
(20.8304 3.13725 -5.62912e-19)
(25.0105 0.600693 -1.01492e-17)
(21.8824 2.56815 6.63986e-18)
(27.9143 -2.00651 0)
(27.7631 -2.3972 -4.58646e-18)
(23.4887 0.116958 -1.91321e-17)
(25.973 2.18169 0)
(25.312 -3.76253 -1.5129e-18)
(24.2764 2.03281 0)
(26.1611 1.51071 -2.43276e-17)
(28.5464 1.49513 0)
(25.4622 0.81406 0)
(25.5099 0.17084 9.59261e-18)
(21.8575 0.0791196 0)
(25.0961 0.515355 -1.72314e-18)
(24.4282 -0.104298 -6.38541e-18)
(25.14 0.158645 0)
(27.6136 -1.22287 0)
(26.1433 0.0130095 1.92953e-18)
(25.964 2.92966 7.27321e-19)
(28.5079 2.46768 -1.62502e-18)
(25.1872 0.939477 -8.20885e-19)
(29.497 0.947974 -4.56151e-18)
(25.9825 1.66356 0)
(25.7589 1.556 8.80421e-18)
(25.016 -2.88046 0)
(25.9698 0.641134 9.16204e-19)
(27.05 0.554817 -8.37222e-18)
(25.8169 2.5389 0)
(25.9361 -1.65058 1.41115e-19)
(31.2965 0.00787704 0)
(27.0327 5.58042 6.06239e-18)
(24.9058 -4.43831 -1.48254e-19)
(27.9901 4.16303 -1.41048e-17)
(23.5544 0.0110844 0)
(25.4775 0.264404 2.44741e-18)
(15.3608 -2.13145 5.08985e-19)
(27.9219 0.472412 -3.83574e-17)
(29.7799 0.132844 0)
(24.4503 1.83103 7.5558e-19)
(25.5375 -2.24304 0)
(25.369 1.34893 -9.3896e-18)
(25.3359 5.63815 3.72804e-19)
(26.0705 1.72102 6.30372e-17)
(25.875 2.03021 3.96739e-18)
(27.1697 0.540852 -5.86613e-17)
(28.1405 -3.13122 1.90588e-19)
(26.9049 -1.59219 4.07087e-18)
(28.8648 0.727128 0)
(29.218 0.592618 0)
(22.8045 -3.2217 8.76519e-19)
(26.2563 0.286988 7.52575e-18)
(23.8853 2.47954 -2.08438e-18)
(24.7945 0.365401 1.75346e-17)
(30.8036 0.137306 8.085e-17)
(24.3574 3.52123 0)
(27.8751 -1.74107 -5.88624e-19)
(28.7265 -1.55586 0)
(22.902 -2.50098 -1.50943e-17)
(25.0367 0.127386 -3.68578e-18)
(25.9098 1.55714 0)
(28.1305 1.25421 1.1214e-18)
(25.7014 1.86221 1.37216e-18)
(31.2312 -3.28003 0)
(28.7347 -2.75991 -4.48257e-18)
(27.9816 1.7366 0)
(29.8409 0.0283215 -1.25111e-17)
(25.56 -2.765 3.08988e-18)
(22.9651 1.82653 -7.32324e-18)
(26.8769 -1.00354 6.38436e-18)
(16.932 -2.14127 -1.67566e-17)
(21.209 0.0850984 2.63484e-17)
(29.8503 0.520287 1.25936e-18)
(27.2422 -1.5378 -4.76345e-18)
(23.7067 3.12016 1.34024e-18)
(23.3108 2.88781 0)
(25.3905 0.310873 0)
(23.7091 3.298 -6.89962e-19)
(28.2664 -2.42321 5.33774e-18)
(26.1815 1.1511 -3.14184e-18)
(21.9118 -0.0506847 -9.43437e-18)
(21.6159 3.3684 0)
(26.7826 2.06172 -9.86345e-19)
(24.5536 0.398725 6.39728e-18)
(25.3265 0.0461794 0)
(29.4099 -1.5354 0)
(23.7995 2.71521 1.27263e-18)
(23.3298 0.267861 7.75593e-18)
(29.8173 -0.878913 0)
(28.7834 0.021737 5.91092e-19)
(25.7955 3.09546 1.83938e-16)
(30.5388 -0.065514 5.3141e-18)
(25.7753 0.798768 -3.11034e-18)
(24.8206 0.13525 -3.92931e-18)
(25.9528 0.716734 -7.22184e-18)
(25.6033 0.749492 0)
(24.6092 0.55184 0)
(26.1525 1.39861 1.2541e-18)
(24.1639 0.514941 0)
(23.0014 2.92564 3.58364e-19)
(30.5438 -0.230058 2.48189e-18)
(26.991 3.61908 0)
(26.041 0.466889 0)
(25.4483 0.692988 -8.3334e-19)
(26.3699 -1.29762 -5.41513e-19)
(25.2966 0.633615 1.51011e-18)
(23.399 0.477344 -3.75606e-17)
(30.6349 4.77887 5.89021e-18)
(25.9516 0.868677 -4.00537e-19)
(29.576 -0.454437 0)
(30.3507 -0.777443 1.32618e-18)
(21.4448 -0.439713 0)
(27.2465 0.00784864 0)
(27.7035 0.890224 6.95764e-17)
(30.9879 0.0996252 -6.73316e-17)
(27.227 1.64232 -2.24811e-19)
(30.0622 0.342669 -4.90205e-18)
(24.8985 0.552616 1.2269e-17)
(26.2877 0.16526 -6.76169e-18)
(27.7573 0.572061 3.00897e-18)
(23.4621 3.45146 -4.65468e-19)
(27.5082 0.52677 -2.7513e-18)
(29.9957 -0.0278423 6.1424e-19)
(21.2083 -2.87529 2.00899e-18)
(30.2355 -0.308184 -5.94812e-18)
(25.106 0.570126 6.12841e-19)
(28.6568 1.30724 0)
(27.6624 1.90027 5.88808e-18)
(28.7864 -1.25263 6.36715e-18)
(28.7749 6.3501 0)
(13.167 -1.12893 -7.96872e-18)
(25.8698 0.259489 -1.00648e-17)
(15.7754 1.89394 3.69185e-18)
(27.5631 -1.38489 -1.33124e-17)
(24.6029 3.41812 -2.20559e-18)
(26.3003 0.520834 0)
(25.1046 -0.253298 -5.14224e-18)
(26.333 -3.99983 0)
(24.5934 0.873553 0)
(27.8037 1.79147 1.0657e-18)
(25.7442 3.00279 -5.81382e-19)
(27.0825 0.129429 -2.76984e-17)
(25.5725 5.55709 5.3422e-19)
(27.6112 0.00210605 1.40508e-19)
(29.72 0.0171806 4.90753e-18)
(25.4388 1.36608 4.08682e-17)
(25.9961 0.489103 1.23658e-17)
(24.3686 -1.03826 1.56774e-17)
(28.5978 3.16529 3.80087e-18)
(26.9628 0.755573 3.54299e-18)
(30.3621 0.00887895 -3.1916e-18)
(21.6581 3.34335 -1.63091e-17)
(26.5521 -0.22259 0)
(25.004 0.614684 0)
(21.7723 0.336864 -4.23139e-17)
(26.0023 1.03747 1.16217e-18)
(20.6957 -3.94376 2.60636e-18)
(27.4394 0.208401 0)
(27.8848 1.83391 -2.35712e-18)
(29.7498 0.561103 0)
(29.372 2.01095 1.81846e-17)
(21.8642 3.45688 3.25067e-19)
(25.6377 2.01874 0)
(30.1068 -0.550158 -2.8244e-18)
(28.2694 0.858081 0)
(23.8841 0.56087 -2.53924e-18)
(28.266 -0.144064 2.86589e-18)
(25.735 2.73261 8.05536e-18)
(30.1237 5.30997 -7.59928e-19)
(29.078 1.18155 4.4071e-18)
(26.2885 1.8117 -2.64355e-18)
(24.3227 0.101147 1.11589e-17)
(25.4819 3.03682 0)
(21.7513 -0.010996 0)
(25.5261 1.46373 -4.62522e-17)
(29.6414 0.772987 2.31002e-18)
(22.3267 -3.46049 3.33767e-18)
(25.4562 0.179501 -1.1502e-17)
(24.4346 -3.53711 8.71224e-18)
(27.0186 1.92632 0)
(27.6228 0.817089 0)
(26.7281 2.50392 2.50724e-18)
(25.3199 1.12208 6.92154e-18)
(25.3463 0.709287 6.08683e-19)
(26.6284 1.51302 8.50774e-18)
(26.2438 1.50858 1.65347e-17)
(24.0051 -4.21003 -9.21696e-19)
(28.7488 -0.41829 -1.61219e-17)
(25.385 0.0299633 0)
(25.4075 1.2978 -9.34666e-18)
(24.6873 0.748098 8.02154e-18)
(27.1672 -1.01885 -6.21237e-18)
(26.7234 1.26042 -4.9769e-18)
(28.9631 0.436566 1.77182e-16)
(27.3257 0.0734802 3.8256e-20)
(25.6846 0.380264 2.31138e-18)
(22.3616 -2.42205 3.69326e-18)
(28.8495 1.35475 -6.76147e-18)
(25.3876 0.683315 -2.23311e-18)
(23.7606 3.49701 2.13466e-18)
(27.8655 1.8184 -3.88263e-18)
(28.4502 0.739547 3.76943e-18)
(28.7016 -1.01309 9.19016e-18)
(24.8007 -1.83967 1.47437e-18)
(27.7279 1.16507 -2.45798e-18)
(25.6644 0.382111 0)
(26.7988 0.0598714 2.59136e-18)
(29.1599 1.11405 1.84943e-18)
(26.3123 0.886238 5.6608e-19)
(28.6109 1.46169 -3.10086e-19)
(27.7734 -1.22892 2.73686e-17)
(26.5618 1.24286 0)
(25.8932 0.594636 0)
(29.139 0.609135 -1.59463e-17)
(29.1263 2.1654 -2.32195e-17)
(25.4619 0.401777 0)
(25.807 0.471315 9.70466e-19)
(24.1325 -2.58478 -2.44194e-20)
(25.9914 1.55904 -1.37688e-17)
(19.3682 3.20498 -1.51039e-18)
(27.3951 0.121376 4.14114e-18)
(28.7072 0.0504477 -1.33467e-17)
(27.8395 1.41893 6.6793e-19)
(27.6289 0.334448 2.83858e-18)
(30.18 0.543783 0)
(29.1761 -0.347922 -2.3934e-19)
(26.0683 0.86093 4.16459e-18)
(26.0415 0.441852 -7.90877e-18)
(26.1597 -2.92391 -2.51943e-18)
(26.4889 0.0993986 -5.31038e-18)
(26.8921 1.82456 0)
(26.4587 0.0220607 -3.87909e-18)
(27.367 -0.139618 0)
(28.9519 0.147621 -8.14434e-17)
(29.3861 -0.819793 1.1189e-17)
(24.7949 -2.09416 4.15126e-18)
(26.1266 1.03117 -4.73695e-18)
(25.4175 0.414197 3.03343e-18)
(26.5377 -1.69879 -2.96433e-21)
(27.6391 1.70664 0)
(25.1432 0.10215 -1.1646e-17)
(25.4807 -0.48314 3.2328e-18)
(26.8856 2.4083 1.31631e-19)
(25.2511 -1.50585 2.76543e-18)
(27.8777 -0.425866 0)
(22.9137 1.75003 8.64751e-18)
(22.8958 -3.22081 0)
(25.6806 0.76325 -3.33522e-18)
(25.515 0.714095 -5.83042e-19)
(26.1431 0.55959 0)
(30.0786 4.59275 3.78036e-19)
(25.9008 1.75262 1.84e-18)
(25.3591 0.6673 2.65805e-18)
(28.1132 1.18256 -1.11735e-18)
(24.2967 0.500924 1.44229e-17)
(27.4245 -2.10943 5.86131e-18)
(26.6598 1.03531 7.75284e-18)
(23.6859 0.462676 3.27494e-17)
(25.8651 0.803586 3.24461e-19)
(25.1863 0.606167 -9.81079e-18)
(25.8603 0.733043 5.26428e-18)
(20.1535 -3.39244 0)
(29.5664 0.874928 -2.4476e-18)
(27.4732 -0.311776 -2.86003e-19)
(25.6304 0.411474 1.18419e-18)
(15.1052 0.121785 0)
(22.3292 0.339682 5.41319e-18)
(25.0315 -4.97375 4.46994e-18)
(28.9935 -0.770175 -8.92005e-18)
(27.8094 -1.56931 0)
(27.6584 1.01696 1.71304e-20)
(24.6914 0.529798 0)
(25.4438 3.95016 -3.07579e-18)
(27.6839 -2.78139 -3.97103e-18)
(29.3451 0.709762 2.62576e-19)
(27.4484 2.04755 0)
(21.7778 3.1791 0)
(27.8617 0.969962 -5.59705e-18)
(21.4893 -1.01934 -5.60373e-18)
(27.8675 1.28573 0)
(30.3873 0.480815 1.09201e-18)
(24.734 0.604099 -1.39896e-17)
(22.8507 3.15311 -2.16236e-18)
(26.0794 0.365723 -1.20651e-18)
(27.7921 1.56694 5.15741e-18)
(17.8846 4.36147 -2.31686e-18)
(25.3614 -2.97963 -3.45038e-19)
(24.3144 0.899554 -4.61659e-18)
(24.9501 0.537836 0)
(28.7258 2.09693 -2.539e-17)
(22.4158 0.209089 -1.24347e-17)
(28.2679 -5.63183 -4.68213e-19)
(30.8691 3.09426 -1.06271e-18)
(24.9445 0.0716644 4.12386e-18)
(25.7712 3.14895 -1.46344e-16)
(26.3764 1.89198 2.09507e-20)
(29.8372 0.824685 -1.63551e-20)
(29.3526 -0.41874 -1.63634e-17)
(25.707 3.08801 -7.4309e-19)
(26.0658 0.137407 0)
(21.9607 0.11772 -3.01235e-17)
(25.5704 -2.60571 0)
(25.2542 0.113948 1.16807e-17)
(25.9673 1.67944 9.5218e-20)
(25.9145 0.518387 2.30822e-18)
(25.3275 0.634813 -3.17486e-18)
(28.5956 0.995104 -1.80377e-18)
(25.2077 3.14175 0)
(23.1037 3.34283 0)
(22.7941 0.654586 -1.84019e-19)
(28.0995 -3.55031 -2.72417e-18)
(25.5876 0.929958 -1.16479e-18)
(25.861 1.2402 0)
(18.5293 -2.39783 -1.44437e-17)
(26.7528 1.38659 -1.4823e-17)
(23.1143 -3.03732 3.29442e-18)
(29.6083 -2.82248 -2.49566e-18)
(24.6541 -5.68395 4.35965e-18)
(27.7498 -0.26887 0)
(21.6422 0.014652 -2.06779e-17)
(25.9227 0.9523 0)
(26.3849 0.665384 0)
(26.718 -1.28772 0)
(26.9439 0.159726 0)
(24.1124 -4.731 1.22918e-18)
(27.9248 -4.18205 -3.68928e-18)
(28.2058 1.67358 -3.33921e-18)
(30.1954 -1.69419 5.7911e-18)
(29.1227 1.16208 -5.70374e-18)
(25.5279 0.933786 5.85065e-19)
(22.9429 -3.95875 -6.85848e-18)
(23.9179 0.961356 -1.9779e-18)
(26.5652 0.306167 0)
(28.4188 0.128022 -2.93414e-18)
(26.3874 3.35244 4.49333e-19)
(31.0968 -0.834716 -1.9526e-18)
(27.3711 1.56557 0)
(28.6706 -1.15559 -6.54244e-18)
(28.4964 -0.00305143 -2.39333e-18)
(26.7791 -0.197101 -6.90579e-18)
(25.3185 0.460265 -2.59076e-18)
(26.863 1.1043 0)
(24.7208 2.93067 1.98229e-19)
(26.914 -1.7445 0)
(25.8941 0.206162 1.68729e-18)
(29.0722 6.07902 3.62104e-18)
(25.0791 3.21554 0)
(26.6378 0.16406 4.50766e-18)
(25.5646 0.10783 -1.91909e-19)
(26.5101 2.60956 -3.41248e-18)
(27.7318 -0.924006 -2.17354e-17)
(19.8862 0.0233522 0)
(25.3841 0.679634 2.14876e-18)
(27.8107 -2.16248 1.27758e-17)
(24.1513 2.89508 -7.74949e-19)
(26.3709 2.12 -3.96986e-18)
(28.9059 -5.50911 1.96394e-18)
(23.3681 3.12415 -6.84915e-19)
(27.8507 1.63469 -3.54356e-18)
(23.5693 2.12253 0)
(26.9495 2.27766 -1.35759e-18)
(24.606 2.2349 2.72098e-18)
(25.9456 1.12769 3.54044e-18)
(24.6988 2.93837 0)
(28.0928 1.66291 1.72847e-18)
(27.2553 2.18826 -1.03396e-18)
(25.441 0.655766 -3.88146e-19)
(26.4203 1.46928 -3.48582e-17)
(23.5245 2.88335 0)
(26.2337 -0.998761 4.22822e-19)
(23.6693 3.55174 0)
(25.2833 2.11359 0)
(26.3378 1.08002 8.09438e-18)
(26.9243 0.997374 -1.37559e-18)
(24.9339 -0.387254 6.66877e-18)
(30.1538 -0.0149695 -6.27938e-18)
(25.8119 0.0249455 0)
(28.1921 -1.87531 -3.18336e-18)
(25.5599 2.54537 0)
(25.8182 0.412682 -4.28814e-18)
(32.1332 -1.60971 0)
(25.4108 0.50173 0)
(25.2728 2.89271 -1.54911e-18)
(28.0194 1.62833 -1.46415e-18)
(30.438 0.112212 1.42934e-18)
(19.8618 0.0507283 -6.62901e-18)
(27.8393 1.57188 0)
(22.0108 -4.58941 -1.55725e-17)
(27.9314 -0.129446 7.31397e-18)
(20.3092 0.172815 -2.97795e-18)
(30.589 0.235116 -1.36762e-16)
(25.1465 0.710723 0)
(26.3139 1.14756 -7.02349e-18)
(27.6646 -1.74575 9.78659e-18)
(27.8121 0.679368 0)
(26.7642 0.105186 1.50303e-18)
(27.205 2.07299 -9.6912e-19)
(24.418 1.34118 -1.91384e-17)
(20.1631 0.083192 1.56986e-16)
(25.9037 0.471722 0)
(29.742 0.714521 -2.34648e-18)
(28.282 -1.34734 2.41955e-18)
(14.8876 -1.97798 0)
(23.5125 0.986949 0)
(25.8635 2.5408 0)
(27.1843 2.26989 -1.32861e-18)
(26.0693 1.88929 -1.37337e-18)
(28.6894 -3.21304 0)
(25.6009 0.783065 0)
(25.097 0.939178 -6.93513e-18)
(24.4537 3.04427 -1.84728e-19)
(27.8754 1.60031 0)
(25.2099 0.904928 0)
(17.531 0.80421 -2.9738e-18)
(25.511 0.784105 0)
(25.4778 3.12091 0)
(25.5542 2.17553 7.63577e-19)
(21.324 -3.36223 0)
(29.9113 5.72808 0)
(27.4737 0.497546 -5.60769e-17)
(25.9254 0.198153 -1.6928e-18)
(30.6667 0.0762835 3.06638e-18)
(24.9043 0.617926 0)
(28.7961 -3.91765 2.43459e-18)
(30.9549 4.01618 1.06279e-17)
(26.0716 1.78122 -4.79344e-17)
(26.4648 1.52928 -3.54259e-18)
(26.3822 0.409845 0)
(26.1015 2.78827 -1.59468e-18)
(21.8607 0.207497 -2.79575e-17)
(26.6513 0.942163 -2.31348e-18)
(27.0749 0.764284 2.70846e-18)
(25.2793 0.648327 0)
(29.437 5.96524 -7.64387e-18)
(26.3213 2.73342 -3.23381e-18)
(25.7466 2.23213 1.97059e-17)
(21.1823 0.0478538 -2.56047e-17)
(26.6967 -0.777452 0)
(30.845 -0.106865 -4.91268e-18)
(31.9716 -2.8795 -5.72169e-18)
(25.3084 0.609674 2.32891e-18)
(30.0476 1.48778 1.01011e-18)
(23.8414 1.71254 0)
(26.3046 5.32593 1.53278e-18)
(28.9915 0.325562 -9.39368e-17)
(21.3878 -3.46807 5.6899e-18)
(28.7258 -1.03258 3.14035e-18)
(25.652 0.172726 0)
(28.1672 1.70666 -6.30487e-18)
(24.7981 3.14566 -1.04698e-18)
(24.2098 0.970433 1.58645e-17)
(28.6488 1.43537 3.22793e-18)
(26.7976 -1.87684 4.31284e-19)
(27.4654 4.12618 -4.50543e-18)
(26.3372 0.311393 1.38718e-18)
(24.7724 4.3535 4.94144e-18)
(18.7095 6.50576 -5.91693e-18)
(28.0301 -0.818078 2.60463e-17)
(30.2349 1.61258 -1.24274e-17)
(28.8998 1.26599 5.14408e-18)
(28.914 1.30382 2.31345e-18)
(30.3353 5.48968 -4.25268e-18)
(29.1474 -0.781053 0)
(26.9284 2.19049 -1.2252e-17)
(25.4083 1.63367 -2.83757e-18)
(27.6709 1.94008 -1.97789e-18)
(25.2994 1.80751 -7.15193e-18)
(24.3634 0.600029 0)
(25.0329 0.0748045 1.83215e-17)
(26.6606 0.312918 -2.86998e-18)
(29.3897 1.62039 0)
(29.7806 4.85605 2.75799e-18)
(26.9364 -1.69096 1.13051e-18)
(30.1038 0.0738332 4.54787e-18)
(17.9608 -0.2792 -1.64946e-17)
(29.4518 -0.5359 -1.17889e-17)
(27.9594 0.291009 -3.81041e-18)
(26.6187 3.63356 1.24151e-18)
(19.104 -2.45599 1.21965e-17)
(27.0186 -0.461863 5.41519e-18)
(25.8564 1.25638 7.03674e-19)
(27.512 1.81535 6.60463e-19)
(28.9707 1.10195 -1.58874e-18)
(24.016 -3.28223 -5.21949e-19)
(23.8088 3.54339 -3.42865e-20)
(24.7722 0.0969391 0)
(27.7533 1.96082 8.04844e-19)
(26.9902 5.38321 -3.97252e-18)
(31.2345 0.0755163 9.70482e-18)
(29.4927 0.704004 0)
(25.1325 -0.850163 -5.02359e-18)
(20.0548 2.12906 -8.66248e-18)
(19.7115 0.0616272 -1.55994e-16)
(31.2513 0.070451 -1.31101e-17)
(29.4082 0.894815 9.28566e-18)
(22.4349 3.39462 -3.867e-19)
(29.7166 -0.288011 3.6435e-18)
(27.2576 -0.84915 0)
(25.7593 3.40453 0)
(30.6731 0.247789 0)
(20.3471 0.125545 0)
(25.7414 3.37181 0)
(31.6671 0.0327545 0)
(19.4193 0.0292839 0)
(29.1662 1.18944 -1.40585e-18)
(26.201 1.47788 2.33729e-17)
(23.6438 0.938169 -2.10799e-17)
(25.706 1.61293 -1.6577e-17)
(28.1641 0.392724 0)
(22.5501 -4.97206 8.56074e-18)
(22.7342 -3.56179 6.62859e-18)
(28.5765 0.193171 4.34576e-17)
(27.938 1.5219 4.02454e-18)
(25.7256 0.399485 -4.33922e-18)
(27.0545 2.35954 7.09078e-19)
(21.9428 0.606602 -5.6952e-16)
(29.9059 -0.0567456 -4.01677e-18)
(24.397 -0.728389 -1.1226e-17)
(30.9008 4.54472 -5.85189e-18)
(27.6686 1.85378 1.07741e-18)
(26.0324 1.90808 -2.00235e-18)
(22.5033 0.454498 -7.54475e-19)
(25.4597 0.15812 -1.14265e-18)
(23.4773 0.0158348 1.33702e-17)
(25.7626 0.860935 2.33152e-18)
(28.2505 -0.571395 -2.78002e-17)
(19.7723 0.0625416 3.83097e-18)
(19.666 -0.00615961 0)
(25.2311 1.0055 0)
(29.9085 0.18926 -4.5098e-18)
(25.174 0.404496 1.07562e-18)
(27.1653 -0.109748 -6.62099e-18)
(28.2729 1.64748 0)
(26.9063 0.0589265 2.06037e-18)
(21.6291 -2.84725 -8.24742e-19)
(22.8512 0.0328245 1.9758e-17)
(27.4426 4.96368 -5.44012e-18)
(29.609 -0.0126559 -1.40862e-18)
(25.301 0.538728 0)
(21.7288 -0.0170145 -9.17074e-19)
(25.8149 2.84355 1.53927e-18)
(28.292 1.51919 1.41383e-18)
(30.2587 1.24722 -2.11196e-17)
(25.2306 1.59318 -2.49395e-17)
(23.7514 0.657835 0)
(26.5669 0.420937 0)
(24.9054 2.46083 5.88108e-19)
(26.861 0.414382 -8.35133e-18)
(23.6851 0.545592 7.54559e-17)
(28.7005 -4.391 4.49187e-18)
(25.5807 -1.13645 0)
(27.43 -1.84017 -2.04161e-17)
(22.0742 -3.01982 3.16979e-18)
(26.7905 1.9721 -3.43088e-18)
(24.5768 0.0479625 -7.31746e-18)
(25.1008 1.22935 -8.27755e-18)
(25.2443 5.00255 1.53532e-18)
(26.667 2.51884 6.00118e-19)
(27.2813 0.199576 -2.65371e-18)
(27.4636 1.83622 -3.12098e-20)
(25.3363 -0.25468 -3.43542e-18)
(26.7049 1.16077 0)
(21.5658 -2.99735 -4.69691e-18)
(31.251 -0.0208785 7.56061e-18)
(22.6424 0.571744 1.28375e-16)
(25.4056 0.6428 0)
(25.7291 0.217582 0)
(29.0803 1.10028 -1.60337e-18)
(21.0744 0.0211567 2.31581e-17)
(28.288 0.666251 0)
(31.9364 -2.64252 0)
(27.2403 0.234988 4.00764e-18)
(26.8384 0.966062 5.28521e-19)
(25.6643 3.13889 -6.4885e-18)
(30.2461 0.266765 3.67835e-18)
(25.7437 1.16569 0)
(28.0228 1.38745 -4.14977e-18)
(28.5693 1.04517 -2.73108e-18)
(19.4212 0.0470186 0)
(27.3265 1.78106 -2.09475e-18)
(30.7888 3.01694 1.82088e-17)
(25.6112 0.492869 5.3848e-18)
(30.0257 0.774896 0)
(25.41 0.265654 2.03127e-18)
(29.6471 2.69296 0)
(26.6805 1.15198 -3.4965e-17)
(25.1566 0.273469 4.02766e-18)
(25.0738 1.30249 0)
(25.0497 0.238932 -1.6338e-18)
(28.2948 -5.41638 7.57835e-19)
(25.7236 2.42286 -1.66326e-17)
(26.524 -2.1072 -1.45847e-18)
(16.8249 -1.1434 0)
(25.9702 1.57198 2.4573e-17)
(26.2399 0.654231 2.99442e-18)
(25.7291 0.226284 1.67159e-18)
(27.2812 1.54904 0)
(26.922 0.688449 0)
(31.3849 -0.00208945 0)
(25.599 2.31954 -1.77962e-17)
(25.3157 3.03451 8.17105e-18)
(27.2789 0.53352 0)
(25.749 0.704637 0)
(31.7198 -2.73398 5.97977e-20)
(21.9476 1.97643 -2.92178e-18)
(27.9041 1.07254 5.6878e-18)
(29.521 0.508712 -3.63735e-18)
(29.6916 0.0338863 -1.03846e-18)
(28.2997 -0.80899 -1.26186e-18)
(28.9422 -0.510806 0)
(28.814 -5.14113 -2.0194e-18)
(27.319 6.22383 2.45091e-18)
(29.2005 -0.0213074 0)
(25.2063 0.113152 -8.38316e-18)
(21.7976 2.82349 1.17419e-18)
(19.7072 0.021809 -2.32934e-19)
(29.4513 0.0537024 -2.78264e-17)
(21.0909 0.0283245 -2.52448e-17)
(27.3095 0.77201 -7.78816e-18)
(29.4063 0.356896 0)
(30.6037 -0.091747 -2.85925e-18)
(24.8565 0.745188 -5.4189e-18)
(26.6334 2.42108 -2.23252e-18)
(31.337 0.000765005 0)
(27.3771 1.85168 2.35593e-18)
(29.3046 -0.257472 0)
(27.8782 -1.61681 1.05652e-17)
(28.3909 1.54442 6.59138e-18)
(25.052 1.14441 1.92911e-17)
(25.4588 0.705684 -2.96208e-18)
(30.1845 -0.0471731 -2.11483e-18)
(27.3074 0.967923 -4.04269e-18)
(26.9521 -1.84485 -4.06467e-18)
(29.9414 2.10707 9.23129e-18)
(24.8775 1.20102 -5.88305e-17)
(27.1821 -0.0233226 0)
(27.8542 -1.06149 -6.85822e-18)
(26.1943 2.08707 0)
(30.3156 -0.00541717 0)
(26.1143 1.63779 2.57762e-17)
(31.1228 0.104274 1.34226e-16)
(30.0909 -1.09268 7.99864e-20)
(26.5368 1.33352 0)
(19.9847 0.102314 -2.13579e-16)
(24.7162 0.71469 0)
(27.4013 2.02924 -1.04901e-18)
(29.9856 0.0209069 0)
(29.6815 0.328369 6.85113e-18)
(24.6478 -0.118321 -7.63268e-18)
(27.9617 3.29127 6.10484e-18)
(25.4923 0.412903 -2.36187e-17)
(24.485 0.103524 -7.98126e-18)
(26.1179 -3.69905 -5.77208e-19)
(27.3202 1.13931 9.0236e-18)
(26.7419 0.329213 0)
(27.063 0.198857 -2.48393e-19)
(25.6312 2.95526 0)
(26.2667 1.72911 -8.87501e-17)
(30.334 -3.06515 3.83358e-18)
(26.8579 1.1367 7.45899e-17)
(31.8975 -1.81458 -4.38266e-18)
(26.8838 1.70354 3.07383e-18)
(25.3893 1.38194 3.31795e-17)
(26.4223 1.29004 3.26249e-18)
(19.6727 0.00733784 2.67642e-17)
(23.0891 0.581988 0)
(30.4365 0.251019 -9.03597e-19)
(25.1493 0.551512 7.58412e-18)
(20.7991 0.169762 0)
(24.9457 -5.86232 2.01808e-18)
(25.0335 2.42742 0)
(26.4276 1.33354 -1.30744e-17)
(25.7606 0.626162 0)
(29.0711 0.696878 5.01683e-16)
(27.3547 1.27366 7.19105e-18)
(26.4693 1.89489 -1.0372e-17)
(19.3244 0.0129627 0)
(31.7182 0.00455729 0)
(28.1477 1.59819 5.98781e-18)
(25.283 0.550921 -7.96262e-19)
(21.0901 -0.0271796 0)
(20.578 0.186774 1.82227e-16)
(26.1542 2.26934 -4.40917e-18)
(27.6282 1.72334 2.6479e-18)
(25.6982 0.534473 4.33271e-18)
(28.8544 1.48454 1.89507e-17)
(28.7988 1.37021 0)
(27.6803 -1.77867 0)
(27.7437 3.97 1.01423e-17)
(27.5439 0.0364601 0)
(24.8762 2.05654 -2.52401e-18)
(30.5136 1.8463 7.21494e-18)
(28.3376 -1.66025 0)
(24.2286 -5.38954 1.30468e-18)
(21.0002 0.0168646 2.65203e-17)
(22.8256 3.2581 -4.81681e-19)
(27.3323 1.38852 3.04017e-18)
(26.9663 1.48381 0)
(28.304 1.62492 3.37471e-18)
(25.946 -0.905589 -7.09188e-19)
(28.523 -1.14068 -1.267e-18)
(19.5407 -2.72507 -1.1524e-18)
(29.6271 0.101125 0)
(28.1965 1.59749 -8.22516e-18)
(20.3252 -2.81697 -1.3197e-17)
(19.992 0.0140509 -5.48129e-18)
(25.7988 3.41024 1.23339e-16)
(26.5542 0.661847 7.16266e-18)
(25.6847 3.27534 -9.37622e-19)
(30.2757 2.83003 5.87248e-18)
(27.9241 1.75301 0)
(27.2751 -2.46156 0)
(26.1795 0.928437 0)
(26.6469 1.30086 -7.64843e-18)
(29.3424 2.84675 -7.98946e-19)
(29.1657 -0.109989 -1.84807e-18)
(28.5302 -0.104136 -1.15295e-17)
(28.0178 -1.7353 -1.75233e-18)
(27.5819 0.339215 0)
(27.4351 -3.83079 -2.35089e-18)
(27.3383 1.50899 -8.91676e-18)
(25.2541 0.520778 6.91077e-19)
(24.2523 2.69925 -7.30255e-19)
(23.3234 5.91856 8.3789e-18)
(24.9248 1.01908 -2.7927e-17)
(29.2643 0.18457 0)
(26.362 -3.18392 -2.33452e-18)
(25.7554 3.25342 2.92591e-18)
(26.5185 0.280356 0)
(26.2586 1.6628 8.25851e-18)
(21.0318 -2.2097 2.26917e-18)
(22.0246 0.713034 0)
(25.4649 2.34558 3.75627e-18)
(22.8978 0.824319 -4.81087e-18)
(21.0603 -0.0161148 0)
(25.2615 0.952114 -1.35663e-17)
(26.6718 1.3505 -8.54104e-17)
(27.207 -0.560751 0)
(25.1837 3.24999 3.46502e-18)
(23.2727 -3.17326 0)
(27.2214 0.68276 0)
(24.4606 1.43488 0)
(27.7366 -1.90511 0)
(26.2548 6.30015 -7.69887e-19)
(25.98 1.24591 -2.16866e-18)
(26.7432 1.62572 2.68505e-16)
(24.3449 -3.27259 6.32577e-19)
(27.2173 -2.02171 -3.23081e-18)
(31.4529 0.0793412 0)
(25.336 1.67764 1.23357e-17)
(26.5912 1.77443 -3.1383e-18)
(26.6201 1.89572 0)
(23.3056 -2.10461 -8.70831e-18)
(30.4022 0.269388 -2.75486e-18)
(29.5128 0.976015 -9.5377e-20)
(25.2318 1.00427 0)
(26.1914 1.27106 -3.2165e-18)
(26.3689 -0.179812 4.01724e-18)
(29.1095 0.878776 8.88742e-18)
(23.0142 3.52418 2.07368e-19)
(27.8896 1.87179 2.38682e-18)
(19.2366 2.53697 -2.09618e-18)
(29.8807 0.768979 -2.07755e-18)
(25.5369 -1.95675 0)
(26.8632 0.214074 -1.12247e-17)
(27.855 -0.959339 4.0343e-18)
(30.0291 0.159558 -1.32744e-17)
(27.2789 1.61258 1.60197e-18)
(25.7397 2.09121 0)
(22.6666 -1.24775 -1.06904e-17)
(27.6414 3.10201 0)
(24.4906 3.27686 0)
(25.8512 2.22309 5.1669e-17)
(24.6502 0.378953 8.08771e-18)
(19.3824 0.0274739 0)
(25.4493 0.690126 -4.72168e-19)
(30.0213 0.432592 0)
(26.8917 1.64794 9.69797e-19)
(25.3692 0.705115 -1.24496e-18)
(28.5667 -0.562147 -5.10185e-18)
(27.1105 1.67682 -2.43901e-18)
(27.8726 -1.45221 -4.84962e-18)
(25.9763 2.06415 7.10211e-17)
(24.537 2.85852 1.16529e-19)
(31.589 0.0067455 0)
(26.2901 3.10884 3.26505e-18)
(25.7306 0.370521 2.87991e-19)
(28.0357 -1.49822 1.67377e-17)
(25.6553 -3.57418 1.53238e-18)
(23.9426 3.37272 2.00401e-18)
(25.2996 0.756929 0)
(19.3229 -0.00522788 0)
(25.896 2.84871 1.41981e-18)
(26.8052 1.86101 -1.52694e-18)
(27.3601 2.16204 0)
(21.828 0.0400214 4.9617e-17)
(23.2646 1.67611 2.31239e-17)
(24.4424 -3.34211 -5.855e-19)
(26.1884 1.76714 2.34865e-18)
(20.7726 3.0837 0)
(24.7609 -1.10474 0)
(29.2679 0.176891 -2.64691e-17)
(28.5761 -1.46279 0)
(27.087 6.25232 -3.75774e-18)
(27.8051 0.880697 0)
(30.1943 0.0307624 -7.71899e-18)
(19.6874 -0.0017422 2.40521e-17)
(27.2931 2.22289 2.88188e-18)
(24.6419 1.32787 -2.15185e-17)
(28.7439 0.13727 5.67573e-18)
(23.0244 2.61856 0)
(25.8249 1.26677 6.15238e-20)
(28.8981 -0.144206 1.93018e-17)
(24.1131 0.0508929 -7.55702e-19)
(28.428 1.33337 0)
(25.1207 2.26278 0)
(22.0199 0.132607 1.5467e-17)
(27.5048 6.3907 -1.59311e-18)
(19.3063 0.000407345 -2.63266e-17)
(19.6684 0.00283923 2.34379e-17)
(28.3999 1.39025 -1.48759e-18)
(26.2781 -4.28836 0)
(22.9462 0.883376 4.33581e-16)
(28.3213 1.43855 1.80336e-18)
(27.7378 1.71806 0)
(24.1732 -5.54183 -5.19676e-18)
(25.3547 0.536191 2.30031e-18)
(26.081 2.24839 4.55527e-17)
(26.2797 0.894669 5.05838e-18)
(28.8115 0.0549555 1.30695e-17)
(25.5842 0.858241 3.71692e-19)
(21.0297 -3.46249 0)
(26.3872 2.66744 4.36808e-18)
(27.2974 1.96762 -1.69169e-18)
(21.4391 -2.40015 0)
(26.4981 -0.0829205 5.72752e-18)
(26.8397 4.6988 2.92844e-19)
(26.389 2.60503 -8.13229e-19)
(22.4831 0.981672 -1.29424e-17)
(20.5183 -1.14534 -2.15455e-17)
(26.1596 2.69586 -1.54271e-18)
(26.5715 2.61263 2.71254e-18)
(25.5793 0.493984 -9.37638e-21)
(26.5656 1.12479 -4.08854e-18)
(26.1985 -0.129246 -7.58146e-18)
(25.7315 3.26206 -5.74677e-16)
(25.7869 3.21336 0)
(25.7822 1.15824 -6.04615e-19)
(29.2347 -1.98991 5.72139e-18)
(23.3618 3.5833 -4.26397e-19)
(21.7284 0.0337962 -2.2833e-17)
(24.811 3.00423 -2.48323e-19)
(26.6976 1.61785 4.19954e-19)
(25.7039 2.45054 -3.06509e-18)
(25.5872 1.60869 8.75623e-18)
(24.0736 3.66011 3.74132e-20)
(25.3335 0.381387 0)
(31.8959 -2.01225 -4.74066e-18)
(26.114 1.53134 0)
(26.624 2.36451 0)
(28.6555 1.45525 0)
(29.9023 0.601928 0)
(23.5058 2.43851 2.14085e-18)
(27.1776 2.14993 1.6282e-18)
(26.9191 0.281754 -5.29748e-18)
(26.4008 -0.79199 -5.51923e-19)
(28.1112 1.6739 0)
(27.8573 0.0650635 -1.68743e-17)
(28.8188 1.31688 -5.09731e-18)
(28.0634 0.151698 1.83668e-18)
(26.1488 0.0606952 2.97027e-18)
(25.1524 3.02969 2.37437e-18)
(15.6797 -2.45638 -2.73619e-18)
(26.9601 1.80296 3.58986e-18)
(25.247 0.0763516 -9.47712e-18)
(25.9033 1.95188 0)
(31.7404 -0.0245207 -8.99531e-18)
(25.5586 1.48183 1.09946e-18)
(22.1481 0.459444 0)
(24.5949 0.725602 1.04739e-17)
(25.4469 1.34669 9.35267e-18)
(25.906 -0.568578 5.04494e-19)
(26.2895 -2.22047 -5.20351e-18)
(21.1824 0.327027 1.77537e-19)
(26.1814 0.0503028 0)
(29.0086 1.14555 1.49814e-18)
(22.4955 0.308129 -3.31061e-17)
(30.8939 5.09767 0)
(28.2315 -1.11403 2.69824e-18)
(20.3286 2.75727 4.15616e-18)
(25.2272 0.649673 3.3329e-19)
(26.0584 -3.20819 3.00704e-18)
(24.6037 0.0820167 -1.44926e-17)
(24.3143 0.638499 0)
(16.8054 -2.00698 9.41334e-18)
(27.6331 1.57625 6.00553e-19)
(26.6507 1.71835 1.0456e-17)
(25.6891 0.356745 -4.65096e-18)
(28.7361 -1.802 3.32505e-18)
(28.0595 1.43136 3.98238e-18)
(25.6642 0.808241 0)
(19.322 -6.03384e-05 -4.85749e-17)
(31.1403 -1.51334 -5.75246e-20)
(26.5088 2.04723 -7.70528e-18)
(25.779 3.35583 -2.0486e-16)
(21.0889 -0.00611505 -6.91692e-18)
(22.5798 -0.215006 5.8741e-18)
(28.2043 -1.74269 0)
(24.3209 0.813226 0)
(26.7849 -0.56005 -4.8531e-18)
(29.2876 0.766561 -3.3323e-18)
(31.2418 3.47014 -7.77809e-18)
(25.0429 3.1508 -1.46993e-18)
(28.6465 -0.836892 2.70203e-18)
(23.298 -4.12166 0)
(21.8998 2.9035 -1.15531e-18)
(25.906 2.06393 0)
(30.3324 -0.444305 6.57244e-18)
(25.6978 1.55809 -1.82594e-17)
(31.4918 0.000187746 0)
(19.6347 -0.0189775 0)
(19.2983 0.00190469 0)
(25.9423 -0.0161032 0)
(19.3521 -0.0108726 0)
(19.3502 -0.0116748 0)
(28.0582 0.0453432 -2.90363e-19)
(31.6416 -0.0146647 0)
(31.3596 -0.00456501 1.20811e-17)
(31.6488 0.00122354 -4.46053e-18)
(31.5815 -0.0102077 -3.38073e-18)
(31.3428 -0.0207561 -3.79016e-18)
(21.9294 0.00294769 0)
(23.7398 0.085181 -7.81554e-19)
(24.9026 -0.00166886 0)
(22.9477 0.0557305 -6.68794e-19)
(24.3685 0.0450404 1.24591e-18)
(27.2355 -1.87151 0)
(29.0509 -0.621926 5.1476e-18)
(26.132 0.656166 -9.04678e-18)
(21.2368 0.038527 0)
(26.3837 0.0064598 8.37827e-18)
(21.7073 0.262196 1.21239e-16)
(29.4096 0.769798 -3.71549e-18)
(25.7545 3.48897 0)
(26.5781 0.0443222 0)
(27.6067 0.0768955 3.98062e-18)
(26.2407 1.49211 0)
(25.2716 0.367149 1.57884e-17)
(27.0055 1.40815 -1.14922e-16)
(29.7672 0.432553 -4.68739e-16)
(25.5731 0.361653 -1.14897e-18)
(29.027 -0.943796 5.32477e-18)
(25.8981 2.42261 0)
(26.3604 1.44804 -9.3335e-18)
(25.2582 1.2446 1.15598e-18)
(24.98 -0.632397 0)
(29.3254 0.974257 -1.78376e-18)
(29.2693 -0.369616 3.86724e-18)
(15.7015 -1.56706 -3.21711e-18)
(25.332 0.0847469 9.49467e-18)
(28.4082 0.0229515 0)
(29.8191 0.00633319 9.20431e-18)
(27.8613 0.00799484 0)
(29.4458 0.579663 3.6367e-18)
(28.2945 1.59894 -3.36018e-18)
(24.8878 0.0719793 2.66432e-17)
(24.1868 0.024091 0)
(27.0148 -0.253274 6.6038e-18)
(25.7235 3.4561 0)
(25.2209 0.729274 0)
(25.3216 0.0412103 0)
(25.6631 0.714856 3.78544e-18)
(26.9877 -0.00128678 -1.78789e-20)
(25.3633 0.613819 -3.39463e-19)
(22.345 0.045524 -8.87905e-18)
(23.0569 3.46623 8.33156e-19)
(25.4329 0.545817 2.46459e-18)
(11.7194 -2.02978 -3.67231e-18)
(27.2347 -0.00679291 1.37385e-18)
(26.0553 6.66727 -1.12332e-18)
(25.3355 0.659955 -4.43129e-18)
(27.5083 0.567909 0)
(30.5848 2.22475 -4.07435e-18)
(19.8069 0.0408772 -5.9677e-17)
(29.6248 -0.172796 -3.60478e-18)
(26.5699 0.0276794 -3.06753e-18)
(26.4622 1.36245 0)
(27.208 0.0756343 1.51749e-18)
(28.1212 0.0638733 2.1596e-18)
(21.2068 0.364147 0)
(23.4977 0.00697221 0)
(26.7709 0.00994657 3.26518e-18)
(25.4115 0.495631 -2.31387e-18)
(24.8515 0.0502466 -9.76133e-18)
(26.4538 1.57249 1.1276e-17)
(24.3759 0.0239086 0)
(24.5524 0.0264936 7.15444e-19)
(28.203 0.0619962 0)
(31.5225 -3.01951 0)
(22.0528 1.67692 2.8679e-18)
(25.296 1.23104 -1.81478e-17)
(25.0945 0.0439925 1.71035e-18)
(28.6629 0.0303122 0)
(29.7612 0.0665746 3.94276e-18)
(25.1475 5.4896 -2.01156e-18)
(26.1053 1.9583 9.40664e-17)
(25.5801 0.0420441 -1.57394e-18)
(27.5542 0.168966 0)
(25.209 0.0421626 -2.4444e-18)
(25.1085 0.0486778 -6.02735e-18)
(26.986 0.0107821 -3.23277e-18)
(26.4183 0.173798 2.94073e-18)
(27.4248 0.0664219 -3.97783e-18)
(24.9263 5.49605 9.52171e-20)
(26.2076 1.3481 -4.10486e-20)
(29.791 0.320532 8.66332e-18)
(26.395 0.0361655 4.26071e-19)
(25.3551 3.22984 1.3498e-18)
(26.067 0.765806 -2.30187e-18)
(27.4358 1.53051 0)
(25.7903 0.0361776 1.41535e-18)
(26.787 0.0305785 -4.1993e-19)
(22.823 2.79366 2.3933e-18)
(26.325 1.41326 2.84103e-17)
(29.7783 0.302305 0)
(28.749 1.05918 -3.57332e-17)
(25.5048 0.0404403 1.89972e-18)
(25.7364 3.03862 0)
(25.9982 0.0342237 0)
(28.137 -0.380139 -2.72781e-17)
(25.7836 1.85874 -3.26959e-17)
(26.5117 -0.0876382 1.519e-18)
(28.0409 0.0325963 0)
(24.4265 0.0269897 -2.66794e-18)
(25.8806 0.049458 -4.02766e-18)
(25.4607 0.664977 0)
(26.4118 2.67517 0)
(26.0749 0.000301422 -6.37905e-18)
(27.1033 0.07501 1.60228e-18)
(31.312 0.00582629 4.07328e-18)
(27.3743 0.71465 5.00831e-17)
(22.4747 3.23576 -2.19913e-18)
(27.6243 0.0406141 3.00777e-18)
(25.7073 0.0527012 0)
(27.8145 0.0487965 0)
(25.5849 0.0301814 7.94407e-19)
(24.1891 0.0547114 -1.57991e-17)
(25.176 0.206334 0)
(25.4187 0.0699011 9.31341e-18)
(26.2028 -1.80851 -1.29611e-18)
(25.8193 0.996449 4.58413e-18)
(28.4102 0.0363207 0)
(16.6457 -0.949163 -5.19365e-18)
(26.3067 1.39736 -2.21573e-19)
(22.4053 3.44814 1.14295e-18)
(27.4172 1.81351 -4.07057e-18)
(27.6893 1.00561 2.51312e-17)
(25.9737 6.25691 0)
(26.0084 -3.08424 3.4627e-19)
(25.4748 0.73421 8.16077e-19)
(24.221 -3.42061 1.84746e-19)
(31.7848 -0.00148188 0)
(26.4046 0.0528167 4.41605e-18)
(25.7822 0.0691565 0)
(26.2967 0.74113 -9.09719e-19)
(24.2099 -2.65951 0)
(25.729 0.0248031 0)
(23.0301 2.18611 0)
(26.9541 0.284077 1.27535e-17)
(19.6931 -0.0228534 0)
(19.7072 -0.0156744 0)
(28.5121 -1.61735 0)
(25.1865 2.43475 1.04517e-18)
(26.3382 0.606593 -2.98168e-18)
(26.8734 0.273613 -2.05616e-17)
(25.6841 0.0928281 -5.03974e-18)
(24.7306 0.0594084 -6.12631e-19)
(25.5887 1.47586 9.80832e-18)
(25.5275 0.137139 2.90174e-18)
(25.4309 0.0444694 7.15194e-18)
(27.0069 1.43133 0)
(25.6528 0.0359483 7.30687e-19)
(25.2556 1.31322 9.91499e-18)
(25.5036 0.0501467 -7.15987e-18)
(19.2347 0.00464188 0)
(29.5377 -0.0164778 0)
(27.4047 0.148774 -7.30075e-18)
(23.3572 0.155118 -6.50075e-18)
(31.3498 0.0324598 0)
(26.1168 0.0200601 3.06981e-19)
(23.2014 0.0904539 -1.02259e-17)
(26.8578 2.2248 3.19658e-18)
(28.3259 0.0719643 -1.82419e-18)
(26.4558 1.35062 2.17007e-17)
(29.5848 0.105949 9.74549e-18)
(26.6955 0.302869 0)
(25.8754 0.0249658 4.24976e-19)
(25.3438 0.0626498 -9.3011e-18)
(27.7165 1.9041 -2.68245e-18)
(27.149 0.382095 -3.96694e-18)
(26.2796 0.121456 0)
(24.6356 0.625159 -5.20143e-19)
(25.9738 0.0104609 -2.50269e-18)
(29.9273 4.19539 0)
(26.2294 2.22677 -1.89595e-20)
(25.409 0.212835 5.78174e-18)
(28.123 2.43559 -9.97263e-20)
(26.3408 2.56555 0)
(26.5772 0.257359 0)
(24.8462 1.27999 1.34702e-16)
(30.6231 1.35489 0)
(25.0043 0.0559193 -1.8242e-18)
(26.0807 -0.441252 0)
(25.5531 0.471031 -4.99738e-18)
(23.5467 0.259695 -2.55137e-17)
(25.6245 0.0755417 0)
(28.9136 -3.05867 4.37503e-18)
(21.8476 -4.057 0)
(28.7034 -1.31584 -4.12992e-18)
(26.6443 0.31627 6.53681e-18)
(23.9452 0.0426492 2.91257e-17)
(25.2415 0.562975 -1.91448e-18)
(25.6139 0.115644 1.11853e-18)
(27.6885 0.963378 -3.84265e-17)
(25.8427 2.40782 -9.27227e-17)
(27.9441 0.0613086 0)
(27.1629 0.648287 7.57375e-18)
(25.65 1.07273 0)
(25.7368 -0.176991 -1.77075e-18)
(27.2436 1.34388 0)
(24.3035 0.0370229 -2.20418e-17)
(25.8622 -2.5274 5.08703e-18)
(25.5016 0.239922 -2.74175e-18)
(28.3223 3.34778 0)
(25.0922 -5.73006 0)
(27.1551 0.871719 1.76885e-18)
(26.5057 -1.5157 1.35281e-17)
(24.9665 0.0453916 8.64047e-18)
(25.582 5.30833 1.27023e-18)
(26.0858 0.0708978 -4.11034e-18)
(28.7787 -0.139513 -4.45445e-18)
(25.1481 0.967482 3.35095e-19)
(24.1703 0.438957 -1.44955e-17)
(26.2968 0.0150674 -3.76437e-18)
(27.4425 0.00995655 -5.46778e-18)
(27.1135 1.04606 4.31196e-18)
(27.4368 -1.96579 0)
(25.7111 0.65571 0)
(25.694 0.0126693 0)
(25.6363 0.854391 -7.88412e-19)
(26.5124 -2.97804 0)
(26.2189 0.0776946 -3.66269e-18)
(24.9278 3.38495 -1.66445e-19)
(27.7209 -0.719441 6.88632e-18)
(25.2858 2.43414 -4.21325e-19)
(30.3591 2.52301 0)
(27.7076 0.0562723 -1.74548e-18)
(26.2543 0.00754478 2.44952e-18)
(28.6389 0.0473648 0)
(27.155 1.20274 -1.39127e-17)
(27.8055 1.50935 2.48358e-17)
(25.9775 1.28565 0)
(30.0011 0.114736 -1.33358e-17)
(25.9515 -2.76078 0)
(28.4775 0.0509825 0)
(25.6738 0.579641 -2.74691e-18)
(30.406 -1.95904 0)
(24.8684 -5.09518 -3.14091e-18)
(29.5277 0.0107919 0)
(25.4057 0.677559 1.70678e-18)
(31.6466 0.0249717 1.18545e-18)
(30.8051 -1.38293 1.68311e-18)
(27.4128 -1.93417 -4.06976e-18)
(24.1719 0.306183 1.6141e-17)
(25.8665 -2.11819 4.27854e-19)
(25.6721 0.0127045 0)
(30.8345 1.66452 -4.34234e-19)
(26.8376 -0.506028 1.03879e-17)
(27.6656 0.151698 1.18972e-17)
(26.3035 1.18439 -1.15024e-18)
(25.5683 0.156807 -4.97177e-18)
(27.1369 1.32633 -2.54417e-18)
(22.5797 1.58608 1.03893e-17)
(30.2371 2.40973 -1.72199e-17)
(25.828 0.0788105 4.26428e-18)
(25.759 2.66929 0)
(26.2716 -1.78214 -1.28132e-18)
(31.8003 -0.000807692 0)
(25.7143 3.17993 0)
(24.0605 0.0301297 9.73814e-18)
(24.6518 0.119157 3.69495e-17)
(24.2431 0.219784 -1.22026e-17)
(28.4964 0.550759 2.92659e-17)
(25.4794 1.81585 0)
(26.4183 1.05094 -5.3515e-19)
(25.9732 2.80327 0)
(30.2651 4.05265 7.41409e-18)
(27.5815 0.115495 -1.2161e-17)
(28.7041 0.207569 2.97227e-17)
(27.1352 1.41868 5.8299e-18)
(29.647 0.927269 -5.40451e-18)
(25.276 0.408775 5.51867e-18)
(27.8997 -2.01322 0)
(25.3409 -2.28607 0)
(28.2412 0.0529025 4.6643e-18)
(25.2328 0.333191 -4.91012e-18)
(27.1848 0.971209 1.15348e-17)
(26.6127 1.71833 -5.88006e-19)
(22.9717 0.0090292 8.54146e-19)
(25.5897 -0.0309799 -2.92245e-19)
(26.7811 0.687318 0)
(22.3747 2.56044 1.12645e-18)
(24.2436 3.3827 4.58956e-19)
(25.9694 0.100477 -3.97874e-19)
(27.2081 0.398231 0)
(28.6952 0.306654 1.01491e-16)
(28.5745 1.42851 5.61061e-18)
(25.3728 -2.87463 0)
(19.3593 -0.0123175 0)
(25.8263 1.08892 0)
(24.6683 0.0428101 0)
(24.5924 0.487162 6.26098e-18)
(24.5005 0.33761 -7.69887e-18)
(27.6074 -1.24933 0)
(19.5597 -0.00622031 0)
(28.6802 -0.00782606 2.16727e-18)
(24.4711 0.148733 -1.98083e-17)
(27.1215 0.466925 9.21518e-18)
(27.0157 2.02782 0)
(26.2791 0.239922 -3.41744e-18)
(24.3098 0.376958 -8.14187e-18)
(29.3153 0.0778503 1.1449e-18)
(26.5447 0.864248 -2.53622e-18)
(28.4022 -2.21871 0)
(27.0405 -2.15902 -5.69267e-19)
(25.7183 0.101919 1.18109e-18)
(28.0599 -0.979732 1.27352e-18)
(16.1587 -1.29012 0)
(25.7359 0.188254 -4.78385e-19)
(25.5585 0.204257 7.33958e-18)
(26.7038 2.26893 1.93478e-18)
(30.3027 0.00747674 -2.08192e-17)
(26.5901 6.30633 0)
(24.7471 0.0287494 0)
(31.4031 -0.00437867 1.25962e-17)
(27.489 -3.47727 4.78169e-18)
(26.701 0.287182 0)
(24.3044 0.178985 2.16157e-17)
(31.3301 -1.3006 0)
(28.238 1.65878 9.08508e-18)
(25.7711 2.93174 0)
(26.4814 -1.90436 0)
(25.5761 0.0961605 2.86436e-18)
(21.8764 0.597989 1.41553e-17)
(26.3897 1.50743 -3.1283e-18)
(25.972 -2.80971 0)
(25.7645 3.19081 0)
(24.861 1.54158 3.00813e-17)
(25.722 1.58001 5.8255e-18)
(25.6596 2.01927 2.57008e-18)
(25.5948 0.216463 3.59059e-19)
(25.6078 0.527557 -1.8572e-18)
(19.8023 0.00863701 -2.88612e-17)
(24.6877 3.37895 7.00704e-19)
(27.6212 0.0808608 7.70436e-19)
(23.9543 0.266208 -3.00268e-17)
(25.5128 1.4601 0)
(28.7486 0.475747 6.98641e-17)
(25.4532 0.221471 -2.96082e-18)
(27.1469 1.517 2.76256e-18)
(20.7723 2.34028 2.30784e-18)
(25.2374 0.759471 4.28292e-18)
(25.2184 1.13453 7.31815e-18)
(25.8747 2.32248 -7.31799e-17)
(26.5922 0.749711 -5.67807e-18)
(27.4651 6.31189 0)
(22.6731 -0.0201877 -2.12948e-17)
(26.0091 -2.20425 1.38626e-17)
(26.1253 1.28953 0)
(25.8323 0.123097 1.98885e-19)
(27.3534 -2.48514 -8.46406e-18)
(27.853 0.160738 5.31679e-18)
(25.464 0.336234 0)
(26.405 0.120581 1.11698e-18)
(28.4922 0.10234 -1.27816e-18)
(24.3453 0.124592 -1.57753e-17)
(25.2199 4.65854 -1.44184e-18)
(31.0268 -1.62994 -4.35802e-18)
(29.8508 0.287244 0)
(25.7933 0.020569 0)
(22.9606 0.71153 0)
(20.7373 -2.91205 1.00795e-17)
(25.2844 1.84577 0)
(27.8121 0.378273 0)
(22.2269 0.880265 4.90041e-18)
(23.9347 -1.42925 4.04629e-18)
(21.0183 -0.00539823 2.0645e-17)
(28.9997 0.0451288 0)
(27.0059 0.254573 1.11654e-17)
(25.2909 0.696333 -2.49137e-18)
(23.1091 0.223064 0)
(27.8658 -1.31207 -1.91509e-17)
(25.0068 -1.2247 5.61407e-18)
(21.7365 2.16497 -1.15207e-17)
(24.7458 -0.296559 -7.58614e-18)
(27.7482 1.71849 1.71573e-18)
(24.7162 1.06698 1.72891e-17)
(26.6828 -2.41508 0)
(26.4593 0.219388 0)
(26.8251 1.57036 -9.00476e-21)
(26.9577 1.62392 -9.51717e-19)
(27.0939 1.58557 5.32609e-19)
(25.7044 0.00120903 0)
(25.3433 0.0323606 0)
(27.8436 1.91186 0)
(25.0963 0.813874 2.96451e-18)
(27.597 0.423872 0)
(24.6468 3.51063 0)
(24.1361 0.13874 1.23819e-17)
(28.482 1.50326 0)
(25.7049 -0.420481 -4.86805e-19)
(26.1051 1.36135 1.79096e-19)
(25.6269 0.142121 2.13747e-18)
(23.8587 -2.15181 8.77768e-18)
(24.8061 0.181877 9.21602e-19)
(25.6491 1.90392 2.65891e-19)
(25.264 0.858709 2.12048e-20)
(25.1381 0.648796 -3.78224e-18)
(25.1355 1.87732 1.69656e-17)
(28.343 0.966972 -2.09061e-18)
(25.3272 0.692803 0)
(25.6315 2.88275 0)
(24.6396 1.23541 0)
(25.822 2.98066 0)
(26.7703 1.11801 0)
(25.362 6.34401 0)
(29.3977 0.250231 -1.23436e-17)
(27.2984 1.11618 1.96535e-17)
(27.4355 -2.10203 3.84995e-18)
(23.6073 -5.2581 -2.55233e-18)
(26.5648 2.44933 5.97902e-19)
(22.6228 2.38883 0)
(25.8948 0.200052 -1.63128e-18)
(22.5529 3.23099 2.00589e-18)
(25.1753 0.814998 -2.60007e-19)
(24.5908 0.244391 0)
(28.399 1.26984 2.36589e-18)
(25.6593 2.2684 0)
(27.0182 0.0531032 2.68793e-18)
(27.0019 1.18544 -1.09456e-16)
(26.3462 0.95572 -8.46939e-18)
(24.6819 0.275738 0)
(25.7126 0.168798 0)
(19.6587 0.0394401 0)
(31.3956 0.0128397 0)
(31.7101 -0.0230082 0)
(19.2644 -0.0353058 0)
(25.4132 0.672679 0)
(26.5618 1.23388 -1.85419e-17)
(21.4968 0.00667721 8.51888e-19)
(30.1565 0.0262423 4.01332e-18)
(31.2752 -0.950402 4.95173e-19)
(28.1276 0.507774 4.40566e-17)
(29.259 1.09016 2.42212e-18)
(27.122 2.3133 0)
(26.4847 -2.05805 5.65529e-18)
(25.4666 1.59297 -8.26896e-18)
(25.6535 0.0224661 0)
(27.4357 0.655117 -3.78597e-17)
(26.1789 1.61479 -9.71421e-18)
(24.0569 0.17878 -7.48486e-18)
(26.8052 0.00835103 6.53859e-18)
(28.4613 0.112662 0)
(25.6311 1.5763 9.70071e-18)
(27.1311 0.438822 1.89865e-17)
(28.766 1.29811 2.5768e-18)
(24.4753 1.14205 -7.89692e-17)
(25.5374 2.125 0)
(24.2767 0.0431489 0)
(26.7944 1.01871 -3.02695e-18)
(31.4283 0.0297811 4.64052e-18)
(26.1363 2.32368 -5.64815e-16)
(27.3862 0.217059 0)
(25.3894 0.45737 3.87783e-18)
(26.0799 2.79484 0)
(25.9906 1.96716 -1.74743e-17)
(25.6149 2.11805 0)
(26.2244 -0.707219 -2.97593e-18)
(22.341 4.73901 0)
(25.5842 0.181398 0)
(25.5506 0.335801 1.07505e-17)
(27.4487 0.376682 0)
(25.8372 2.73069 0)
(27.5006 -0.00712764 -4.62621e-19)
(28.0677 0.296907 -2.8055e-17)
(25.8753 1.09946 -3.29584e-18)
(25.531 0.756319 -6.94673e-19)
(26.6532 5.13193 -3.06018e-19)
(20.0629 2.58838 2.05918e-18)
(27.722 0.194356 -5.31019e-18)
(27.5077 0.715835 -5.39739e-17)
(24.3585 0.433726 6.55144e-18)
(22.3028 -0.143718 -1.93927e-17)
(25.0245 2.63068 0)
(25.968 4.58244 -4.72593e-18)
(25.3317 0.780509 -2.83897e-18)
(25.6362 0.95222 -6.73452e-19)
(15.4208 1.53062 0)
(25.7112 0.857288 0)
(25.3735 1.79617 5.78536e-17)
(23.4505 -0.177207 2.13658e-17)
(15.624 1.37577 7.95468e-18)
(24.0855 -3.19757 5.40465e-19)
(25.9771 0.789606 0)
(25.6556 1.09685 0)
(31.4358 0.00874155 0)
(14.8059 1.46694 -3.29796e-18)
(14.9883 -1.46075 -9.65596e-18)
(24.5043 1.60016 1.40772e-16)
(29.8607 0.809381 3.68867e-18)
(27.3452 -1.74717 1.35854e-17)
(24.9945 0.186597 1.01005e-18)
(31.3767 -1.05828 -7.87263e-18)
(14.3935 2.0642 -2.27716e-18)
(15.6149 2.02717 6.33066e-19)
(29.9342 1.75205 0)
(16.9697 -4.2289 0)
(24.6979 1.8489 0)
(31.9068 -2.863 0)
(17.2389 -0.929642 0)
(17.9269 0.872755 3.32328e-18)
(25.9762 -5.22996 -1.88706e-18)
(15.3301 1.76747 -7.5494e-19)
(27.3258 1.78615 3.15245e-18)
(29.0125 0.00880027 9.86484e-18)
(29.421 5.32688 0)
(27.2036 0.925085 -3.02789e-17)
(15.0051 1.96985 -7.5149e-19)
(14.6548 1.9411 0)
(23.4542 0.427736 -3.27675e-17)
(11.7678 1.7987 0)
(27.3049 0.2361 1.37352e-17)
(17.2572 0.813212 3.69393e-18)
(24.7777 0.219984 -2.66011e-18)
(26.9111 -3.7678 6.95145e-19)
(13.7274 2.09074 0)
(15.9181 1.12949 -3.91472e-18)
(25.6347 0.198859 -9.17807e-20)
(12.2467 1.86907 -1.79282e-18)
(22.3941 -2.82014 7.16135e-19)
(25.4158 0.601433 0)
(26.7039 -1.99237 0)
(27.1782 3.22779 0)
(15.7511 1.22737 0)
(16.4786 1.11939 4.34813e-19)
(25.4358 0.0370222 0)
(21.5943 -2.55929 4.56535e-18)
(28.9861 1.32542 3.14056e-18)
(16.2086 1.21375 0)
(23.9124 -0.530249 -2.78526e-19)
(24.0379 3.36312 2.80678e-18)
(25.4909 0.551078 0)
(29.1334 0.980568 1.43897e-18)
(28.9845 5.08577 5.76053e-18)
(16.5947 1.18846 2.38218e-18)
(25.9153 1.61439 -3.95538e-17)
(27.3181 -1.31782 0)
(16.5536 0.953641 -3.12644e-18)
(19.7324 -0.164106 -4.37427e-18)
(16.6428 1.08983 7.41259e-18)
(15.6792 1.27036 3.40358e-18)
(15.1386 1.32947 -3.77693e-18)
(14.8424 2.30712 0)
(15.9047 1.33645 0)
(15.1642 1.80922 2.28206e-18)
(16.9287 1.14933 3.95554e-19)
(19.7995 -0.288589 4.48446e-18)
(25.9622 2.90095 0)
(17.7991 0.624144 0)
(15.3775 1.6625 3.58882e-18)
(17.9496 0.137521 0)
(14.4739 2.24931 5.19268e-19)
(15.9141 1.14706 3.04192e-18)
(19.769 0.188392 -1.16615e-19)
(25.4158 0.66088 0)
(17.3407 0.676044 -5.23476e-19)
(27.3643 1.74783 -4.89393e-19)
(16.916 1.08666 0)
(25.7515 3.69931 7.52591e-19)
(24.7067 1.09966 1.17247e-17)
(15.9127 1.29092 0)
(19.9798 -0.427196 4.55247e-18)
(14.544 2.24155 -1.40054e-18)
(15.6159 1.97375 2.28627e-18)
(25.1487 0.613464 5.59617e-18)
(19.1787 0.437104 0)
(13.3638 2.25078 -4.97729e-19)
(23.5769 -3.86772 -4.32962e-18)
(29.7914 1.17682 -3.37301e-18)
(13.2415 2.24835 -6.8652e-20)
(19.4916 0.0627941 6.93383e-20)
(18.1299 0.571627 3.88767e-18)
(16.2491 0.97131 0)
(26.1163 0.159647 3.97439e-19)
(24.5189 3.42151 -1.37262e-18)
(24.5487 1.5994 0)
(16.5671 0.852993 0)
(30.7291 3.62437 0)
(27.6525 -1.01447 0)
(24.3454 -1.92835 -9.83346e-19)
(22.59 1.31199 6.93242e-18)
(27.1443 0.310915 -1.37068e-17)
(17.1552 0.757388 3.92982e-18)
(25.8359 -4.89891 1.81061e-18)
(23.4674 0.140202 2.41818e-17)
(28.239 -0.945544 0)
(13.5473 2.15253 -1.11919e-18)
(18.4688 0.0183943 -5.10175e-18)
(13.4257 2.19572 2.04113e-18)
(25.5938 0.206865 -1.2558e-19)
(28.747 -0.599499 -2.24794e-17)
(13.2118 2.27464 0)
(29.7929 0.572718 0)
(23.8535 0.0587597 2.65754e-18)
(20.1001 -0.548162 -4.37733e-18)
(25.5862 0.23445 -1.65008e-18)
(26.0017 5.08173 7.45502e-19)
(24.2243 0.560376 3.67266e-18)
(26.9896 -2.4775 3.32983e-19)
(27.07 0.346279 0)
(25.7607 0.154984 0)
(27.9619 0.360501 0)
(23.2191 -1.50285 1.09752e-17)
(12.9372 2.18835 -3.46215e-19)
(24.6674 0.201652 9.11192e-18)
(22.8419 -0.587211 0)
(26.0874 2.10465 5.89864e-17)
(28.0332 1.50122 -4.52025e-19)
(19.6355 -0.101268 -4.30562e-18)
(16.9486 -4.10952 2.07848e-18)
(27.1114 0.106265 2.48353e-18)
(29.5853 0.979446 2.19307e-17)
(21.4731 -2.72566 5.24975e-18)
(26.6822 1.12117 6.07191e-17)
(25.2181 0.729085 2.03974e-18)
(25.9855 2.41086 0)
(12.0359 2.10655 5.10379e-19)
(29.2098 1.18247 -4.25867e-18)
(25.2355 0.0423018 0)
(29.3902 0.401228 0)
(26.9775 1.12861 -1.54671e-17)
(25.5546 0.275276 2.04452e-18)
(27.3526 2.02133 -7.96203e-19)
(25.9421 1.09822 9.95555e-19)
(22.2585 -1.54614 -6.01431e-19)
(27.0011 6.19764 -4.09534e-18)
(25.5803 0.247267 3.47297e-18)
(16.8282 -4.23286 4.55228e-18)
(25.7993 1.95564 1.60521e-17)
(25.57 0.701423 -6.67564e-19)
(27.0518 -1.86728 5.43534e-18)
(25.971 0.145 -1.77758e-18)
(12.5665 2.23173 7.93396e-19)
(23.99 0.227758 9.942e-18)
(20.2916 -0.873493 4.38215e-18)
(12.1515 1.91872 0)
(29.5767 0.659756 1.3652e-17)
(25.791 2.63071 4.91828e-17)
(21.9432 -2.18747 4.29654e-18)
(18.6164 -4.28935 -2.93944e-19)
(23.8661 -2.51933 3.87652e-18)
(23.2968 0.0627344 2.55084e-17)
(27.0279 1.22859 1.44008e-16)
(25.4432 1.68308 0)
(31.1782 2.85579 1.52579e-17)
(19.879 -4.03918 2.42019e-18)
(27.2584 1.00488 -8.24564e-17)
(21.6868 0.0317122 -2.42333e-17)
(26.0959 0.622232 1.50062e-18)
(25.3804 0.662762 -2.62013e-18)
(28.7512 -1.16635 0)
(22.8508 -0.454828 1.77199e-17)
(27.4436 -1.79097 2.49315e-18)
(25.9553 0.308999 3.16823e-18)
(23.4482 0.223772 -1.95914e-17)
(26.7169 0.759058 0)
(20.9013 -2.06735 -1.20296e-18)
(17.4864 -4.23987 -1.60232e-18)
(20.1118 -0.75925 -9.94814e-18)
(21.6252 2.50388 -5.21117e-18)
(30.0607 1.0571 1.66884e-17)
(26.7533 -1.69929 -7.95866e-18)
(29.4588 0.0696961 -1.44761e-17)
(26.9045 0.809025 1.57377e-18)
(18.2455 -4.33913 -1.15574e-18)
(27.4176 0.838118 6.38628e-17)
(20.4851 -4.05081 -4.35359e-18)
(25.2921 0.796294 0)
(19.0685 -4.27192 -1.94245e-19)
(22.1814 -2.00551 8.30171e-18)
(18.9615 -4.19967 0)
(21.4106 -2.95492 0)
(25.1425 0.496893 0)
(20.9819 -3.37775 -1.17678e-19)
(26.1437 2.6731 -7.47421e-19)
(26.5091 0.278859 -4.37666e-18)
(22.974 4.287 0)
(21.2507 -3.1486 4.72061e-18)
(23.2076 -2.73923 1.98206e-18)
(26.8833 -2.93559 2.51762e-18)
(26.86 0.337049 -4.65767e-18)
(11.5984 1.75699 3.54453e-18)
(25.3081 0.976564 -1.20439e-18)
(20.4356 -3.7762 3.06324e-18)
(20.706 -3.52355 3.02015e-18)
(14.281 -1.29932 -5.51262e-18)
(24.312 0.349001 -2.41599e-18)
(16.4343 -4.0409 -2.73602e-18)
(24.8249 1.49859 0)
(18.0836 -4.38438 9.52925e-19)
(29.4523 -3.9814 0)
(25.1664 0.435883 4.56707e-19)
(25.2261 -2.15972 0)
(19.2638 -4.18116 -2.06028e-19)
(22.3489 2.77428 -1.50348e-18)
(26.4025 -2.19574 -9.42459e-19)
(28.586 0.0397355 0)
(11.4973 1.9555 0)
(21.4141 3.5582 0)
(21.0941 2.68698 -4.03531e-18)
(29.1182 -0.265663 0)
(19.5239 -1.26094 0)
(26.0718 3.74915 -8.52751e-19)
(28.3927 1.08452 3.98365e-18)
(31.0625 -1.12639 8.34891e-18)
(25.499 1.47259 -1.93143e-17)
(25.6043 0.298447 -6.38033e-18)
(27.2608 0.573196 0)
(29.8678 0.00139943 1.98613e-17)
(31.5999 -2.19219 3.74962e-18)
(29.6471 -0.173404 7.70358e-18)
(23.0731 -3.32784 3.98066e-19)
(29.9271 -2.06803 -5.32175e-18)
(25.6955 0.784252 -2.04318e-18)
(27.2355 -2.21857 -1.88304e-18)
(15.8806 -3.74517 -7.94496e-18)
(30.9346 -0.433952 6.43928e-18)
(15.6795 -3.88284 -9.03883e-18)
(24.6746 -1.30364 -4.92855e-18)
(24.1753 0.400233 -1.10219e-17)
(26.8816 0.563522 -8.87546e-19)
(25.4123 -0.0761696 3.0048e-18)
(23.8173 2.41677 7.69344e-18)
(28.6335 5.65356 -7.24004e-18)
(25.1934 0.368878 1.11021e-18)
(25.4261 0.693475 4.73712e-18)
(26.1409 -2.27923 -6.046e-20)
(27.7454 -0.599996 -4.379e-18)
(27.8873 0.595279 0)
(28.1377 1.73622 -3.87771e-18)
(25.9859 1.67032 3.77965e-17)
(27.0387 0.971287 9.9408e-17)
(25.7942 1.64109 -1.24184e-17)
(24.9363 0.379772 5.87893e-18)
(25.0821 0.513615 -3.62073e-18)
(27.2374 -2.78441 4.98852e-18)
(11.8127 1.69665 1.60973e-17)
(25.3293 1.14882 -3.73771e-18)
(21.1078 2.89733 -5.43291e-18)
(27.086 -1.51774 -2.20183e-18)
(27.8402 0.0560299 0)
(30.7957 -0.239521 -2.2377e-18)
(25.4988 0.692714 4.01727e-18)
(15.6562 -3.59548 0)
(26.7228 0.314899 -4.79907e-19)
(25.4165 1.32191 9.52227e-18)
(26.6972 -2.82251 6.46417e-18)
(24.898 0.300075 0)
(26.6326 1.49926 1.87404e-18)
(20.9844 -2.96045 -2.00258e-18)
(25.4908 1.7002 8.27655e-18)
(10.2686 1.2959 1.77753e-17)
(24.9321 5.29078 1.04514e-18)
(27.6077 1.40115 0)
(25.623 -1.50536 6.16125e-18)
(27.679 2.00614 -2.64641e-18)
(25.0848 1.62174 0)
(25.0773 0.45312 0)
(25.4081 1.91675 -5.81137e-17)
(28.8043 1.32937 -6.20215e-18)
(27.3184 0.833978 -3.20703e-17)
(26.8452 1.04185 -2.41478e-17)
(25.428 0.647926 4.69005e-19)
(26.3771 0.238867 0)
(27.7752 0.0429437 -8.48253e-18)
(24.8855 0.50218 -1.00018e-17)
(26.2231 2.21018 -2.01705e-18)
(25.1125 0.40073 -2.1204e-18)
(27.1267 -2.6639 4.18893e-18)
(23.7604 0.0762153 -2.37264e-17)
(24.6908 0.469585 3.88998e-18)
(25.3777 1.3845 1.15936e-17)
(25.4251 0.680096 0)
(25.2626 0.459689 -7.00984e-19)
(12.0293 1.39945 -7.91844e-18)
(25.7751 1.69857 2.28557e-17)
(27.8938 -4.54436 1.15284e-18)
(25.8006 2.81831 0)
(16.7401 -0.980417 1.10014e-17)
(21.7487 1.32604 0)
(27.8057 0.282358 0)
(28.1547 0.0855556 0)
(13.0212 -1.82843 -8.57754e-18)
(27.1493 -3.08552 0)
(24.3939 1.21205 1.02064e-16)
(26.742 4.37344 -3.43064e-18)
(25.0792 1.50437 -5.02595e-17)
(25.2169 6.72351 6.11082e-18)
(26.9038 2.42588 -2.12527e-18)
(24.7742 1.00668 -2.96369e-17)
(23.9632 0.0862588 1.70354e-18)
(26.3457 1.39075 -5.76359e-17)
(14.9697 -3.32038 0)
(25.2138 0.867082 -4.52838e-18)
(22.5246 0.574723 0)
(28.8429 1.23948 5.44691e-18)
(25.5135 1.5938 2.12727e-18)
(15.0068 -1.10013 4.62757e-18)
(25.432 1.40753 -2.55168e-18)
(28.4063 1.53628 -1.79102e-18)
(28.9076 -0.976852 6.89113e-18)
(24.8886 1.73847 0)
(26.9499 2.83913 2.41e-18)
(25.0783 0.815244 -8.03784e-18)
(22.5415 2.85292 -2.64167e-18)
(21.6909 0.000502568 0)
(31.7251 0.0119368 -2.53089e-17)
(27.7677 2.74182 1.00606e-19)
(29.8748 0.398723 0)
(27.2348 -4.42553 -1.09221e-18)
(26.8286 -4.07 0)
(26.7181 0.292883 6.10788e-18)
(25.2009 0.224825 4.58076e-18)
(25.5241 2.82048 0)
(14.0598 -2.56054 2.04182e-17)
(22.5043 -2.22163 9.51671e-18)
(24.8671 -1.41915 -5.33632e-18)
(27.5296 -2.21803 -5.46156e-18)
(29.6589 2.26491 0)
(27.1226 -1.28285 -2.04258e-18)
(24.1628 0.255546 6.81162e-19)
(29.0009 1.333 0)
(24.3823 -0.207839 -1.05266e-17)
(25.3781 0.333046 -7.42636e-18)
(14.7427 -3.0245 -1.7274e-17)
(25.9439 2.20769 1.90628e-20)
(27.4994 0.257461 -2.3243e-17)
(25.3588 1.23129 -7.0356e-18)
(18.1848 -1.45435 0)
(24.833 1.6361 0)
(25.035 1.46554 -1.86914e-18)
(26.3114 -0.517271 4.91359e-19)
(25.1949 1.48232 4.59994e-17)
(26.2735 1.42198 -1.57393e-18)
(28.0517 1.76346 1.15596e-18)
(26.1995 -2.68424 -4.327e-19)
(24.4893 0.286187 6.2912e-18)
(27.4733 6.0616 0)
(27.5584 0.321386 0)
(17.3714 -2.9591 3.554e-18)
(28.8608 0.106086 -7.39448e-18)
(26.3748 1.38264 1.00707e-18)
(14.8221 -1.36585 -5.74379e-18)
(26.6373 1.5846 6.38613e-18)
(26.2044 -2.86061 -3.94959e-18)
(23.1339 3.6786 -1.11765e-18)
(27.802 0.0587248 -3.8837e-19)
(27.9815 -1.53564 -1.21022e-17)
(25.5693 -5.97723 3.60761e-18)
(25.9947 0.129798 0)
(26.5983 -3.38143 -2.19944e-18)
(24.6197 0.323439 -6.28229e-18)
(17.7809 0.577744 7.88268e-18)
(25.8369 0.948771 3.07836e-18)
(27.3932 0.29327 0)
(23.7115 2.06623 -9.0262e-18)
(29.2032 0.927427 -1.44132e-18)
(27.8039 0.231296 7.85637e-18)
(32.0921 -1.27981 -2.55009e-18)
(25.5561 1.00591 5.05181e-19)
(29.1289 0.598048 5.12893e-18)
(25.2199 1.59085 -6.68723e-17)
(21.4729 0.104632 7.75047e-18)
(25.3192 1.43657 -1.61012e-17)
(26.2443 2.0001 -1.17842e-16)
(24.8663 0.884444 -1.94955e-17)
(26.8218 -0.103318 3.94211e-18)
(30.0594 0.732576 0)
(26.6447 0.192428 4.09273e-18)
(24.0865 1.48851 1.88356e-18)
(28.7293 0.336889 0)
(26.0459 -0.228071 2.27582e-18)
(27.4505 2.08844 -3.05193e-18)
(27.0086 0.181861 7.63703e-18)
(15.8761 -1.23597 0)
(25.3339 1.48163 1.49124e-17)
(29.5457 -0.355415 -7.78391e-18)
(27.9442 -0.933505 2.171e-18)
(14.8332 -1.43374 -3.24143e-18)
(23.0874 0.1512 -2.95146e-17)
(24.9023 0.839453 1.96583e-17)
(21.5711 0.117335 3.24558e-17)
(27.0116 0.941183 -6.26979e-17)
(26.5573 0.0998244 2.83455e-19)
(28.5423 -0.455897 1.29678e-18)
(27.0057 0.630381 0)
(26.3563 2.3688 1.18313e-18)
(23.4103 0.113011 -1.08814e-18)
(28.3774 4.59005 -1.55418e-17)
(26.8205 1.03376 2.57563e-17)
(25.3162 1.06293 3.51472e-18)
(29.1211 -0.0831867 0)
(26.895 1.17376 0)
(24.2262 -0.506871 -7.49783e-18)
(26.6075 1.20598 1.29981e-18)
(27.565 -5.37169 4.8605e-19)
(24.8527 0.345592 0)
(29.4667 0.312382 -1.61076e-19)
(27.4874 2.03826 3.42557e-18)
(15.4879 -0.947064 -5.98179e-18)
(26.2902 2.46582 0)
(25.7316 1.33361 3.271e-18)
(28.9976 0.90233 5.72137e-18)
(28.3222 -0.0870255 2.06876e-17)
(25.5222 0.628611 0)
(25.3175 1.20291 0)
(28.066 1.73505 -2.62241e-20)
(25.5777 1.71142 4.79913e-18)
(25.3284 1.52881 2.16273e-17)
(26.9225 0.173653 -3.87942e-18)
(26.8991 -1.697 1.63507e-18)
(26.3186 4.29201 2.55719e-18)
(28.6342 1.72381 8.58158e-18)
(26.8436 0.373875 -2.49447e-18)
(26.4811 1.35084 1.0985e-18)
(23.0077 0.26357 -5.75249e-18)
(25.0341 0.868823 1.65447e-17)
(25.5988 0.665988 0)
(26.797 -0.392498 0)
(26.5774 1.28654 -4.10774e-18)
(26.7084 1.79577 -4.65428e-18)
(25.7997 1.01571 -2.36214e-18)
(21.0774 1.42397 0)
(28.9749 0.948935 1.22809e-18)
(21.5027 -2.62932 0)
(30.5497 -2.6367 0)
(28.315 5.41378 4.47586e-18)
(21.9259 3.622 0)
(26.0266 2.74457 -2.32988e-20)
(26.7731 1.51316 3.08683e-19)
(25.0989 0.726497 3.00898e-18)
(22.1995 -4.05143 0)
(16.3726 -1.23582 0)
(30.6463 -2.41286 3.68006e-18)
(13.3626 -1.87823 2.09379e-18)
(28.0082 0.241489 0)
(25.301 0.970333 -6.95846e-18)
(22.9985 -5.20469 -5.53224e-18)
(26.6568 2.35695 0)
(29.6747 -2.56605 0)
(30.2249 0.561282 -1.01886e-17)
(25.6573 0.991812 -1.02797e-18)
(11.3588 -2.02935 0)
(14.8108 -1.18967 4.65934e-19)
(17.8393 -0.668999 1.00149e-17)
(26.842 1.40388 4.14492e-18)
(25.8855 -0.111346 -1.49784e-18)
(26.057 -2.99717 3.04245e-18)
(25.3114 0.806377 7.0158e-18)
(29.1046 4.69715 -1.30054e-17)
(28.7132 -1.03663 -2.2671e-19)
(29.0942 2.61119 7.59322e-19)
(20.2388 -2.41389 8.55327e-18)
(25.0288 0.761282 -2.23889e-18)
(17.9459 -0.526471 0)
(25.5723 1.49405 0)
(23.7266 0.404199 0)
(25.5391 0.674814 0)
(15.6472 -1.05478 0)
(17.3287 0.970845 -3.43822e-18)
(23.4009 0.0210332 0)
(15.701 -1.29949 -2.49526e-19)
(18.242 -0.239086 0)
(23.3352 0.0425527 -1.59291e-17)
(25.3916 1.4664 -6.67906e-18)
(27.9934 4.56573 8.78297e-18)
(15.976 -1.0792 -6.36341e-19)
(15.666 -1.05138 4.7456e-18)
(25.5237 0.611348 8.44975e-19)
(17.4782 2.48854 0)
(28.9397 -1.11209 -9.92435e-18)
(15.8063 -0.691075 -5.93472e-18)
(16.5942 -0.43924 0)
(29.876 3.0137 -1.09073e-17)
(26.7532 -2.73691 0)
(25.9186 0.220569 -3.91994e-18)
(17.4205 2.53081 -2.55777e-18)
(24.5308 -0.352468 4.15786e-18)
(28.1844 1.67744 -1.13998e-18)
(29.028 0.41744 0)
(27.2398 0.212131 2.65859e-18)
(22.4578 3.63453 0)
(26.2185 -2.01043 -1.13331e-18)
(16.21 -0.45064 -7.17019e-18)
(24.7685 0.682594 1.35792e-17)
(22.1699 2.26502 0)
(15.609 -0.776888 4.62852e-18)
(18.43 0.869621 -3.86512e-18)
(22.3052 2.09083 -1.63449e-18)
(26.1503 1.2685 5.77218e-18)
(29.1543 -0.729574 4.68148e-18)
(15.3762 -0.942131 0)
(26.9739 0.721224 7.53787e-18)
(23.5097 0.193803 3.40001e-18)
(30.8026 3.70511 4.00923e-18)
(30.7914 -0.401412 -2.58508e-18)
(17.4374 -0.135697 -1.32276e-17)
(25.8232 0.662578 2.10937e-18)
(27.7425 5.79315 0)
(28.5622 -1.24032 7.58564e-18)
(19.4201 -1.70906 0)
(25.5935 1.80978 -3.97938e-18)
(18.9443 0.842664 1.50229e-17)
(25.5271 0.887206 2.57611e-18)
(25.6916 1.53883 1.00499e-17)
(21.344 3.08806 0)
(29.5415 0.0357365 4.62048e-18)
(17.7258 0.635218 1.01247e-17)
(19.5447 -0.0215813 0)
(21.3812 3.04695 2.07434e-18)
(22.2074 2.98656 0)
(24.3295 3.31886 0)
(25.8242 -0.356324 5.11654e-18)
(25.9206 1.20465 -2.2074e-18)
(23.6873 0.429284 6.34484e-18)
(22.8617 2.34893 -4.18725e-18)
(24.1149 -3.09544 0)
(23.0252 2.09282 -3.12134e-18)
(15.5679 -0.778222 -2.34611e-19)
(25.9015 0.599934 0)
(27.3482 -4.77481 1.13391e-19)
(23.8475 -4.86795 -7.93619e-19)
(25.1979 1.1977 -1.10975e-17)
(25.5651 0.0195249 0)
(25.2437 0.876303 1.38868e-17)
(27.5084 -2.38771 0)
(19.3752 2.73971 1.33373e-17)
(21.6143 3.20727 2.57461e-20)
(22.8937 0.0539112 0)
(23.2775 0.0448217 -2.23501e-17)
(27.1317 0.155531 -6.6093e-18)
(23.5159 3.57675 -5.80156e-21)
(23.9303 -2.08797 -4.74786e-18)
(25.0982 0.663568 0)
(22.4813 2.66689 7.08774e-19)
(21.2505 -2.88186 1.22036e-18)
(25.7672 1.94209 4.15745e-18)
(26.333 0.245143 0)
(22.6139 2.61925 7.29187e-19)
(22.3196 2.80144 -2.93274e-18)
(25.2757 0.918248 3.44417e-19)
(23.0497 2.94745 0)
(23.7388 1.66396 3.27385e-18)
(26.8002 2.15041 9.16403e-19)
(23.4957 1.8518 7.50466e-19)
(21.0487 3.28244 0)
(22.5248 2.88567 -2.51677e-18)
(13.7031 -1.74911 6.17943e-19)
(23.0281 1.89094 7.66797e-19)
(25.7751 1.78781 4.45546e-18)
(24.1753 1.77851 -3.05753e-18)
(24.4917 1.50188 -1.66074e-19)
(28.9445 -0.265274 -8.18739e-20)
(20.9063 3.18202 0)
(26.6902 1.46712 1.38254e-16)
(24.6987 1.50007 -1.79157e-19)
(22.6871 1.87779 -3.28072e-18)
(29.6578 0.0585636 -2.38513e-17)
(24.0197 1.70064 0)
(31.1102 -3.6225 0)
(23.5672 1.94731 0)
(23.917 1.57546 0)
(24.9706 0.486905 3.14903e-19)
(25.4499 1.16694 0)
(25.4794 0.741183 -5.78441e-18)
(24.9606 1.63879 3.78835e-19)
(22.8284 1.91979 2.84138e-18)
(29.1178 -0.459749 -4.36003e-18)
(19.3336 3.0468 0)
(28.2543 0.365412 3.87231e-18)
(21.503 3.32991 1.35191e-18)
(26.6894 2.24593 1.44965e-18)
(24.2613 1.61803 0)
(26.9937 0.44489 0)
(27.9863 -1.78202 3.43328e-19)
(26.5998 0.831477 -4.76401e-19)
(14.853 -0.889367 0)
(24.47 1.44818 -3.49614e-18)
(24.4248 -5.92268 9.46521e-19)
(29.7445 1.50863 -7.84792e-18)
(19.1674 3.00817 -1.58899e-18)
(27.6213 0.286847 0)
(31.5521 -3.43489 -7.95389e-18)
(19.7631 3.34447 0)
(28.4925 1.47154 1.71462e-18)
(25.537 1.51675 -1.11188e-17)
(26.0676 1.61575 -3.85738e-17)
(25.4646 1.11001 -3.68771e-18)
(22.8044 -2.68731 -2.79426e-18)
(27.7818 0.107935 3.06376e-18)
(14.8308 -1.86894 3.55566e-18)
(20.6952 3.28503 -2.09823e-19)
(26.8143 2.34083 -6.06341e-19)
(24.3754 -6.09746 -1.84711e-18)
(25.0825 -0.493957 7.87152e-18)
(29.4052 0.476458 -2.54477e-19)
(26.3749 0.104288 -1.86356e-18)
(30.7981 4.26758 -2.98379e-18)
(19.9462 3.33332 4.65545e-19)
(27.2813 2.01677 9.84618e-19)
(25.421 2.2107 6.90072e-16)
(26.1496 2.00345 1.15143e-16)
(25.5842 1.48123 2.21105e-18)
(27.4964 0.163559 3.8737e-18)
(19.6412 3.35092 3.67354e-20)
(30.9376 -0.568878 -1.96244e-18)
(22.8849 -3.03551 -2.72894e-18)
(28.7013 -0.121158 0)
(25.2994 0.91486 -3.65868e-18)
(21.0359 -4.39904 -2.70239e-18)
(24.5267 -4.98761 -1.19849e-18)
(28.7169 1.24521 -6.87929e-18)
(17.9517 2.70708 0)
(17.9473 4.32116 -3.56504e-18)
(19.5462 -0.024676 0)
(30.2363 0.0309497 0)
(18.33 3.09805 1.43069e-18)
(12.3803 -2.06316 -2.56187e-18)
(28.5564 -0.0260165 4.15094e-18)
(25.123 1.09392 1.37095e-17)
(29.407 -0.650477 4.33002e-18)
(10.5807 -1.77907 -1.70174e-19)
(27.8023 0.704383 1.08124e-16)
(28.9606 -1.34221 1.174e-17)
(26.1671 1.32774 0)
(25.1605 0.192327 -2.10216e-18)
(27.904 -0.397253 1.5318e-17)
(31.0495 3.94109 -1.00025e-17)
(28.4612 0.947244 1.88477e-17)
(24.5359 -1.71256 -4.28306e-18)
(19.2739 3.29109 0)
(24.9686 0.66152 -1.14328e-18)
(28.988 -4.33047 -3.29961e-18)
(28.0008 -5.53003 -4.7197e-19)
(22.9637 -2.27987 3.39981e-18)
(25.318 0.825752 3.28771e-18)
(29.3021 -0.620658 1.52295e-17)
(27.3888 -1.39326 -9.68716e-18)
(18.872 3.11516 -1.12146e-18)
(22.906 0.0208538 1.58974e-17)
(23.1062 0.193492 1.7579e-17)
(24.9144 -3.21565 7.04251e-19)
(23.6629 0.700017 -1.74855e-17)
(25.4784 0.715396 -3.68661e-19)
(29.065 0.00669379 7.26651e-18)
(26.9126 1.27789 7.89108e-18)
(25.2788 2.63748 0)
(25.7252 2.87373 0)
(17.4312 2.66185 7.6638e-19)
(25.3274 1.28104 -6.84944e-18)
(16.8351 -0.017475 -1.27001e-19)
(27.6867 1.76627 -2.18102e-18)
(25.6046 0.728503 4.66726e-19)
(24.7832 -3.08019 -7.17949e-19)
(25.231 0.18204 8.60575e-18)
(23.4814 1.29705 -6.95368e-18)
(18.5067 3.13386 -9.45579e-19)
(30.2147 3.59666 -1.14685e-17)
(27.0696 -1.1828 0)
(21.1805 2.54422 1.93382e-17)
(25.3577 0.0368893 -4.09954e-18)
(17.2868 4.49298 3.23623e-19)
(20.9412 -1.54821 -9.97896e-18)
(20.6024 -2.09579 0)
(31.0788 -3.95871 -3.90717e-18)
(24.1124 -1.76496 7.17204e-18)
(26.7371 1.79615 0)
(14.9282 1.14738 -4.40162e-18)
(27.6304 1.9849 0)
(27.5417 2.098 0)
(31.0842 -2.90971 0)
(29.4116 -0.859653 4.61197e-18)
(30.1327 0.065572 3.5073e-17)
(28.5052 5.06717 8.97094e-18)
(16.7409 3.98336 -2.38659e-18)
(25.5898 -5.68955 -2.90526e-18)
(31.7931 -1.36064 5.10397e-18)
(26.145 1.53817 8.52495e-18)
(25.2209 0.310207 0)
(27.5553 -0.636739 8.56301e-19)
(22.9575 0.0496834 0)
(24.5198 3.22416 3.72247e-18)
(25.0313 1.30559 2.48737e-17)
(29.1796 -5.68004 -6.39092e-19)
(18.1596 4.21957 -5.62254e-18)
(14.3742 -1.57381 0)
(27.9902 -5.80609 -1.12968e-18)
(27.3155 -6.12202 5.05879e-20)
(30.9265 -2.72469 0)
(24.6407 -5.98651 -1.81053e-18)
(26.7236 -6.12495 -4.87003e-19)
(19.9445 2.33767 -7.21972e-18)
(26.5404 1.38803 -7.29077e-19)
(25.3799 2.59551 0)
(18.4893 1.21823 -7.96834e-18)
(30.8762 3.40863 0)
(32.557 -2.48468 -7.90396e-18)
(26.4312 0.900127 -7.31782e-18)
(25.8749 0.956229 -3.71246e-18)
(29.664 -1.17725 4.67285e-18)
(28.1138 0.578684 3.73774e-17)
(24.0622 -5.93133 9.1906e-18)
(28.9622 0.394558 2.80505e-17)
(28.9162 0.533955 -5.32852e-18)
(30.9761 -4.27688 -2.7534e-18)
(31.3967 -0.0267867 0)
(20.9273 0.0455859 1.24959e-18)
(22.823 -5.32899 7.78917e-18)
(26.7021 2.49433 0)
(18.0642 4.09062 -1.85217e-18)
(30.6796 -4.56719 3.35046e-18)
(25.0702 0.293766 -4.10844e-18)
(28.708 1.36804 7.26461e-19)
(29.8045 -5.57979 4.80866e-18)
(25.4961 1.50914 -8.72576e-19)
(30.333 -4.87628 -3.30886e-18)
(27.5121 0.899117 -1.40467e-17)
(24.8699 0.786732 0)
(28.1834 6.37727 1.012e-18)
(19.6416 1.89709 -1.44366e-17)
(23.3298 0.911744 7.82152e-18)
(30.2434 -1.82826 0)
(19.1419 1.56744 -8.01909e-18)
(21.4837 0.0931966 -3.06581e-17)
(29.8851 -5.08767 -7.00252e-18)
(28.9533 1.09713 -2.94155e-18)
(28.8767 -1.34709 -6.19014e-18)
(26.6721 0.134866 -1.29856e-18)
(24.7343 2.86911 1.33677e-18)
(22.604 -4.50754 0)
(27.5523 -5.86476 0)
(17.9825 3.06969 -7.71847e-19)
(27.7998 -6.04693 1.34807e-19)
(17.6446 2.81411 0)
(25.8334 0.565906 0)
(26.5548 -2.60489 -5.28131e-18)
(24.8477 0.401924 -6.37681e-18)
(22.0726 -2.14519 8.3581e-18)
(25.624 2.07298 1.41554e-18)
(28.2481 0.0183018 1.53433e-18)
(25.7097 -6.17655 -1.94107e-18)
(26.5906 2.88162 -1.14181e-17)
(26.3559 -5.01054 1.74124e-19)
(25.1578 0.174508 -7.53559e-18)
(26.3753 -6.25171 1.23751e-18)
(24.8099 1.44703 1.74119e-18)
(25.6783 1.78658 0)
(30.3863 0.809339 -1.14836e-17)
(20.4711 -1.37067 2.67616e-17)
(24.0858 0.0689121 2.15469e-17)
(25.9625 1.8287 0)
(14.8413 -1.16232 -1.90854e-19)
(26.7911 0.0906837 2.10615e-18)
(25.2374 2.79174 1.01772e-18)
(27.3928 -0.482531 2.91111e-19)
(28.9318 0.994613 1.15124e-18)
(27.0856 2.50884 1.67708e-18)
(28.3582 -1.50533 0)
(28.8653 0.230822 0)
(22.4901 1.71082 3.3529e-18)
(24.8875 0.705258 1.68906e-17)
(25.1989 1.96595 0)
(24.6287 2.68297 -8.08516e-19)
(12.4936 -1.98002 -1.17926e-18)
(26.2008 1.91964 -1.86243e-16)
(25.7256 0.976087 7.83048e-19)
(25.5538 1.68788 -3.25239e-18)
(24.9735 6.03747 3.17701e-18)
(22.4118 3.68068 -1.79406e-19)
(11.7041 -1.91496 -1.61294e-18)
(23.6697 -1.18136 0)
(25.7506 2.98775 -1.00167e-17)
(31.7336 -1.56002 1.29352e-18)
(20.1932 3.87936 -1.20453e-17)
(22.7436 1.65373 -2.94733e-18)
(26.9324 1.01599 3.24025e-18)
(25.3842 -2.49593 3.88596e-18)
(14.3125 -2.107 6.01373e-19)
(25.5887 0.623234 0)
(22.8374 -5.6158 6.77134e-18)
(24.2628 0.397299 0)
(25.3857 0.668674 -1.52943e-20)
(28.6791 -1.4715 3.86312e-18)
(25.7675 2.11936 0)
(29.2333 0.765768 0)
(26.6177 -1.86019 1.07831e-17)
(26.0107 0.0653828 2.5549e-18)
(31.1551 -0.598062 0)
(30.6694 -0.246251 5.64106e-18)
(26.8957 1.29966 2.19608e-18)
(17.9004 4.23831 2.39907e-18)
(27.098 0.850396 0)
(27.3532 0.076731 -3.57337e-18)
(22.9452 0.0598633 -1.61279e-18)
(26.6381 -0.370142 3.48082e-18)
(17.4694 2.49065 -1.67875e-17)
(24.4643 -1.26076 -9.86837e-18)
(22.5515 -5.37832 0)
(16.1657 0.429433 0)
(24.0865 0.0427693 4.0127e-18)
(23.3982 0.118237 7.82059e-18)
(26.1703 2.76469 -1.39776e-18)
(28.4908 0.870139 2.08331e-18)
(25.2774 0.501789 -8.10848e-19)
(16.8181 0.290199 1.19151e-17)
(11.0162 -1.84381 0)
(27.463 2.02936 1.3773e-17)
(27.4088 2.3597 -1.64429e-17)
(25.4709 0.740081 -2.04652e-18)
(24.904 1.10758 -2.64983e-17)
(22.7784 3.6684 9.46133e-21)
(26.4139 0.562133 -3.59437e-18)
(29.3625 0.101089 0)
(26.2496 0.731373 3.07218e-18)
(15.4995 -0.537631 0)
(27.9764 0.193759 0)
(19.1283 1.87073 -1.00209e-17)
(15.9345 3.88551 0)
(18.4528 0.0171187 -6.36106e-18)
(16.8129 0.303306 -2.48367e-19)
(28.4775 0.5647 0)
(28.882 -0.266187 -1.86298e-18)
(25.9339 1.74993 -2.69636e-17)
(22.1746 2.92729 1.14522e-18)
(24.451 3.38795 -2.01863e-18)
(30.1081 2.47028 0)
(26.0282 2.47575 -1.21103e-18)
(28.2991 -0.719916 -3.03952e-18)
(31.6008 -1.06707 -5.61678e-18)
(30.449 -0.0173656 -1.1597e-17)
(25.2924 1.12977 1.44568e-18)
(22.6199 -5.30489 -8.08044e-21)
(17.8604 1.73552 2.48255e-18)
(25.2927 -3.23653 -4.32711e-18)
(26.537 -2.26123 0)
(27.2414 0.0947023 -3.96842e-18)
(27.2505 2.15211 8.48528e-19)
(25.0547 5.63859 -1.3839e-19)
(31.1927 -0.586044 -5.8571e-19)
(14.8395 -1.18115 -1.04049e-18)
(19.3638 3.20562 6.20659e-18)
(16.8377 4.11396 0)
(29.7114 5.91322 0)
(25.393 0.681965 1.36245e-18)
(21.4217 -1.85163 0)
(25.292 0.864506 -9.25354e-18)
(13.5335 -1.65253 1.15372e-18)
(25.0115 3.28827 -1.78763e-18)
(25.5507 1.85711 3.26226e-18)
(26.2535 1.47493 3.89243e-17)
(25.4569 -2.28551 0)
(28.8567 0.0247124 0)
(21.1955 -4.18257 0)
(16.3153 -0.132272 6.91135e-19)
(30.932 -4.07504 -6.41951e-19)
(24.3545 0.309572 -8.58845e-18)
(20.817 0.00439995 -1.24701e-18)
(30.2685 -0.000174537 0)
(27.9224 1.8235 5.09475e-18)
(26.8406 1.49202 1.54342e-18)
(25.0005 1.38379 -1.58681e-18)
(25.142 0.680806 2.18565e-18)
(25.4366 2.19575 -1.16001e-18)
(27.737 1.97031 1.47953e-18)
(30.3264 -4.65497 0)
(28.5843 3.96964 -1.48889e-17)
(25.2904 1.04113 4.96172e-18)
(28.4731 1.50305 -3.21748e-19)
(27.2872 1.98197 0)
(11.8571 -1.78743 -1.44589e-18)
(25.6147 2.02563 4.18323e-18)
(29.5453 -5.16766 -3.0188e-18)
(25.6931 1.69113 1.95863e-17)
(28.4997 1.19313 0)
(23.6603 0.102309 -2.19378e-17)
(25.8151 1.77072 -4.10708e-19)
(25.1806 1.29263 0)
(25.2937 1.05402 -9.53677e-20)
(27.6576 -2.21691 8.10165e-18)
(29.188 0.268036 -3.30156e-17)
(27.5616 -5.67999 0)
(21.8492 -2.23155 4.08528e-18)
(26.8 -2.15331 -2.71892e-18)
(26.9856 0.854489 -1.92912e-18)
(28.5828 0.146979 3.28875e-17)
(29.5054 0.956794 -2.75063e-18)
(26.9953 -2.06415 0)
(26.1744 -5.86973 -4.90761e-19)
(25.4872 2.47807 -1.39044e-18)
(17.1671 2.24311 7.04777e-18)
(26.4323 -2.46934 -1.81484e-18)
(12.7378 -2.09007 1.92557e-19)
(25.5621 2.00484 -7.92586e-19)
(21.5226 -4.87551 0)
(26.5786 1.22515 -2.67033e-17)
(28.2498 1.66887 -2.77955e-17)
(23.58 -5.54369 -4.90488e-18)
(27.1009 0.911489 1.48846e-17)
(18.2436 4.01485 0)
(30.6188 1.68784 6.04237e-18)
(24.3235 3.59624 2.12834e-18)
(28.6234 0.0752307 9.28075e-18)
(17.5779 -1.81983 -2.43493e-17)
(19.9058 4.35337 0)
(22.3402 -3.27826 0)
(27.1635 -0.491145 -7.33015e-18)
(26.6893 1.532 0)
(18.3742 0.115578 6.19533e-18)
(27.2308 1.8011 1.8158e-18)
(24.7645 -2.65706 6.31717e-19)
(26.977 2.35747 -1.01188e-18)
(25.606 1.67519 -4.33307e-18)
(27.9556 -1.94108 -6.17828e-18)
(26.4367 -0.389824 -2.88235e-18)
(25.6112 -0.299145 1.01595e-17)
(28.8889 1.13621 -5.52252e-18)
(13.1886 -1.77029 0)
(24.3933 0.377412 1.69515e-18)
(29.204 1.42146 4.86292e-18)
(25.1205 0.334572 1.204e-18)
(27.7773 -1.66191 0)
(28.0896 -1.15495 -8.35934e-18)
(25.5866 2.1568 2.56083e-18)
(30.2066 0.889267 5.47624e-19)
(18.3675 -0.110662 1.22185e-17)
(30.7819 1.92447 8.72706e-18)
(28.449 -0.480919 0)
(25.5426 0.00938533 5.16978e-18)
(26.9663 0.250445 0)
(26.6963 -3.06749 1.61269e-18)
(29.0922 0.670433 0)
(26.7196 1.14107 7.25136e-18)
(24.2177 -1.14768 2.05209e-18)
(29.6342 5.9389 6.8307e-18)
(28.2331 -1.25673 1.04369e-17)
(25.5344 -2.64549 -2.17935e-18)
(24.0737 0.630606 -5.79015e-17)
(25.2626 0.992899 -2.79964e-19)
(15.8205 3.56818 3.94835e-19)
(20.7447 0.00411714 1.12362e-17)
(25.9779 2.62942 3.91563e-19)
(26.9049 0.945854 9.05533e-18)
(16.4084 4.28431 0)
(15.8144 3.76816 0)
(19.0227 -3.33223 7.48423e-18)
(28.0088 2.04224 0)
(26.16 0.728359 -2.08055e-18)
(16.942 0.924127 0)
(28.1671 1.15495 1.29472e-17)
(26.4989 6.17232 1.79874e-18)
(27.4801 -0.835107 -8.5583e-19)
(25.5834 2.72442 -7.27298e-19)
(26.4719 1.32369 1.78097e-17)
(26.9388 0.460841 7.64385e-18)
(24.9584 2.25413 0)
(24.9926 0.0380006 0)
(24.8819 3.376 -1.38227e-18)
(28.1401 0.468369 -7.7213e-18)
(26.2713 -0.502942 2.54172e-18)
(23.2745 0.0701314 7.56806e-18)
(27.1081 1.96878 -1.70753e-18)
(28.6553 -0.244702 -7.97367e-18)
(25.3287 1.98587 0)
(30.1491 0.608633 -1.84705e-18)
(12.5717 -1.97715 -2.95673e-20)
(26.6875 0.203303 -2.31703e-19)
(21.9167 -4.65782 1.07775e-17)
(27.954 -0.767595 2.04674e-18)
(28.3942 -1.14628 7.22668e-19)
(21.1661 -4.60663 1.05706e-17)
(28.4973 -0.317653 0)
(25.4739 1.55591 7.39841e-18)
(23.8798 -1.33052 4.84087e-18)
(27.9591 0.887247 0)
(25.2528 0.642507 8.86406e-19)
(26.3951 -1.30975 -1.96113e-17)
(24.6617 0.923811 -4.05197e-17)
(26.4313 1.64916 1.25788e-16)
(29.0775 0.0139001 0)
(26.8011 1.08329 3.66995e-18)
(24.9422 2.54929 0)
(26.5956 1.49735 -1.07188e-19)
(20.3747 -4.03585 -1.14772e-17)
(29.1676 0.828342 -8.75251e-19)
(24.2723 2.50379 -1.71409e-17)
(26.7724 1.22176 -3.86273e-18)
(25.74 0.554873 -5.55401e-18)
(14.3699 -1.18946 -3.91767e-18)
(27.0213 1.55613 1.45208e-19)
(23.8029 0.113153 0)
(25.6161 -2.47125 -4.79099e-18)
(26.6701 -0.187507 -4.02461e-18)
(24.4379 1.09559 -9.72829e-18)
(20.7609 1.70374 9.23072e-18)
(26.9816 0.796143 -3.40855e-18)
(23.3156 -1.69695 -5.05781e-18)
(26.9162 0.732336 0)
(25.5219 0.620565 4.7819e-19)
(29.4668 0.962684 4.19495e-18)
(24.9377 0.43571 0)
(21.5908 -0.541793 1.10317e-17)
(28.2318 0.830708 -4.45022e-18)
(27.9627 0.710883 -1.20043e-16)
(29.8564 3.39396 1.24424e-17)
(22.6102 -1.82261 -5.22524e-18)
(27.544 -0.190244 8.32251e-18)
(25.5535 0.643674 0)
(11.4891 -1.63624 -6.02729e-18)
(29.2635 0.209832 -4.13513e-18)
(21.6487 -1.96003 4.39842e-18)
(27.0191 0.407977 3.56212e-18)
(21.4439 2.34706 5.01309e-18)
(28.8236 -0.12183 1.82808e-18)
(28.2359 -0.492736 0)
(22.2005 0.119034 1.63392e-17)
(23.9493 0.337529 0)
(26.7459 1.33448 0)
(27.4308 -1.13836 -2.57198e-18)
(27.1156 -2.72845 1.29072e-18)
(26.8994 -4.98577 1.7071e-19)
(25.6746 1.75232 -1.38667e-17)
(17.132 0.211433 0)
(25.0665 1.00423 0)
(26.6772 1.47548 3.63029e-19)
(25.6415 1.61592 3.55381e-18)
(27.4266 5.81335 0)
(24.0168 -1.3076 -3.1076e-18)
(26.2872 -3.35368 2.69415e-19)
(25.6963 1.82702 0)
(22.8507 0.0364918 -2.42288e-17)
(25.1913 1.22344 1.01108e-17)
(19.7899 -3.2668 0)
(27.542 -2.36346 -3.22693e-18)
(26.6904 1.43769 -6.08473e-18)
(18.5299 7.69486 0)
(27.1953 -1.59275 1.17427e-17)
(27.0019 0.627895 0)
(20.008 1.11586 1.69823e-17)
(24.9517 3.84891 -1.71854e-18)
(23.2944 -3.27584 0)
(27.4017 -1.30646 9.76101e-18)
(26.5902 1.49801 0)
(25.7356 5.77139 -3.75505e-19)
(27.7694 -0.138815 5.47298e-18)
(29.8494 -0.0678234 1.0586e-17)
(28.5752 6.3541 0)
(22.0613 -0.861615 1.52114e-17)
(26.9547 0.512521 -4.01595e-19)
(25.3204 0.113525 2.83225e-18)
(24.7487 9.50319 -3.53873e-18)
(23.3311 -1.46371 0)
(15.921 4.05718 0)
(26.8696 0.908316 -1.11109e-17)
(25.2884 5.54579 -3.67798e-19)
(28.0935 5.94768 -7.47832e-19)
(26.0564 -2.3975 -6.64334e-18)
(26.6622 -2.19114 0)
(25.5076 -2.42743 0)
(14.7398 3.50476 4.33888e-19)
(26.4569 1.437 -5.25165e-18)
(28.431 -1.41248 -6.05034e-18)
(17.706 3.46852 -4.46352e-18)
(25.5136 0.759589 1.33197e-18)
(30.1776 0.495001 0)
(27.4201 0.0717276 5.99631e-18)
(22.1825 -2.30647 0)
(27.6909 1.87379 2.67468e-18)
(23.2802 -1.67442 -8.59577e-18)
(27.0715 2.06829 -6.4423e-19)
(25.3897 -2.57092 -1.4445e-18)
(29.1666 0.599989 1.09661e-18)
(14.0192 3.87149 -1.24011e-17)
(23.4773 -1.87906 2.59702e-18)
(24.3543 1.54013 0)
(31.0372 2.47037 -9.42403e-18)
(23.8632 1.34675 7.36484e-18)
(31.0546 2.78919 -2.43328e-17)
(30.9565 2.0554 9.52479e-18)
(25.2641 0.683415 -1.16993e-18)
(32.2354 -1.62048 2.42799e-18)
(28.3162 -1.67693 0)
(25.5956 1.60784 4.69599e-18)
(28.2355 0.414998 -2.54756e-17)
(25.3951 0.57645 -1.39471e-18)
(27.2184 -0.926202 -9.25484e-18)
(25.2977 1.16799 1.6943e-18)
(24.0446 0.319867 1.52056e-17)
(28.387 1.50068 0)
(23.4666 3.75874 -2.54705e-19)
(20.1681 -3.14742 -2.28698e-18)
(25.5021 -2.40731 -1.93535e-18)
(30.0856 0.295121 4.31122e-18)
(25.3143 0.672779 -8.71549e-19)
(23.2535 -1.77556 -3.50915e-18)
(28.5339 -0.302434 0)
(26.474 1.43126 7.88289e-19)
(30.0401 -3.60623 5.7185e-19)
(24.9482 0.958505 0)
(28.2993 1.57143 0)
(26.8806 0.918261 -6.31785e-18)
(31.284 -0.689397 1.81255e-18)
(15.2504 3.44765 0)
(26.5741 6.17732 0)
(28.1894 0.104911 0)
(30.9278 2.30023 -5.64537e-18)
(19.2988 0.0771603 1.34588e-17)
(9.62799 -1.46068 -2.31673e-18)
(24.9727 -0.928503 0)
(22.7305 -1.87107 1.36373e-19)
(21.3819 0.921166 -5.80182e-18)
(23.4478 -2.00201 0)
(23.9721 -0.811264 0)
(26.9742 -0.572444 0)
(23.8212 0.629878 -4.83944e-17)
(24.5734 0.776232 -6.61734e-17)
(23.1344 -1.62402 -5.82134e-18)
(25.1866 2.14901 -1.32887e-17)
(20.3238 2.98049 1.57947e-18)
(24.9218 5.75271 -1.12551e-18)
(28.0992 1.16142 0)
(25.5619 3.421 0)
(24.8339 2.7734 -2.84268e-18)
(24.9998 -0.901527 0)
(24.6117 0.354589 1.07437e-17)
(23.3682 -1.16633 1.04315e-17)
(27.0369 -0.340136 0)
(28.8596 0.864169 2.6656e-18)
(25.7736 2.48912 4.76475e-18)
(24.0127 -0.778657 7.20743e-18)
(23.9831 -0.823116 -1.02906e-17)
(23.1458 -1.54596 -2.52453e-18)
(23.091 -1.44331 5.01189e-21)
(25.2941 1.40382 -5.22673e-18)
(26.252 1.35713 9.79854e-20)
(30.7793 1.43175 0)
(25.4507 0.623506 -1.33083e-19)
(27.4676 -0.743508 0)
(27.4883 1.20897 1.76421e-18)
(26.7248 -0.880829 6.13893e-18)
(25.5451 0.815307 -2.27375e-20)
(26.8346 -4.67866 -2.43762e-19)
(26.6313 -2.59128 0)
(26.2722 -0.0829693 0)
(23.576 1.14303 1.24077e-17)
(28.077 -1.87558 6.63078e-18)
(26.8663 5.80491 2.59522e-18)
(25.3449 0.576652 4.05071e-21)
(19.5525 -0.550782 -1.40841e-17)
(26.9479 -2.38652 3.65808e-18)
(22.8741 -1.50591 -1.18007e-18)
(25.0808 -0.0392349 -1.04028e-17)
(17.3947 1.03412 -4.35249e-18)
(22.2858 -1.71892 5.77752e-18)
(26.837 0.988245 -1.80145e-17)
(24.7674 -0.90648 -1.4548e-17)
(24.8442 0.182213 -9.99316e-19)
(27.8776 6.19381 3.56196e-19)
(28.3135 3.88485 1.07894e-17)
(27.0552 3.71069 0)
(25.6333 -3.19574 -1.83994e-19)
(29.9615 5.3004 7.68745e-19)
(25.6064 4.41667 -2.50881e-19)
(15.66 3.58355 1.52842e-19)
(24.1828 3.60305 -1.32438e-18)
(22.1658 3.15955 -1.16363e-18)
(25.4603 0.631543 -1.13948e-18)
(24.6281 3.40599 -1.35216e-18)
(25.4125 -3.30717 -1.21088e-18)
(27.8269 6.29884 2.49732e-18)
(26.9093 0.522119 7.99478e-19)
(28.0968 1.42346 -8.59998e-18)
(24.8719 0.457666 4.24746e-18)
(20.2584 -2.56107 -2.5478e-18)
(27.749 1.8944 8.76923e-18)
(26.0219 0.905353 -3.90739e-18)
(28.5989 4.34617 -4.19804e-18)
(25.447 2.81507 1.96179e-18)
(26.944 3.97295 -3.22816e-18)
(24.2005 0.594322 0)
(29.8282 -3.29145 0)
(19.27 -2.86991 3.70855e-20)
(24.961 0.862322 -3.90682e-18)
(25.8449 2.03681 -6.14132e-19)
(26.6724 -2.49506 1.07413e-18)
(28.1873 -1.72167 0)
(16.7305 -2.83105 7.51518e-19)
(20.7402 -1.63198 -2.04906e-17)
(20.8714 -2.39055 0)
(22.7687 -1.57977 4.9056e-18)
(24.3943 0.829294 -1.05983e-18)
(28.6779 1.16423 1.04246e-19)
(27.614 0.848212 0)
(22.3203 -1.70796 1.7187e-17)
(25.0999 3.27844 -2.76358e-19)
(27.5841 -1.3275 7.7176e-19)
(29.0683 0.592762 -9.83786e-18)
(31.4195 -3.58141 0)
(25.1307 1.0839 -7.65719e-18)
(25.0755 2.58385 5.45699e-19)
(27.0418 2.17708 0)
(24.4346 5.24131 0)
(26.6169 0.161805 0)
(27.9902 0.631878 -5.56532e-18)
(23.3035 -0.586432 -4.6518e-18)
(24.932 0.326962 0)
(25.2281 1.08191 -1.33526e-18)
(25.1358 0.204776 -4.58699e-18)
(25.03 -0.266224 2.65096e-19)
(26.4525 2.04957 -3.90457e-18)
(22.9684 -1.70709 4.63975e-18)
(26.0142 -4.336 0)
(24.7457 0.858032 7.66507e-17)
(29.7259 -0.219773 0)
(25.9387 0.55678 -1.50935e-18)
(25.369 -0.124597 4.91447e-18)
(24.7179 2.16256 0)
(25.5745 1.9777 -3.28047e-18)
(22.1015 3.66757 -2.91029e-20)
(20.358 -3.12687 7.10138e-19)
(30.8941 -0.387818 -3.60409e-18)
(23.4999 -0.141126 -5.05961e-18)
(23.0146 1.01087 -4.25119e-18)
(27.3891 -1.05579 -4.03082e-18)
(28.722 1.11231 0)
(31.4651 -0.818443 1.76058e-19)
(26.5177 1.48192 -6.79868e-20)
(28.9566 0.800925 -2.00262e-18)
(31.1391 -3.77142 2.42741e-18)
(21.2056 4.42484 0)
(29.3335 1.08535 -5.87949e-18)
(30.9981 2.52751 2.58657e-18)
(26.6394 -0.688378 0)
(26.1056 1.26124 3.74984e-18)
(24.9573 -2.55875 -2.75264e-18)
(24.9275 0.747241 2.66115e-18)
(27.7556 -2.24907 0)
(28.2644 1.16036 -5.60743e-18)
(29.4723 3.9739 3.44057e-19)
(30.9528 1.83426 1.58173e-17)
(30.4299 -0.104626 0)
(16.8988 4.33161 -9.93647e-19)
(29.2128 1.08773 3.66918e-18)
(19.4216 -2.81994 0)
(26.7728 -2.52252 0)
(24.1399 0.680809 3.60386e-18)
(31.2186 -0.411261 -2.85406e-18)
(22.965 3.72335 0)
(26.4656 -1.74156 -1.62854e-17)
(26.074 0.61334 6.66496e-18)
(29.7445 0.985472 -2.54614e-18)
(26.552 -1.80741 3.30101e-19)
(29.1615 3.62188 -5.96849e-18)
(23.2027 3.7276 1.81527e-19)
(25.4548 0.66983 2.52314e-18)
(25.7801 0.241544 1.05661e-18)
(26.5737 5.80514 -6.06489e-20)
(28.4406 -1.00707 6.24974e-18)
(31.6958 -0.790845 2.94568e-18)
(31.9919 -1.05572 -7.15303e-19)
(30.7284 -4.41959 0)
(31.4808 -0.579108 1.42368e-18)
(23.786 3.39576 1.56909e-18)
(26.3295 -4.80321 0)
(28.6369 1.06472 0)
(31.0212 -0.264798 -3.1966e-18)
(21.1531 -2.63168 -2.70252e-18)
(25.0663 0.69629 -3.50944e-18)
(27.0829 -5.81263 -1.01759e-19)
(22.5166 3.70998 0)
(25.8737 0.0178475 5.99297e-19)
(26.7635 0.885169 0)
(30.3274 0.590103 2.6608e-18)
(26.0399 5.82976 0)
(30.0508 -4.95517 1.08622e-18)
(27.0514 0.848389 -1.36052e-17)
(23.9116 5.9162 -5.57936e-18)
(30.8355 -3.84096 -2.96334e-18)
(27.4447 -1.38027 1.72369e-18)
(24.513 -2.83152 0)
(21.7147 -1.7591 -4.89918e-18)
(32.2138 -2.17239 4.55497e-18)
(29.9085 0.0187226 -7.14534e-18)
(28.6527 -0.920605 -1.84267e-19)
(27.9035 0.0981688 -5.50021e-18)
(25.2019 0.519439 6.41108e-18)
(26.8223 0.495373 3.05544e-18)
(27.7805 -1.99236 0)
(26.8622 0.189263 1.1679e-17)
(28.791 0.650823 -1.31347e-18)
(27.4169 -0.393507 -9.18322e-18)
(24.956 6.22603 0)
(23.5388 1.39705 0)
(30.6064 -4.13538 0)
(25.6054 5.89244 3.19229e-18)
(30.365 2.1076 -4.32682e-18)
(24.9971 1.01431 -5.06132e-18)
(30.3308 -4.45352 0)
(22.7373 1.43588 -3.47925e-18)
(27.798 -2.0925 -5.36572e-18)
(19.8309 -2.90082 9.4979e-20)
(24.7509 5.98118 4.53094e-18)
(24.5022 -3.08135 0)
(18.6093 -3.04768 1.12517e-18)
(23.9442 0.363608 0)
(25.6425 6.20503 2.82413e-18)
(26.7013 -5.92061 -3.5743e-19)
(22.1813 1.16031 8.95445e-18)
(30.0038 -4.70507 8.73417e-19)
(25.4836 5.84818 -1.4896e-18)
(23.6518 -0.748049 1.35478e-17)
(25.894 1.36685 8.82291e-18)
(25.8962 -2.24755 1.26486e-18)
(24.4954 -2.44087 9.02055e-19)
(11.9461 -1.2068 2.54802e-18)
(16.6808 -2.77023 -1.16171e-18)
(29.6025 -4.96105 2.30118e-18)
(27.0353 -5.51089 0)
(29.128 2.93552 1.51961e-17)
(25.6766 -5.22618 7.19638e-19)
(27.7317 2.00341 7.70055e-18)
(22.7461 2.47077 -1.20369e-18)
(25.0387 5.99406 0)
(28.5649 4.51901 -6.00262e-18)
(26.253 -5.72388 0)
(28.9385 4.39187 1.55116e-18)
(29.3394 0.545202 6.14816e-18)
(27.0815 -0.744121 1.64813e-18)
(23.7418 3.65791 1.50542e-19)
(22.5705 0.248673 -1.08794e-17)
(26.6212 -1.65191 7.94187e-18)
(22.4126 3.12019 1.30622e-18)
(23.1836 -3.27179 3.02238e-18)
(29.6077 -0.182409 7.71375e-18)
(25.9588 -0.110387 6.22182e-18)
(21.4922 3.61287 -6.16158e-19)
(22.7257 -0.154257 6.01189e-18)
(26.7418 0.565047 -1.11121e-18)
(28.3897 6.22628 0)
(23.9605 5.99461 0)
(24.6035 -2.8251 0)
(29.9139 0.578964 1.26829e-17)
(24.7048 -0.721257 -4.30895e-18)
(26.3773 5.94421 0)
(27.2331 -2.1864 0)
(29.5979 -0.184175 7.58965e-18)
(21.9742 -3.28885 -4.65505e-19)
(20.2891 -0.656385 1.00908e-17)
(23.8258 5.76785 -1.19293e-18)
(20.7451 4.88701 1.54682e-18)
(20.0792 -2.03986 -7.12642e-18)
(22.8913 -0.0229067 6.52578e-18)
(25.5744 2.71038 9.59374e-19)
(20.0617 -2.93392 -1.6231e-18)
(26.3046 1.87024 -2.55414e-18)
(29.4725 1.53728 -1.24682e-17)
(24.8691 3.40179 -1.4618e-17)
(29.427 -3.60572 3.20877e-18)
(27.4141 2.45876 0)
(25.3036 0.670747 4.66475e-18)
(28.5137 1.13799 1.74524e-18)
(27.005 2.22112 0)
(24.0216 1.82499 -5.49118e-18)
(16.001 -2.55859 0)
(26.5249 -2.78732 -9.59152e-19)
(28.9136 1.13308 2.76005e-18)
(28.4731 -0.0470736 -2.87938e-18)
(16.9544 -2.79401 2.08443e-18)
(26.3553 -2.06729 0)
(24.5878 0.455053 -8.93036e-18)
(26.5126 2.492 1.02613e-17)
(22.5782 -3.49094 -7.46427e-19)
(29.6553 -3.8314 -2.88954e-18)
(25.2798 5.64562 -2.53842e-19)
(26.2369 2.49285 4.44394e-19)
(27.8951 5.56455 0)
(21.5193 1.74297 -1.35158e-17)
(29.4822 3.55285 -1.07597e-17)
(26.4503 0.138912 6.83461e-19)
(24.0047 0.080687 -5.87833e-18)
(31.1191 -3.61722 7.55697e-20)
(28.9042 3.4024 6.6565e-18)
(19.541 -2.92042 1.83075e-18)
(24.355 0.758825 1.5706e-17)
(24.7196 -0.871983 -6.14267e-18)
(25.5626 1.87992 -4.22085e-18)
(22.4396 -3.22693 -9.08804e-19)
(29.5 1.51583 1.39427e-18)
(23.4657 -1.39434 6.46434e-18)
(23.2526 -4.73555 4.79133e-18)
(27.3074 4.54146 7.61932e-18)
(23.3835 0.513766 6.55689e-17)
(22.8582 -4.43732 -2.09643e-18)
(29.539 3.9497 4.54763e-18)
(17.5238 -2.98785 0)
(29.9633 0.14905 -8.14105e-18)
(27.5617 6.18859 0)
(29.13 4.05373 2.21176e-17)
(23.9002 3.65624 6.34436e-19)
(25.4203 0.606046 1.37608e-18)
(27.4368 0.117142 0)
(28.2619 -1.68421 1.00763e-18)
(21.865 -3.37984 0)
(23.2974 5.66613 0)
(28.0856 5.96233 0)
(20.7661 0.576151 3.21472e-18)
(26.8511 -1.52129 1.53919e-17)
(27.1282 -2.29083 4.53707e-18)
(24.7729 5.50054 -1.00095e-19)
(23.7797 -0.482177 -6.44192e-18)
(24.941 0.679565 -8.68933e-18)
(25.9751 -2.02116 -7.15333e-19)
(29.2452 3.25973 4.53785e-19)
(22.0301 1.81783 4.33423e-18)
(26.3724 -1.96407 1.07426e-17)
(26.6676 -5.66286 7.02668e-19)
(24.7058 5.53426 2.70318e-19)
(25.7047 -3.10861 2.79271e-18)
(16.8754 0.119336 -1.33154e-17)
(20.9043 -3.27562 4.26631e-19)
(18.791 0.734363 4.48734e-18)
(25.6972 0.916972 9.0728e-19)
(18.1987 -2.92775 6.48088e-21)
(23.4261 -4.50732 0)
(29.0819 -2.26209 0)
(20.3592 0.0817988 1.08305e-16)
(25.3169 0.441964 -6.34767e-18)
(19.0439 -3.00464 0)
(24.0701 1.5576 0)
(27.8591 5.28803 9.61522e-18)
(22.4845 1.12635 0)
(26.6656 -2.40742 0)
(26.2805 0.0123964 -3.74319e-18)
(27.4941 -1.05807 -2.53521e-18)
(27.0658 4.70078 0)
(26.4854 1.44292 -5.58888e-19)
(26.3278 0.213311 -6.0894e-18)
(25.2876 5.84599 -5.43293e-19)
(26.3747 0.830064 -3.61216e-18)
(30.3166 -3.34514 -6.43612e-20)
(28.3515 6.02384 0)
(23.5573 0.00548236 -1.7106e-19)
(26.627 0.535891 9.55238e-19)
(15.62 -2.27399 5.88253e-18)
(28.4405 -0.824007 9.12507e-18)
(24.5254 5.6379 1.95368e-19)
(22.2334 5.08576 -2.77745e-19)
(23.6171 0.0273051 2.54738e-18)
(26.0283 -0.200041 -5.15755e-18)
(25.4476 5.97977 -1.12075e-19)
(28.8403 3.78658 -1.73196e-17)
(22.4711 5.03332 0)
(20.9504 0.582287 7.42591e-18)
(23.2734 -1.04596 3.73341e-19)
(26.9883 -1.52147 0)
(24.0371 -3.38655 -3.58807e-18)
(24.4386 2.17029 6.94981e-18)
(23.0582 5.4352 1.70117e-21)
(24.4849 1.75032 0)
(23.8251 -0.149656 3.8693e-19)
(25.7649 -0.0262858 3.13891e-18)
(26.651 -1.68422 7.76085e-19)
(26.8031 0.373019 9.48142e-20)
(26.2633 3.93673 -1.39751e-18)
(27.3626 -1.33071 -4.83832e-18)
(20.7953 0.683891 -5.69117e-18)
(22.1537 5.18883 5.12795e-19)
(20.822 -0.146201 -1.75009e-17)
(19.3321 0.272985 5.66704e-18)
(26.9226 -2.00764 0)
(25.8112 -3.06763 -2.23765e-18)
(21.5766 -2.33822 -6.20018e-18)
(26.9187 0.423575 1.95224e-17)
(25.6732 -3.2598 5.63423e-18)
(23.2071 5.34081 3.78289e-19)
(24.3034 1.98832 0)
(25.6951 -2.01462 0)
(24.9595 5.84338 1.15436e-19)
(24.4661 -3.10964 -1.05706e-18)
(26.5722 6.34612 5.96177e-19)
(12.1109 -1.52996 1.03093e-17)
(11.2493 -1.43888 1.11844e-17)
(24.9837 -2.20404 0)
(30.5884 1.23121 2.24055e-17)
(25.4591 -3.06469 3.54963e-19)
)
;

boundaryField
{
    frontAndBack
    {
        type            empty;
    }
    upperAndLower
    {
        type            symmetry;
    }
    outlet
    {
        type            freestreamVelocity;
        freestreamValue uniform (25.75 3.62 0);
        value           nonuniform List<vector> 10((25.9423 -0.0161029 0) (28.0582 0.0453455 -2.90363e-19) (21.9294 0.00294772 0) (23.7398 0.0851926 -7.81552e-19) (24.9026 -0.00166886 0) (29.5377 -0.0164775 0) (19.6587 0.0394439 0) (31.3956 0.0128398 0) (26.8052 0.0083511 6.53859e-18) (25.5651 0.0195254 0));
    }
    inlet
    {
        type            freestreamVelocity;
        freestreamValue uniform (25.75 3.62 0);
        value           nonuniform List<vector> 10((25.75 3.61901 0) (25.75 3.61887 0) (25.7502 3.61904 5.65476e-19) (25.7499 3.61842 -2.53239e-18) (25.7502 3.61824 0) (25.7501 3.61881 -9.25585e-19) (25.75 3.61938 0) (25.7499 3.61924 0) (25.7495 3.61709 0) (25.7503 3.61742 0));
    }
    airfoil
    {
        type            noSlip;
    }
}


// ************************************************************************* //
