/*--------------------------------*- C++ -*----------------------------------*\
  =========                 |
  \\      /  F ield         | OpenFOAM: The Open Source CFD Toolbox
   \\    /   O peration     | Website:  https://openfoam.org
    \\  /    A nd           | Version:  10
     \\/     M anipulation  |
\*---------------------------------------------------------------------------*/
FoamFile
{
    format      ascii;
    class       volScalarField;
    location    "0.4";
    object      p;
}
// * * * * * * * * * * * * * * * * * * * * * * * * * * * * * * * * * * * * * //

dimensions      [0 2 -2 0 0 0 0];

internalField   nonuniform List<scalar> 
1600
(
-4.21229e-08
0.000150889
0.000308207
0.000421304
0.000456226
0.000395846
0.000233878
-3.16112e-05
-0.000401746
-0.000878376
-0.00146466
-0.00216521
-0.00298611
-0.0039349
-0.00502053
-0.0062535
-0.00764589
-0.00921162
-0.0109666
-0.0129293
-0.0151208
-0.0175661
-0.0202941
-0.0233398
-0.0267452
-0.0305624
-0.0348576
-0.0397179
-0.0452624
-0.0516626
-0.0591769
-0.0682154
-0.0794611
-0.0941099
-0.114378
-0.144561
-0.193109
-0.279036
-0.459946
-0.832387
-0.000155063
-4.65393e-06
0.000108026
0.000168424
0.000159434
6.52641e-05
-0.000123102
-0.000410882
-0.000802053
-0.00130056
-0.00191095
-0.0026388
-0.00349087
-0.00447525
-0.00560152
-0.00688081
-0.00832604
-0.00995211
-0.0117763
-0.0138185
-0.0161023
-0.0186552
-0.0215103
-0.0247074
-0.0282959
-0.0323375
-0.0369118
-0.042124
-0.0481175
-0.0550932
-0.0633412
-0.0732914
-0.0855951
-0.101252
-0.121795
-0.149541
-0.187708
-0.238787
-0.29786
-0.354659
-0.000314938
-0.000122278
-1.10059e-05
3.11735e-05
2.63558e-06
-0.000109241
-0.000313142
-0.000614812
-0.00101913
-0.00153091
-0.00215543
-0.00289879
-0.00376815
-0.00477199
-0.0059202
-0.0072243
-0.0086976
-0.0103555
-0.0122158
-0.0142993
-0.0166302
-0.0192374
-0.0221552
-0.0254253
-0.0290988
-0.0332397
-0.0379295
-0.0432741
-0.0494138
-0.056538
-0.0649055
-0.0748721
-0.0869242
-0.101703
-0.119958
-0.14233
-0.168932
-0.197717
-0.21427
-0.184884
-0.000426467
-0.00018692
-6.19419e-05
-2.20256e-05
-5.75787e-05
-0.00017802
-0.000390609
-0.000700453
-0.00111239
-0.00163147
-0.00226323
-0.00301404
-0.0038913
-0.00490365
-0.00606118
-0.00737551
-0.00886011
-0.0105305
-0.0124046
-0.0145032
-0.0168507
-0.0194759
-0.0224127
-0.0257023
-0.0293943
-0.0335503
-0.0382467
-0.0435806
-0.049676
-0.0566925
-0.0648352
-0.0743629
-0.0855863
-0.0988321
-0.114301
-0.13172
-0.149899
-0.165735
-0.166967
-0.129519
-0.000455486
-0.000182432
-4.48257e-05
-3.23674e-06
-4.12155e-05
-0.00016585
-0.000383036
-0.000697076
-0.00111249
-0.00163428
-0.00226805
-0.00302026
-0.0038984
-0.00491118
-0.0060687
-0.0073826
-0.00886627
-0.0105351
-0.0124068
-0.014502
-0.0168444
-0.0194619
-0.0223874
-0.02566
-0.0293263
-0.0334429
-0.0380786
-0.0433185
-0.049267
-0.0560528
-0.0638307
-0.0727779
-0.083072
-0.0948249
-0.107907
-0.121584
-0.134109
-0.142171
-0.136695
-0.103057
-0.00038708
-9.55341e-05
5.02467e-05
9.40951e-05
5.58594e-05
-7.00794e-05
-0.000288562
-0.000603167
-0.00101802
-0.00153794
-0.00216847
-0.00291602
-0.00378808
-0.00479331
-0.00594173
-0.00724486
-0.00871586
-0.0103698
-0.012224
-0.0142984
-0.0166158
-0.019203
-0.0220907
-0.0253154
-0.0289198
-0.0329545
-0.03748
-0.0425685
-0.0483061
-0.054794
-0.0621458
-0.0704768
-0.0798709
-0.0902995
-0.101439
-0.112335
-0.121088
-0.124695
-0.116862
-0.0887559
-0.000218463
7.91118e-05
0.000228165
0.000273368
0.000235666
0.000110283
-0.000106881
-0.000418839
-0.000829345
-0.00134299
-0.00196516
-0.00270217
-0.00356141
-0.00455142
-0.00568206
-0.00696459
-0.00841189
-0.0100386
-0.0118614
-0.0138994
-0.0161743
-0.0187113
-0.021539
-0.0246907
-0.0282047
-0.0321258
-0.0365061
-0.0414059
-0.0468951
-0.0530516
-0.0599563
-0.0676781
-0.076234
-0.0855037
-0.095054
-0.103856
-0.110093
-0.111316
-0.103403
-0.0810642
4.76158e-05
0.000341941
0.000489835
0.000534836
0.000497656
0.000373974
0.000160181
-0.000146337
-0.000549029
-0.00105225
-0.00166123
-0.00238212
-0.00322216
-0.00418972
-0.00529444
-0.00654729
-0.00796075
-0.00954895
-0.0113279
-0.0133157
-0.015533
-0.0180031
-0.0207524
-0.0238111
-0.0272133
-0.0309979
-0.0352093
-0.0398974
-0.0451178
-0.0509291
-0.0573861
-0.0645216
-0.0723044
-0.0805544
-0.0887851
-0.0959827
-0.100529
-0.100545
-0.0934578
-0.0761709
0.000406395
0.000690978
0.000834175
0.000877404
0.000840458
0.000719278
0.000510574
0.000211996
-0.000179665
-0.000668563
-0.00125974
-0.00195919
-0.00277396
-0.00371223
-0.00478336
-0.00599801
-0.00736823
-0.00890759
-0.0106314
-0.0125568
-0.0147031
-0.017092
-0.0197477
-0.0226973
-0.0259708
-0.0296021
-0.0336283
-0.0380903
-0.0430312
-0.0484935
-0.0545105
-0.0610866
-0.0681554
-0.0754997
-0.082618
-0.0885642
-0.0919591
-0.0914134
-0.085383
-0.0721011
0.000852567
0.00112293
0.00125877
0.00129893
0.00126195
0.00114395
0.00094188
0.000653556
0.000275955
-0.000194896
-0.000763863
-0.00143677
-0.00222048
-0.00312292
-0.00415319
-0.00532161
-0.00663977
-0.0081207
-0.00977897
-0.0116308
-0.0136944
-0.0159897
-0.0185387
-0.0213659
-0.0244976
-0.0279628
-0.0317925
-0.0360193
-0.0406759
-0.0457908
-0.0513796
-0.0574243
-0.0638334
-0.0703697
-0.0765423
-0.0814992
-0.0840994
-0.0833421
-0.0783367
-0.0681031
0.00138076
0.00163371
0.00176024
0.00179635
0.00175918
0.00164506
0.00145108
0.00117521
0.000814553
0.000365312
-0.000177222
-0.000818694
-0.00156576
-0.00242613
-0.00340862
-0.00452317
-0.00578098
-0.00719453
-0.00877769
-0.0105459
-0.012516
-0.0147066
-0.0171378
-0.0198314
-0.0228107
-0.0261002
-0.0297255
-0.0337122
-0.0380836
-0.0428567
-0.0480324
-0.0535756
-0.0593777
-0.0651945
-0.0705617
-0.0747309
-0.0767759
-0.0759903
-0.0718883
-0.0639436
0.00198557
0.0022187
0.00233447
0.00236584
0.00232849
0.00221896
0.00203451
0.00177321
0.00143228
0.00100808
0.000496042
-0.000109293
-0.000814383
-0.0016267
-0.00255478
-0.00360824
-0.00479785
-0.00613558
-0.0076347
-0.00930979
-0.0111768
-0.0132529
-0.0155565
-0.0181073
-0.0209255
-0.0240321
-0.0274479
-0.0311924
-0.0352811
-0.0397215
-0.0445026
-0.0495765
-0.0548245
-0.0600043
-0.0646874
-0.0682269
-0.0698797
-0.0691554
-0.0658125
-0.0595812
0.00266147
0.00287284
0.00297672
0.0030029
0.00296554
0.00286138
0.0026879
0.00244322
0.00212471
0.00172884
0.00125121
0.000686523
2.85319e-05
-0.000730011
-0.00159736
-0.00258282
-0.00369678
-0.00495075
-0.00635745
-0.00793076
-0.00968573
-0.0116385
-0.0138059
-0.0162058
-0.0188561
-0.0217745
-0.024978
-0.0284808
-0.0322923
-0.0364119
-0.0408197
-0.0454587
-0.0502051
-0.0548253
-0.05893
-0.0619654
-0.0633383
-0.0627132
-0.0599926
-0.055048
0.00340263
0.0035906
0.00368172
0.00370246
0.00366534
0.00356741
0.00340633
0.0031803
0.00288679
0.00252242
0.00208294
0.00156324
0.000957252
0.000257966
-0.000542615
-0.00145349
-0.00248471
-0.00364738
-0.00495374
-0.0064171
-0.00805181
-0.00987305
-0.0118967
-0.0141387
-0.0166154
-0.0193419
-0.022332
-0.0255958
-0.0291377
-0.032951
-0.0370089
-0.0412488
-0.0455456
-0.0496779
-0.0532957
-0.0559272
-0.0570988
-0.0565838
-0.0543674
-0.0503981
0.00420287
0.00436601
0.00444369
0.00445886
0.00442237
0.00433156
0.00418429
0.00397887
0.00371287
0.00338303
0.0029853
0.00251471
0.00196542
0.00133063
0.000602598
-0.000227394
-0.00116908
-0.00223324
-0.00343172
-0.0047774
-0.00628408
-0.00796626
-0.00983892
-0.0119171
-0.0142155
-0.0167475
-0.0195245
-0.0225535
-0.0258351
-0.0293581
-0.0330911
-0.036968
-0.0408653
-0.0445755
-0.0477854
-0.050093
-0.0511188
-0.0507116
-0.0489029
-0.0456829
0.00505558
0.00519264
0.00525633
0.00526593
0.00523051
0.00514774
0.0050157
0.00483278
0.00459668
0.00430428
0.00395169
0.00353416
0.00304602
0.00248073
0.00183078
0.00108772
0.000242084
-0.000716629
-0.00179997
-0.0030205
-0.00439167
-0.00592756
-0.00764264
-0.00955128
-0.0116672
-0.0140029
-0.0165678
-0.0193672
-0.0223989
-0.0256487
-0.0290821
-0.0326315
-0.0361769
-0.0395245
-0.0423943
-0.0444424
-0.0453621
-0.0450546
-0.0435769
-0.0409424
0.00595368
0.00606357
0.00611286
0.00611698
0.00608313
0.00600934
0.0058939
0.0057353
0.00553136
0.00527915
0.00497493
0.00461417
0.00419143
0.00370039
0.00313382
0.00248349
0.00174019
0.000893656
-6.74586e-05
-0.00115554
-0.00238385
-0.00376635
-0.00531728
-0.00705082
-0.00898041
-0.0111179
-0.0134722
-0.0160474
-0.0188399
-0.0218337
-0.0249927
-0.0282491
-0.0314868
-0.0345253
-0.0371131
-0.0389536
-0.0397966
-0.0395789
-0.0383719
-0.0362037
0.00688966
0.00697147
0.00700605
0.00700484
0.00697311
0.00690921
0.00681169
0.00667913
0.00650949
0.00630002
0.00604719
0.00574668
0.00539333
0.00498107
0.0045029
0.00395088
0.00331602
0.00258824
0.00175634
0.000807986
-0.000270101
-0.00149195
-0.002872
-0.00442464
-0.00616357
-0.00810088
-0.0102456
-0.0126017
-0.0151653
-0.0179199
-0.0208287
-0.0238246
-0.0267957
-0.0295729
-0.0319286
-0.0336043
-0.0343925
-0.0342551
-0.033272
-0.0314824
0.00785555
0.00790853
0.00792822
0.0079219
0.00789284
0.00783973
0.00776137
0.00765644
0.00752306
0.00735868
0.00716001
0.00692301
0.00664277
0.00631352
0.00592856
0.0054802
0.0049597
0.00435714
0.0036614
0.00286013
0.00193986
0.000886238
-0.00031568
-0.00168097
-0.0032242
-0.00495841
-0.00689363
-0.00903481
-0.0113788
-0.0139095
-0.0165909
-0.0193567
-0.0220989
-0.0246579
-0.0268249
-0.0283712
-0.0291218
-0.0290563
-0.0282606
-0.0267846
0.008843
0.00886659
0.00887128
0.00886012
0.00883428
0.00879281
0.00873474
0.00865887
0.00856352
0.00844635
0.00830436
0.00813378
0.00793007
0.00768778
0.00740054
0.00706096
0.00666056
0.00618959
0.00563701
0.00499036
0.00423586
0.00335862
0.00234286
0.0011724
-0.000168796
-0.00169549
-0.00341965
-0.00534823
-0.00747998
-0.00980051
-0.0122751
-0.014839
-0.017387
-0.0197666
-0.0217832
-0.0232302
-0.0239573
-0.0239563
-0.0233197
-0.0221088
0.00984326
0.00983707
0.00982678
0.00981107
0.00978899
0.00975993
0.00972316
0.00967762
0.00962183
0.0095537
0.00947057
0.00936902
0.00924489
0.00909313
0.00890777
0.00868178
0.00840708
0.00807396
0.00767158
0.00718733
0.00660704
0.00591509
0.00509463
0.00412791
0.00299688
0.00168424
0.000175119
-0.00154063
-0.00346493
-0.00558629
-0.00787226
-0.0102599
-0.0126458
-0.0148815
-0.016782
-0.0181562
-0.0188713
-0.0189285
-0.0184285
-0.0174465
0.0108473
0.0108111
0.010786
0.010766
0.0107482
0.0107322
0.0107176
0.0107034
0.0106885
0.0106709
0.0106484
0.0106181
0.0105762
0.0105181
0.0104384
0.0103305
0.0101866
0.00999752
0.00975241
0.0094386
0.0090415
0.00854469
0.00793
0.00717777
0.00626735
0.00517814
0.00389125
0.00239209
0.000674052
-0.00125566
-0.00336796
-0.00560278
-0.00785595
-0.00998103
-0.0117967
-0.0131216
-0.0138346
-0.0139445
-0.0135627
-0.0127827
0.0118458
0.0117797
0.0117398
0.011716
0.0117029
0.0117005
0.0117087
0.0117267
0.0117534
0.0117876
0.0118272
0.0118697
0.0119121
0.0119504
0.0119796
0.0119937
0.0119855
0.0119463
0.0118655
0.0117303
0.011526
0.0112351
0.0108382
0.0103134
0.00963689
0.00878399
0.00773068
0.00645641
0.00494819
0.00320727
0.00125848
-0.000845624
-0.00299267
-0.00503825
-0.00679905
-0.00809612
-0.00881526
-0.00897148
-0.00869218
-0.0080945
0.0128292
0.0127333
0.012679
0.0126517
0.0126437
0.0126554
0.0126868
0.0127374
0.0128065
0.012893
0.0129955
0.0131121
0.0132403
0.0133769
0.0135175
0.013657
0.0137889
0.0139049
0.0139951
0.0140468
0.0140452
0.0139721
0.0138067
0.0135246
0.0130986
0.0124992
0.0116959
0.0106607
0.00937198
0.00782225
0.0060287
0.0040451
0.00197759
-1.94328e-05
-0.0017553
-0.00304472
-0.00377584
-0.00396992
-0.00377773
-0.00334932
0.0137879
0.0136627
0.0135944
0.0135638
0.0135612
0.0135872
0.0136421
0.0137255
0.013837
0.013976
0.0141417
0.0143328
0.0145476
0.0147836
0.0150374
0.0153049
0.0155802
0.0158562
0.0161235
0.0163703
0.0165815
0.0167388
0.0168201
0.0167986
0.0166434
0.0163195
0.0157891
0.0150145
0.013963
0.0126156
0.0109794
0.00910339
0.00709381
0.00511648
0.00337773
0.00207579
0.00132933
0.00111085
0.00123429
0.00149951
0.0147122
0.0145584
0.0144766
0.0144431
0.0144461
0.0144864
0.0145646
0.0146805
0.014834
0.0150252
0.0152537
0.015519
0.0158202
0.0161558
0.0165235
0.0169203
0.0173415
0.0177812
0.018231
0.0186801
0.0191141
0.0195148
0.0198591
0.0201185
0.0202583
0.0202376
0.0200101
0.0195268
0.0187409
0.0176177
0.01615
0.0143783
0.0124095
0.0104238
0.00865329
0.0073228
0.00656546
0.0063423
0.00642254
0.0065181
0.0155925
0.015411
0.0153162
0.0152802
0.0152889
0.0153433
0.0154444
0.0155921
0.0157868
0.016029
0.0163191
0.0166573
0.0170437
0.017478
0.0179591
0.0184852
0.0190532
0.0196587
0.0202949
0.0209525
0.0216184
0.0222751
0.0228995
0.0234619
0.0239243
0.0242402
0.0243542
0.0242039
0.0237252
0.0228629
0.0215896
0.0199311
0.0179936
0.0159759
0.014147
0.0127753
0.0120206
0.0118292
0.0118907
0.0118276
0.0164193
0.0162114
0.0161043
0.016066
0.0160803
0.0161485
0.0162717
0.0164501
0.0166845
0.0169758
0.0173254
0.0177343
0.0182036
0.0187342
0.0193265
0.0199802
0.0206941
0.0214656
0.0222901
0.0231603
0.0240652
0.0249893
0.0259103
0.0267986
0.0276142
0.0283056
0.0288083
0.0290456
0.0289326
0.0283881
0.0273561
0.0258396
0.0239385
0.0218737
0.0199657
0.0185482
0.0178256
0.0177255
0.0178175
0.0175821
0.0171833
0.0169504
0.0168319
0.0167918
0.0168116
0.0168929
0.017037
0.0172444
0.0175163
0.0178543
0.0182603
0.0187365
0.019285
0.0199081
0.0206077
0.0213853
0.0222417
0.0231767
0.0241884
0.0252723
0.0264206
0.0276204
0.0288525
0.0300887
0.031289
0.0323989
0.0333462
0.0340396
0.0343712
0.0342277
0.0335147
0.0322002
0.0303679
0.0282604
0.0262665
0.0248154
0.0241831
0.0242722
0.0244704
0.0240351
0.0178754
0.0176196
0.0174908
0.0174491
0.0174742
0.0175678
0.0177312
0.0179654
0.018272
0.0186532
0.0191117
0.0196506
0.0202732
0.0209832
0.021784
0.0226794
0.0236723
0.0247652
0.0259593
0.027254
0.0286452
0.0301248
0.0316779
0.0332803
0.034895
0.0364676
0.0379215
0.0391529
0.0400309
0.0404051
0.0401324
0.0391289
0.0374459
0.0353413
0.0332875
0.0318489
0.0314128
0.0318507
0.0322724
0.0315878
0.0184871
0.0182108
0.018073
0.0180304
0.0180604
0.0181651
0.018346
0.0186043
0.0189421
0.0193622
0.0198681
0.0204638
0.0211539
0.0219433
0.0228373
0.0238416
0.0249617
0.026203
0.0275704
0.0290675
0.0306954
0.0324518
0.0343284
0.0363081
0.0383605
0.0404363
0.0424599
0.0443212
0.0458697
0.0469176
0.0472641
0.0467549
0.045384
0.0434075
0.041391
0.0400796
0.0400253
0.0410695
0.0418966
0.0408739
0.0190097
0.0187165
0.0185718
0.0185287
0.0185633
0.0186777
0.0188737
0.0191528
0.0195176
0.0199714
0.0205187
0.0211642
0.0219136
0.0227732
0.02375
0.0248516
0.0260861
0.0274621
0.0289884
0.0306733
0.0325239
0.0345451
0.0367371
0.0390931
0.0415941
0.0442021
0.0468512
0.0494349
0.0517942
0.0537111
0.0549259
0.0551983
0.0544343
0.0528557
0.0511142
0.0501769
0.0508293
0.0528953
0.0544149
0.0528972
0.0194354
0.0191302
0.018981
0.0189383
0.0189771
0.0190994
0.0193078
0.0196039
0.0199908
0.0204726
0.0210541
0.0217411
0.0225403
0.0234591
0.024506
0.0256905
0.0270233
0.028516
0.0301811
0.0320321
0.0340825
0.0363451
0.0388308
0.0415454
0.044486
0.0476336
0.050943
0.0543267
0.0576363
0.0606447
0.0630484
0.0645197
0.0648495
0.0641776
0.0631996
0.0631158
0.0650631
0.0688394
0.0715267
0.0692537
0.0197566
0.0194466
0.0192964
0.0192551
0.0192973
0.0194257
0.0196431
0.0199519
0.0203555
0.0208586
0.0214665
0.0221858
0.0230239
0.0239893
0.0250917
0.0263424
0.027754
0.0293411
0.0311197
0.0331081
0.0353259
0.0377943
0.0405352
0.0435696
0.0469142
0.0505761
0.0545424
0.0587641
0.0631318
0.0674473
0.0714051
0.0746219
0.0767725
0.0778657
0.0785656
0.0802733
0.0845288
0.0911843
0.0959069
0.0925107
0.0199673
0.0196626
0.0195156
0.0194766
0.0195212
0.019653
0.0198758
0.0201924
0.0206068
0.021124
0.0217499
0.0224915
0.0233567
0.0243549
0.0254967
0.0267947
0.0282632
0.029919
0.0317811
0.0338715
0.0362156
0.0388419
0.0417831
0.045075
0.048756
0.0528635
0.0574272
0.0624551
0.0679106
0.0736772
0.0795219
0.0850903
0.0900061
0.0941477
0.0980609
0.103229
0.111598
0.123204
0.13172
0.126921
0.0200644
0.0197783
0.0196393
0.0196027
0.0196478
0.0197798
0.0200035
0.0203226
0.0207414
0.0212653
0.0219004
0.0226538
0.0235339
0.0245504
0.0257147
0.0270399
0.0285417
0.0302381
0.0321503
0.034303
0.0367254
0.0394518
0.0425235
0.045989
0.0499065
0.0543433
0.0593752
0.0650798
0.0715215
0.0787218
0.0866171
0.095025
0.103688
0.112493
0.121879
0.13328
0.148955
0.1693
0.185398
0.180032
0.0200516
0.0198
0.0196733
0.0196377
0.01968
0.019808
0.0200277
0.0203437
0.0207605
0.0212837
0.0219192
0.0226743
0.0235572
0.0245778
0.0257476
0.0270802
0.0285916
0.0303004
0.0322287
0.0344023
0.0368524
0.0396165
0.0427407
0.046282
0.050312
0.054922
0.0602277
0.0663746
0.0735383
0.0819159
0.0917014
0.103055
0.116108
0.131092
0.148653
0.170312
0.198628
0.234423
0.266239
0.266478
0.0199462
0.019743
0.0196295
0.0195904
0.0196245
0.019743
0.0199533
0.0202606
0.0206695
0.021185
0.021813
0.0225602
0.0234347
0.0244461
0.0256059
0.0269273
0.0284262
0.0301209
0.0320332
0.0341887
0.0366183
0.0393596
0.042459
0.0459755
0.0499856
0.0545916
0.0599326
0.0662018
0.0736662
0.0826906
0.0937572
0.107483
0.124651
0.146309
0.173996
0.210127
0.258144
0.319736
0.384098
0.415351
0.0197856
0.0196258
0.0195099
0.0194507
0.0194637
0.019563
0.0197564
0.0200482
0.0204423
0.0209424
0.0215537
0.0222822
0.0231355
0.0241227
0.0252546
0.0265439
0.0280055
0.0296567
0.0315177
0.0336125
0.0359692
0.0386219
0.0416123
0.0449931
0.048833
0.0532254
0.0583027
0.0642597
0.0713901
0.0801413
0.0911922
0.105559
0.124744
0.15098
0.187636
0.239699
0.313897
0.417382
0.554124
0.703518
0.0196247
0.0194646
0.0193025
0.0191886
0.0191562
0.0192204
0.0193858
0.0196534
0.0200236
0.0204983
0.0210809
0.0217765
0.0225915
0.0235344
0.024615
0.0258447
0.027237
0.028807
0.0305724
0.0325533
0.0347728
0.0372576
0.0400384
0.0431519
0.0466428
0.0505695
0.0550143
0.0601046
0.0660526
0.0732264
0.0822742
0.0943337
0.111397
0.136973
0.177158
0.241679
0.345083
0.518003
0.831943
1.30387
)
;

boundaryField
{
    frontAndBack
    {
        type            empty;
    }
    fixedWalls
    {
        type            zeroGradient;
    }
    movingWall
    {
        type            zeroGradient;
    }
}


// ************************************************************************* //
