/*--------------------------------*- C++ -*----------------------------------*\
  =========                 |
  \\      /  F ield         | OpenFOAM: The Open Source CFD Toolbox
   \\    /   O peration     | Website:  https://openfoam.org
    \\  /    A nd           | Version:  10
     \\/     M anipulation  |
\*---------------------------------------------------------------------------*/
FoamFile
{
    format      ascii;
    class       surfaceScalarField;
    location    "0.4";
    object      phi;
}
// * * * * * * * * * * * * * * * * * * * * * * * * * * * * * * * * * * * * * //

dimensions      [0 3 -1 0 0 0 0];

internalField   nonuniform List<scalar> 
3120
(
-4.68105e-08
4.68394e-08
2.32869e-07
-2.7968e-07
8.4073e-07
-6.07862e-07
1.68643e-06
-8.4571e-07
2.68895e-06
-1.00252e-06
3.79309e-06
-1.10413e-06
4.96777e-06
-1.17468e-06
6.20013e-06
-1.23236e-06
7.48913e-06
-1.289e-06
8.84066e-06
-1.35153e-06
1.02645e-05
-1.42386e-06
1.17727e-05
-1.50822e-06
1.33789e-05
-1.60618e-06
1.5098e-05
-1.71913e-06
1.69467e-05
-1.84867e-06
1.89434e-05
-1.99675e-06
2.11093e-05
-2.16586e-06
2.34685e-05
-2.35919e-06
2.60494e-05
-2.58085e-06
2.88855e-05
-2.83618e-06
3.20177e-05
-3.13219e-06
3.5496e-05
-3.47824e-06
3.93829e-05
-3.88697e-06
4.37588e-05
-4.37586e-06
4.87283e-05
-4.9695e-06
5.44316e-05
-5.70326e-06
6.10605e-05
-6.62898e-06
6.88845e-05
-7.82394e-06
7.82894e-05
-9.40489e-06
8.98394e-05
-1.155e-05
0.000104373
-1.4534e-05
0.00012316
-1.87864e-05
0.000148156
-2.49964e-05
0.000182465
-3.43087e-05
0.000231123
-4.86577e-05
0.000302128
-7.1005e-05
0.000406242
-0.000104115
0.000548113
-0.00014187
0.000628327
-8.02148e-05
0.000628327
2.80576e-07
-2.33737e-07
1.26079e-06
-1.2599e-06
2.87325e-06
-2.22031e-06
4.97679e-06
-2.94925e-06
7.43542e-06
-3.46116e-06
1.01467e-05
-3.81542e-06
1.30475e-05
-4.07545e-06
1.61082e-05
-4.29306e-06
1.93237e-05
-4.50454e-06
2.27051e-05
-4.73294e-06
2.62734e-05
-4.99219e-06
3.00562e-05
-5.29095e-06
3.40854e-05
-5.63536e-06
3.83971e-05
-6.03084e-06
4.30316e-05
-6.48323e-06
4.80344e-05
-6.99948e-06
5.34567e-05
-7.58822e-06
5.93579e-05
-8.26038e-06
6.5807e-05
-9.02995e-06
7.28858e-05
-9.91499e-06
8.06927e-05
-1.09391e-05
8.93478e-05
-1.21334e-05
9.90006e-05
-1.35397e-05
0.00010984
-1.52151e-05
0.000122108
-1.72381e-05
0.000136124
-1.9719e-05
0.000152309
-2.2814e-05
0.000171231
-2.67456e-05
0.000193656
-3.183e-05
0.000220618
-3.85124e-05
0.000253491
-4.74063e-05
0.000294034
-5.93303e-05
0.000344362
-7.53238e-05
0.000406634
-9.6581e-05
0.000482052
-0.000124075
0.00056787
-0.000156823
0.000648275
-0.00018452
0.000666428
-0.000160023
0.000495437
9.07757e-05
0.00112376
6.05278e-07
-8.39015e-07
2.20235e-06
-2.85698e-06
4.60648e-06
-4.62444e-06
7.63473e-06
-5.9775e-06
1.11256e-05
-6.95203e-06
1.49587e-05
-7.64856e-06
1.90591e-05
-8.17577e-06
2.33909e-05
-8.62489e-06
2.79483e-05
-9.06195e-06
3.27458e-05
-9.53045e-06
3.78114e-05
-1.00578e-05
4.3182e-05
-1.06616e-05
4.89012e-05
-1.13545e-05
5.50183e-05
-1.21479e-05
6.15884e-05
-1.30534e-05
6.86735e-05
-1.40846e-05
7.63439e-05
-1.52585e-05
8.46797e-05
-1.65962e-05
9.3774e-05
-1.81243e-05
0.000103736
-1.98771e-05
0.000114696
-2.18989e-05
0.00012681
-2.42479e-05
0.000140272
-2.7001e-05
0.000155318
-3.02614e-05
0.000172249
-3.41688e-05
0.000191444
-3.89142e-05
0.000213389
-4.47592e-05
0.000238704
-5.20607e-05
0.000268171
-6.12965e-05
0.000302742
-7.30838e-05
0.000343502
-8.81663e-05
0.000391495
-0.000107323
0.000447273
-0.000131102
0.000509865
-0.000159173
0.000574545
-0.000188756
0.000628309
-0.000210588
0.00064167
-0.00019788
0.000558442
-7.67946e-05
0.000309263
0.000339955
0.00143303
8.26798e-07
-1.66581e-06
2.87021e-06
-4.9004e-06
5.83779e-06
-7.59203e-06
9.49979e-06
-9.63949e-06
1.36755e-05
-1.11278e-05
1.82373e-05
-1.22103e-05
2.31074e-05
-1.3046e-05
2.82505e-05
-1.37679e-05
3.3662e-05
-1.44735e-05
3.93598e-05
-1.52282e-05
4.53759e-05
-1.60739e-05
5.17527e-05
-1.70384e-05
5.85399e-05
-1.81417e-05
6.57935e-05
-1.94015e-05
7.35764e-05
-2.08362e-05
8.19585e-05
-2.24668e-05
9.10187e-05
-2.43187e-05
0.000100846
-2.64238e-05
0.000111544
-2.88217e-05
0.00012323
-3.15631e-05
0.000136044
-3.47127e-05
0.00015015
-3.83543e-05
0.000165747
-4.25976e-05
0.000183072
-4.75866e-05
0.000202416
-5.3513e-05
0.000224133
-6.06313e-05
0.000248652
-6.92783e-05
0.000276484
-7.98924e-05
0.00030821
-9.30224e-05
0.000344429
-0.000109304
0.000385616
-0.000129353
0.000431786
-0.000153493
0.000481828
-0.000181144
0.000532215
-0.00020956
0.000574744
-0.000231284
0.000593037
-0.00022888
0.000558841
-0.000163685
0.000434701
4.73449e-05
0.00020672
0.000567936
0.00163975
9.52251e-07
-2.61806e-06
3.26941e-06
-7.21756e-06
6.58483e-06
-1.09075e-05
1.06298e-05
-1.36845e-05
1.5208e-05
-1.5706e-05
2.01875e-05
-1.71898e-05
2.54917e-05
-1.83501e-05
3.10869e-05
-1.93632e-05
3.69715e-05
-2.03581e-05
4.31654e-05
-2.14221e-05
4.9703e-05
-2.26116e-05
5.66289e-05
-2.39642e-05
6.39949e-05
-2.55077e-05
7.18594e-05
-2.72661e-05
8.02872e-05
-2.9264e-05
8.93498e-05
-3.15294e-05
9.9127e-05
-3.40959e-05
0.000109708
-3.70049e-05
0.000121194
-4.03076e-05
0.000133699
-4.40685e-05
0.000147356
-4.83695e-05
0.000162317
-5.33149e-05
0.000178758
-5.9039e-05
0.000196887
-6.57156e-05
0.000216944
-7.35698e-05
0.000239206
-8.2893e-05
0.000263984
-9.40567e-05
0.000291611
-0.000107519
0.000322397
-0.000123808
0.000356534
-0.000143441
0.000393895
-0.000166714
0.000433641
-0.000193239
0.000473504
-0.000221007
0.000508597
-0.000244652
0.000529666
-0.000252354
0.000521182
-0.000220396
0.000461315
-0.000103818
0.000330241
0.00017842
0.000140856
0.000757321
0.0017806
1.00656e-06
-3.62463e-06
3.45548e-06
-9.66647e-06
6.94052e-06
-1.43925e-05
1.11676e-05
-1.79115e-05
1.59294e-05
-2.04678e-05
2.10918e-05
-2.23522e-05
2.65795e-05
-2.38377e-05
3.23611e-05
-2.51449e-05
3.84371e-05
-2.64341e-05
4.48285e-05
-2.78135e-05
5.15707e-05
-2.93537e-05
5.87081e-05
-3.11017e-05
6.62923e-05
-3.30919e-05
7.43803e-05
-3.53542e-05
8.30352e-05
-3.79188e-05
9.23256e-05
-4.08198e-05
0.000102327
-4.40973e-05
0.000113122
-4.78004e-05
0.000124804
-5.19891e-05
0.000137474
-5.67385e-05
0.000151247
-6.21421e-05
0.000166249
-6.83176e-05
0.000182625
-7.54143e-05
0.00020053
-8.36213e-05
0.000220139
-9.31781e-05
0.000241631
-0.000104385
0.000265186
-0.000117611
0.000290948
-0.000133282
0.000318974
-0.000151833
0.000349109
-0.000173576
0.000380773
-0.000198378
0.000412569
-0.000225035
0.000441636
-0.000250074
0.000462697
-0.000265714
0.000466935
-0.000256591
0.00044141
-0.000194871
0.00037114
-3.35488e-05
0.000248528
0.000301032
9.64926e-05
0.000909356
0.0018771
1.01365e-06
-4.63828e-06
3.49051e-06
-1.21433e-05
7.01104e-06
-1.7913e-05
1.12695e-05
-2.217e-05
1.60534e-05
-2.52517e-05
2.1228e-05
-2.75269e-05
2.67195e-05
-2.93292e-05
3.24985e-05
-3.09239e-05
3.85664e-05
-3.25019e-05
4.49448e-05
-3.41919e-05
5.16683e-05
-3.60772e-05
5.878e-05
-3.82134e-05
6.63291e-05
-4.0641e-05
7.43696e-05
-4.33947e-05
8.29601e-05
-4.65093e-05
9.21637e-05
-5.00234e-05
0.000102048
-5.3982e-05
0.000112688
-5.84395e-05
0.00012416
-6.34618e-05
0.000136551
-6.91298e-05
0.000149953
-7.55435e-05
0.000164462
-8.28266e-05
0.00018018
-9.1133e-05
0.000197213
-0.000100654
0.000215662
-0.000111627
0.000235614
-0.000124338
0.000257125
-0.000139122
0.000280181
-0.000156338
0.000304633
-0.000176286
0.00033008
-0.000199022
0.000355655
-0.000223953
0.000379676
-0.000249057
0.000399118
-0.000269515
0.000408921
-0.000275517
0.000401419
-0.000249089
0.000366648
-0.0001601
0.00029529
3.78098e-05
0.00018712
0.000409202
6.70152e-05
0.00102946
0.00194411
9.91563e-07
-5.62985e-06
3.42566e-06
-1.45774e-05
6.88668e-06
-2.1374e-05
1.10683e-05
-2.63516e-05
1.57587e-05
-2.99421e-05
2.08246e-05
-3.25928e-05
2.61939e-05
-3.46985e-05
3.18386e-05
-3.65686e-05
3.77606e-05
-3.8424e-05
4.3981e-05
-4.04123e-05
5.0533e-05
-4.26292e-05
5.74571e-05
-4.51375e-05
6.47992e-05
-4.7983e-05
7.26088e-05
-5.12044e-05
8.09391e-05
-5.48395e-05
8.98458e-05
-5.89301e-05
9.93882e-05
-6.35244e-05
0.000109628
-6.86793e-05
0.00012063
-7.44636e-05
0.00013246
-8.096e-05
0.000145186
-8.82696e-05
0.000158875
-9.65153e-05
0.000173589
-0.000105847
0.000189383
-0.000116448
0.000206294
-0.000128538
0.000224329
-0.000142373
0.000243443
-0.000158236
0.000263502
-0.000176396
0.000284214
-0.000196998
0.000305023
-0.000219831
0.000324914
-0.000243845
0.000342127
-0.00026627
0.00035374
-0.000281128
0.00035523
-0.000277007
0.000340303
-0.000234162
0.000301708
-0.000121505
0.00023429
0.000105228
0.000141818
0.000501674
4.75109e-05
0.00112377
0.00199162
9.51831e-07
-6.58168e-06
3.29639e-06
-1.6922e-05
6.63227e-06
-2.47099e-05
1.06609e-05
-3.03802e-05
1.51756e-05
-3.44568e-05
2.0047e-05
-3.74641e-05
2.52054e-05
-3.98569e-05
3.0624e-05
-4.19872e-05
3.63047e-05
-4.41047e-05
4.22675e-05
-4.63751e-05
4.85434e-05
-4.89051e-05
5.517e-05
-5.17641e-05
6.21891e-05
-5.50022e-05
6.96454e-05
-5.86607e-05
7.75857e-05
-6.27798e-05
8.60585e-05
-6.74029e-05
9.51132e-05
-7.25791e-05
0.0001048
-7.83663e-05
0.000115169
-8.48327e-05
0.000126269
-9.20597e-05
0.000138144
-0.000100145
0.000150833
-0.000109204
0.000164363
-0.000119378
0.000178746
-0.000130831
0.000193966
-0.000143757
0.000209967
-0.000158374
0.00022663
-0.0001749
0.000243737
-0.000193503
0.00026091
-0.000214171
0.000277511
-0.000236432
0.000292486
-0.000258819
0.000304121
-0.000277905
0.000309752
-0.000286759
0.000305511
-0.000272766
0.000286429
-0.00021508
0.000247468
-8.25449e-05
0.000186311
0.000166385
0.000108571
0.000579414
3.44645e-05
0.00119787
0.00202609
9.00959e-07
-7.48264e-06
3.12443e-06
-1.91455e-05
6.2893e-06
-2.78748e-05
1.01104e-05
-3.42013e-05
1.43901e-05
-3.87365e-05
1.90047e-05
-4.20788e-05
2.3888e-05
-4.47401e-05
2.90144e-05
-4.71136e-05
3.43857e-05
-4.9476e-05
4.00203e-05
-5.20098e-05
4.59469e-05
-5.48316e-05
5.21996e-05
-5.80169e-05
5.88162e-05
-6.16187e-05
6.58362e-05
-6.56806e-05
7.33001e-05
-7.02438e-05
8.12491e-05
-7.53518e-05
8.97235e-05
-8.10536e-05
9.87628e-05
-8.74055e-05
0.000108403
-9.44733e-05
0.000118677
-0.000102334
0.00012961
-0.000111077
0.000141215
-0.000120809
0.000153491
-0.000131654
0.000166416
-0.000143756
0.000179934
-0.000157275
0.000193943
-0.000172383
0.000208274
-0.000189231
0.00022266
-0.000207889
0.000236677
-0.000228189
0.000249666
-0.000249421
0.000260596
-0.000269749
0.000267881
-0.000285191
0.00026918
-0.000288057
0.000261282
-0.000264868
0.000240373
-0.000194172
0.000203103
-4.52742e-05
0.000148962
0.000220525
8.41396e-05
0.000644237
2.56022e-05
0.00125641
0.00205169
8.4227e-07
-8.32491e-06
2.92205e-06
-2.12253e-05
5.88227e-06
-3.0835e-05
9.45512e-06
-3.77742e-05
1.34549e-05
-4.27363e-05
1.77656e-05
-4.63895e-05
2.2325e-05
-4.92996e-05
2.71094e-05
-5.18979e-05
3.21201e-05
-5.44866e-05
3.7374e-05
-5.72638e-05
4.28973e-05
-6.03548e-05
4.87207e-05
-6.38403e-05
5.48778e-05
-6.77758e-05
6.14031e-05
-7.2206e-05
6.83315e-05
-7.71722e-05
7.56971e-05
-8.27173e-05
8.35322e-05
-8.88887e-05
9.18665e-05
-9.57398e-05
0.000100725
-0.000103332
0.000110126
-0.000111734
0.000120078
-0.000121029
0.000130576
-0.000131308
0.000141598
-0.000142676
0.000153095
-0.000155252
0.000164983
-0.000169163
0.000177132
-0.000184531
0.000189343
-0.000201442
0.000201324
-0.00021987
0.000212642
-0.000239506
0.00022265
-0.00025943
0.000230385
-0.000277484
0.000234427
-0.000289232
0.000232766
-0.000286396
0.000222794
-0.000254896
0.00020164
-0.000173018
0.000167177
-1.08106e-05
0.000119972
0.000267729
6.60855e-05
0.000698124
1.94794e-05
0.00130302
0.00207117
7.7734e-07
-9.10225e-06
2.69578e-06
-2.31437e-05
5.42506e-06
-3.35643e-05
8.71756e-06
-4.10667e-05
1.24018e-05
-4.64206e-05
1.63708e-05
-5.03585e-05
2.05674e-05
-5.34962e-05
2.49698e-05
-5.63003e-05
2.95792e-05
-5.90961e-05
3.44112e-05
-6.20958e-05
3.94892e-05
-6.54328e-05
4.48408e-05
-6.91918e-05
5.04955e-05
-7.34305e-05
5.64834e-05
-7.81939e-05
6.28341e-05
-8.35229e-05
6.95756e-05
-8.94589e-05
7.67334e-05
-9.60466e-05
8.4329e-05
-0.000103335
9.23782e-05
-0.000111381
0.000100889
-0.000120245
0.000109856
-0.000129997
0.000119263
-0.000140715
0.000129071
-0.000152484
0.000139213
-0.000165395
0.000149591
-0.00017954
0.000160056
-0.000194996
0.0001704
-0.000211786
0.000180324
-0.000229794
0.000189407
-0.000248589
0.00019704
-0.000267063
0.00020235
-0.000282793
0.000204089
-0.000290971
0.000200563
-0.000282871
0.00018968
-0.000244013
0.000169307
-0.000152644
0.000138167
2.03292e-05
9.74096e-05
0.000308487
5.26149e-05
0.000742918
1.51635e-05
0.00134047
0.00208633
7.06921e-07
-9.80917e-06
2.4492e-06
-2.4886e-05
4.92566e-06
-3.60408e-05
7.91112e-06
-4.40522e-05
1.12501e-05
-4.97595e-05
1.48458e-05
-5.39542e-05
1.8647e-05
-5.72973e-05
2.26341e-05
-6.02874e-05
2.68087e-05
-6.32707e-05
3.11846e-05
-6.64718e-05
3.57831e-05
-7.00313e-05
4.06286e-05
-7.40373e-05
4.57471e-05
-7.8549e-05
5.11646e-05
-8.36114e-05
5.69063e-05
-8.92645e-05
6.29952e-05
-9.55477e-05
6.94511e-05
-0.000102503
7.62895e-05
-0.000110174
8.35192e-05
-0.00011861
9.114e-05
-0.000127866
9.91402e-05
-0.000137997
0.000107492
-0.000149067
0.000116148
-0.00016114
0.000125034
-0.000174281
0.000134042
-0.000188549
0.000143021
-0.000203975
0.00015176
-0.000220525
0.000159972
-0.000238007
0.00016726
-0.000255876
0.000173067
-0.00027287
0.000176615
-0.000286341
0.000176825
-0.000291182
0.000172283
-0.000278329
0.000161316
-0.000233047
0.000142352
-0.000133679
0.000114684
4.79966e-05
7.97227e-05
0.000343448
4.24278e-05
0.000780213
1.20474e-05
0.00137085
0.00209838
6.31445e-07
-1.04406e-05
2.18451e-06
-2.64391e-05
4.38922e-06
-3.82455e-05
7.04467e-06
-4.67076e-05
1.00128e-05
-5.27277e-05
1.32082e-05
-5.71497e-05
1.65859e-05
-6.0675e-05
2.01292e-05
-6.38308e-05
2.384e-05
-6.69814e-05
2.7731e-05
-7.03627e-05
3.1821e-05
-7.41213e-05
3.61319e-05
-7.83482e-05
4.06865e-05
-8.31036e-05
4.55073e-05
-8.84323e-05
5.06159e-05
-9.43731e-05
5.60314e-05
-0.000100963
6.17696e-05
-0.000108241
6.78415e-05
-0.000116246
7.42514e-05
-0.00012502
8.09947e-05
-0.000134609
8.8055e-05
-0.000145057
9.54007e-05
-0.000156412
0.00010298
-0.000168719
0.000110717
-0.000182018
0.000118504
-0.000196335
0.000126193
-0.000211663
0.000133583
-0.000227916
0.000140407
-0.00024483
0.000146299
-0.000261768
0.00015076
-0.000277332
0.000153105
-0.000288685
0.000152408
-0.000290485
0.000147489
-0.00027341
0.000137013
-0.00022257
0.000119814
-0.00011648
9.55559e-05
7.22546e-05
6.57104e-05
0.000373294
3.45954e-05
0.000811328
9.73597e-06
0.00139571
0.00210811
5.51264e-07
-1.09919e-05
1.9034e-06
-2.77912e-05
3.81962e-06
-4.01617e-05
6.12498e-06
-4.9013e-05
8.70003e-06
-5.53027e-05
1.14715e-05
-5.99211e-05
1.44014e-05
-6.36048e-05
1.74761e-05
-6.69055e-05
2.0698e-05
-7.02033e-05
2.40789e-05
-7.37436e-05
2.76356e-05
-7.7678e-05
3.13876e-05
-8.21002e-05
3.53549e-05
-8.70709e-05
3.95574e-05
-9.26348e-05
4.40136e-05
-9.88293e-05
4.874e-05
-0.00010569
5.37497e-05
-0.00011325
5.90512e-05
-0.000121547
6.46468e-05
-0.000130616
7.05301e-05
-0.000140492
7.66836e-05
-0.000151211
8.30757e-05
-0.000162804
8.96561e-05
-0.0001753
9.63522e-05
-0.000188714
0.000103062
-0.000203045
0.000109649
-0.00021825
0.000115928
-0.000234195
0.000121655
-0.000250558
0.000126504
-0.000266617
0.00013003
-0.000280858
0.000131634
-0.00029029
0.000130522
-0.000289373
0.000125705
-0.000268593
0.000116106
-0.000212971
0.000100852
-0.000101226
7.98303e-05
9.32763e-05
5.44625e-05
0.000398661
2.84602e-05
0.000837331
7.97192e-06
0.0014162
0.00211609
4.66747e-07
-1.14586e-05
1.60743e-06
-2.89319e-05
3.22038e-06
-4.17747e-05
5.15804e-06
-5.09506e-05
7.32061e-06
-5.74653e-05
9.64767e-06
-6.22482e-05
1.21085e-05
-6.60656e-05
1.4693e-05
-6.949e-05
1.74043e-05
-7.29146e-05
2.02533e-05
-7.65926e-05
2.32551e-05
-8.06799e-05
2.64271e-05
-8.52721e-05
2.97871e-05
-9.04308e-05
3.33526e-05
-9.62003e-05
3.71403e-05
-0.000102617
4.11649e-05
-0.000109714
4.54382e-05
-0.000117524
4.9968e-05
-0.000126077
5.47566e-05
-0.000135404
5.97985e-05
-0.000145534
6.50785e-05
-0.000156491
7.05685e-05
-0.000168294
7.62241e-05
-0.000180955
8.19805e-05
-0.00019447
8.77474e-05
-0.000208812
9.34028e-05
-0.000223905
9.87836e-05
-0.000239576
0.000103673
-0.000255448
0.000107782
-0.000270726
0.000110721
-0.000283796
0.000111963
-0.000291532
0.000110822
-0.000288233
0.000106462
-0.000264233
9.79966e-05
-0.000204505
8.47564e-05
-8.79858e-05
6.67532e-05
0.00011128
4.52981e-05
0.000420116
2.35586e-05
0.00085907
6.58703e-06
0.00143317
0.00212267
3.78305e-07
-1.18369e-05
1.29821e-06
-2.98518e-05
2.59498e-06
-4.30714e-05
4.14968e-06
-5.25053e-05
5.88303e-06
-5.91986e-05
7.74799e-06
-6.41132e-05
9.72154e-06
-6.80392e-05
1.17972e-05
-7.15656e-05
1.39789e-05
-7.50964e-05
1.62771e-05
-7.88907e-05
1.87052e-05
-8.31081e-05
2.12788e-05
-8.78457e-05
2.40137e-05
-9.31657e-05
2.69259e-05
-9.91125e-05
3.00307e-05
-0.000105722
3.3342e-05
-0.000113025
3.68718e-05
-0.000121053
4.06286e-05
-0.000129834
4.46166e-05
-0.000139392
4.88338e-05
-0.000149751
5.32698e-05
-0.000160927
5.79035e-05
-0.000172928
6.26999e-05
-0.000185752
6.76064e-05
-0.000199377
7.25482e-05
-0.000213754
7.74227e-05
-0.00022878
8.20907e-05
-0.000244244
8.63654e-05
-0.000259722
8.99941e-05
-0.000274354
9.26337e-05
-0.000286436
9.38224e-05
-0.000292721
9.29594e-05
-0.000287369
8.93208e-05
-0.000260594
8.21597e-05
-0.000197344
7.09407e-05
-7.67668e-05
5.5733e-05
0.000126487
3.77092e-05
0.00043814
1.95622e-05
0.000877217
5.46999e-06
0.00144726
0.00212814
2.86395e-07
-1.21233e-05
9.77452e-07
-3.05428e-05
1.947e-06
-4.4041e-05
3.10581e-06
-5.36641e-05
4.39584e-06
-6.04887e-05
5.78382e-06
-6.55011e-05
7.25466e-06
-6.951e-05
8.80561e-06
-7.31166e-05
1.04417e-05
-7.67325e-05
1.21726e-05
-8.06216e-05
1.40105e-05
-8.4946e-05
1.59692e-05
-8.98044e-05
1.80631e-05
-9.52596e-05
2.03069e-05
-0.000101356
2.27152e-05
-0.00010813
2.5302e-05
-0.000115612
2.80802e-05
-0.000123832
3.10607e-05
-0.000132814
3.42511e-05
-0.000142583
3.7655e-05
-0.000153155
4.12693e-05
-0.000164541
4.50829e-05
-0.000176742
4.90735e-05
-0.000189742
5.32041e-05
-0.000203508
5.74192e-05
-0.000217969
6.16386e-05
-0.000232999
6.57501e-05
-0.000248356
6.95973e-05
-0.00026357
7.29628e-05
-0.00027772
7.55453e-05
-0.000289018
7.69341e-05
-0.00029411
7.65929e-05
-0.000287028
7.38793e-05
-0.000257881
6.81402e-05
-0.000191605
5.89214e-05
-6.7548e-05
4.63046e-05
0.000139104
3.13145e-05
0.00045313
1.6236e-05
0.000892296
4.54562e-06
0.00145895
0.00213269
1.91523e-07
-1.23149e-05
6.46982e-07
-3.09983e-05
1.28019e-06
-4.46742e-05
2.03256e-06
-5.44165e-05
2.86778e-06
-6.13239e-05
3.76667e-06
-6.64e-05
4.72217e-06
-7.04655e-05
5.73533e-06
-7.41297e-05
6.8122e-06
-7.78093e-05
7.96187e-06
-8.17713e-05
9.19526e-06
-8.61794e-05
1.05245e-05
-9.11336e-05
1.19627e-05
-9.66978e-05
1.35237e-05
-0.000102917
1.52217e-05
-0.000109828
1.70715e-05
-0.000117462
1.90879e-05
-0.000125848
2.12848e-05
-0.000135011
2.36752e-05
-0.000144973
2.62695e-05
-0.000155749
2.90745e-05
-0.000167346
3.20915e-05
-0.000179759
3.53136e-05
-0.000192964
3.8723e-05
-0.000206917
4.22867e-05
-0.000221533
4.59505e-05
-0.000236663
4.96311e-05
-0.000252036
5.32041e-05
-0.000267143
5.6486e-05
-0.000281002
5.92122e-05
-0.000291744
6.10117e-05
-0.000295909
6.13938e-05
-0.00028741
5.97695e-05
-0.000256256
5.55419e-05
-0.000187378
4.82974e-05
-6.03035e-05
3.80988e-05
0.000149303
2.58237e-05
0.000465405
1.34084e-05
0.000904711
3.76153e-06
0.0014686
0.00213645
9.4234e-08
-1.24091e-05
3.08745e-07
-3.12128e-05
5.9853e-07
-4.4964e-05
9.36328e-07
-5.47543e-05
1.30796e-06
-6.16955e-05
1.70842e-06
-6.68005e-05
2.13878e-06
-7.08959e-05
2.60378e-06
-7.45947e-05
3.11045e-06
-7.8316e-05
3.66723e-06
-8.23281e-05
4.2837e-06
-8.67959e-05
4.97047e-06
-9.18204e-05
5.73928e-06
-9.74666e-05
6.60315e-06
-0.000103781
7.57643e-06
-0.000110801
8.6748e-06
-0.000118561
9.91551e-06
-0.000127089
1.13166e-05
-0.000136412
1.28971e-05
-0.000146554
1.46759e-05
-0.000157528
1.66713e-05
-0.000169342
1.88993e-05
-0.000181987
2.13712e-05
-0.000195436
2.40916e-05
-0.000209637
2.70532e-05
-0.000224494
3.02313e-05
-0.000239841
3.3575e-05
-0.00025538
3.69934e-05
-0.000270561
4.0337e-05
-0.000284345
4.33732e-05
-0.000294781
4.57616e-05
-0.000298297
4.70403e-05
-0.000288689
4.66481e-05
-0.000255864
4.40128e-05
-0.000184742
3.87279e-05
-5.50186e-05
3.08151e-05
0.000157215
2.10094e-05
0.000475211
1.09494e-05
0.000914771
3.07949e-06
0.00147647
0.00213953
-4.87814e-09
-1.24042e-05
-3.51766e-08
-3.11825e-05
-9.37909e-08
-4.49054e-05
-1.76152e-07
-5.46719e-05
-2.74138e-07
-6.15975e-05
-3.78517e-07
-6.66961e-05
-4.80258e-07
-7.07941e-05
-5.7099e-07
-7.4504e-05
-6.42895e-07
-7.82441e-05
-6.883e-07
-8.22827e-05
-6.99155e-07
-8.6785e-05
-6.66503e-07
-9.1853e-05
-5.79997e-07
-9.75531e-05
-4.27472e-07
-0.000103934
-1.94542e-07
-0.000111034
1.35752e-07
-0.000118891
5.82671e-07
-0.000127536
1.16916e-06
-0.000136999
1.92101e-06
-0.000147306
2.86677e-06
-0.000158474
4.03746e-06
-0.000170513
5.46559e-06
-0.000183415
7.18353e-06
-0.000197154
9.22088e-06
-0.000211675
1.16002e-05
-0.000226874
1.43305e-05
-0.000242571
1.73969e-05
-0.000258446
2.07458e-05
-0.00027391
2.42629e-05
-0.000287863
2.77462e-05
-0.000298264
3.08778e-05
-0.000301429
3.32095e-05
-0.000291021
3.41857e-05
-0.00025684
3.32296e-05
-0.000183786
2.99134e-05
-5.17024e-05
2.41992e-05
0.00016293
1.66859e-05
0.000482725
8.75613e-06
0.000922701
2.46967e-06
0.00148275
0.002142
-1.05178e-07
-1.2299e-05
-3.82586e-07
-3.09051e-05
-7.92333e-07
-4.44956e-05
-1.29778e-06
-5.41665e-05
-1.8685e-06
-6.10268e-05
-2.48116e-06
-6.60835e-05
-3.11892e-06
-7.01564e-05
-3.77006e-06
-7.38529e-05
-4.42617e-06
-7.7588e-05
-5.08063e-06
-8.16282e-05
-5.72714e-06
-8.61385e-05
-6.35868e-06
-9.12215e-05
-6.9666e-06
-9.69452e-05
-7.53985e-06
-0.00010336
-8.06437e-06
-0.00011051
-8.52241e-06
-0.000118433
-8.89167e-06
-0.000127166
-9.14513e-06
-0.000136745
-9.25016e-06
-0.000147201
-9.16807e-06
-0.000158556
-8.85406e-06
-0.000170827
-8.25747e-06
-0.000184011
-7.32282e-06
-0.000198089
-5.99208e-06
-0.000213005
-4.20885e-06
-0.000228657
-1.92546e-06
-0.000244855
8.85312e-07
-0.000261257
4.21239e-06
-0.000277237
7.98098e-06
-0.000291631
1.20202e-05
-0.000302303
1.60308e-05
-0.00030544
1.95641e-05
-0.000294554
2.20497e-05
-0.000259326
2.28789e-05
-0.000184615
2.15746e-05
-5.0398e-05
1.80231e-05
0.000166481
1.26915e-05
0.000488056
6.74074e-06
0.000928651
1.90661e-06
0.00148759
0.00214391
-2.05979e-07
-1.20931e-05
-7.31108e-07
-3.038e-05
-1.49238e-06
-4.37343e-05
-2.42107e-06
-5.32378e-05
-3.46459e-06
-5.99833e-05
-4.58577e-06
-6.49623e-05
-5.76031e-06
-6.89818e-05
-6.9734e-06
-7.26398e-05
-8.21641e-06
-7.6345e-05
-9.48408e-06
-8.03606e-05
-1.07723e-05
-8.48504e-05
-1.20763e-05
-8.99175e-05
-1.33896e-05
-9.56319e-05
-1.47028e-05
-0.000102047
-1.60027e-05
-0.00010921
-1.72711e-05
-0.000117164
-1.84841e-05
-0.000125953
-1.96105e-05
-0.000135619
-2.06112e-05
-0.0001462
-2.14375e-05
-0.00015773
-2.20305e-05
-0.000170233
-2.23206e-05
-0.000183721
-2.22271e-05
-0.000198182
-2.16605e-05
-0.000213572
-2.05261e-05
-0.000229791
-1.87312e-05
-0.00024665
-1.61991e-05
-0.000263789
-1.28896e-05
-0.000280546
-8.83023e-06
-0.000295691
-4.15644e-06
-0.000306977
8.47471e-07
-0.000310444
5.73105e-06
-0.000299437
9.88292e-06
-0.000263478
1.26369e-05
-0.000187369
1.3431e-05
-5.11921e-05
1.20647e-05
0.000167847
8.87283e-06
0.000491248
4.82074e-06
0.000932704
1.36604e-06
0.00149104
0.00214527
-3.0655e-07
-1.17865e-05
-1.07825e-06
-2.96083e-05
-2.18894e-06
-4.26236e-05
-3.53806e-06
-5.18887e-05
-5.05122e-06
-5.84701e-05
-6.67784e-06
-6.33357e-05
-8.38649e-06
-6.72732e-05
-1.01597e-05
-7.08665e-05
-1.19891e-05
-7.45156e-05
-1.3871e-05
-7.84786e-05
-1.58042e-05
-8.29172e-05
-1.77866e-05
-8.79351e-05
-1.98147e-05
-9.36038e-05
-2.18814e-05
-9.99805e-05
-2.39751e-05
-0.000107116
-2.60785e-05
-0.000115061
-2.81667e-05
-0.000123865
-3.02058e-05
-0.00013358
-3.21511e-05
-0.000144255
-3.39449e-05
-0.000155936
-3.55149e-05
-0.000168664
-3.67719e-05
-0.000182464
-3.76092e-05
-0.000197345
-3.7903e-05
-0.000213278
-3.75153e-05
-0.000230179
-3.63015e-05
-0.000247863
-3.4125e-05
-0.000265966
-3.08823e-05
-0.000283789
-2.65412e-05
-0.000300032
-2.11896e-05
-0.000312329
-1.50889e-05
-0.000316544
-8.71188e-06
-0.000305814
-2.72268e-06
-0.000269467
2.11754e-06
-0.00019221
5.17057e-06
-5.42452e-05
6.08561e-06
0.000166932
5.06706e-06
0.000492267
2.90932e-06
0.000934861
8.22239e-07
0.00149313
0.00214609
-4.06119e-07
-1.13804e-05
-1.42135e-06
-2.8593e-05
-2.87674e-06
-4.11683e-05
-4.64035e-06
-5.01251e-05
-6.61658e-06
-5.64939e-05
-8.74189e-06
-6.12103e-05
-1.09783e-05
-6.50368e-05
-1.33062e-05
-6.85387e-05
-1.57176e-05
-7.21042e-05
-1.82115e-05
-7.59847e-05
-2.07896e-05
-8.03392e-05
-2.34535e-05
-8.52711e-05
-2.62033e-05
-9.08541e-05
-2.90353e-05
-9.71485e-05
-3.19409e-05
-0.000104211
-3.49047e-05
-0.000112097
-3.79026e-05
-0.000120867
-4.09e-05
-0.000130583
-4.38483e-05
-0.000141306
-4.66828e-05
-0.000153101
-4.93192e-05
-0.000166027
-5.16502e-05
-0.000180133
-5.35427e-05
-0.000195452
-5.48369e-05
-0.000211984
-5.53468e-05
-0.000229669
-5.48678e-05
-0.000248342
-5.31916e-05
-0.000267642
-5.01351e-05
-0.000286846
-4.55867e-05
-0.00030458
-3.95692e-05
-0.000318346
-3.23103e-05
-0.000323803
-2.42951e-05
-0.00031383
-1.62578e-05
-0.000277504
-9.07554e-06
-0.000199392
-3.56704e-06
-5.97537e-05
-1.97392e-07
0.000163563
1.09288e-06
0.000490976
9.11198e-07
0.000935043
2.4932e-07
0.00149379
0.00214634
-5.03871e-07
-1.08765e-05
-1.75764e-06
-2.73393e-05
-3.55021e-06
-3.93757e-05
-5.71906e-06
-4.79562e-05
-8.14806e-06
-5.40649e-05
-1.07615e-05
-5.85969e-05
-1.35153e-05
-6.2283e-05
-1.63881e-05
-6.56658e-05
-1.93733e-05
-6.91189e-05
-2.24726e-05
-7.28854e-05
-2.56915e-05
-7.71203e-05
-2.90362e-05
-8.19264e-05
-3.25112e-05
-8.73791e-05
-3.61174e-05
-9.35422e-05
-3.98508e-05
-0.000100477
-4.36997e-05
-0.000108248
-4.76433e-05
-0.000116924
-5.16481e-05
-0.000126578
-5.56653e-05
-0.000137289
-5.96261e-05
-0.000149141
-6.34371e-05
-0.000162216
-6.69758e-05
-0.000176595
-7.00847e-05
-0.000192344
-7.25674e-05
-0.000209501
-7.41872e-05
-0.000228049
-7.46713e-05
-0.000247858
-7.3726e-05
-0.000268587
-7.1068e-05
-0.000289504
-6.64797e-05
-0.000309168
-5.98892e-05
-0.000324937
-5.14646e-05
-0.000332228
-4.16925e-05
-0.000323602
-3.13884e-05
-0.000287808
-2.15863e-05
-0.000209194
-1.32925e-05
-6.80474e-05
-7.17395e-06
0.000157444
-3.34035e-06
0.000487143
-1.34103e-06
0.000933044
-4.34418e-07
0.00149289
0.00214591
-5.98966e-07
-1.02775e-05
-2.08417e-06
-2.58541e-05
-4.20343e-06
-3.72564e-05
-6.76467e-06
-4.5395e-05
-9.63221e-06
-5.11974e-05
-1.27188e-05
-5.55103e-05
-1.59752e-05
-5.90267e-05
-1.93788e-05
-6.22622e-05
-2.29247e-05
-6.5573e-05
-2.6618e-05
-6.9192e-05
-3.04688e-05
-7.32695e-05
-3.44884e-05
-7.79068e-05
-3.86871e-05
-8.31804e-05
-4.3072e-05
-8.91573e-05
-4.76449e-05
-9.59043e-05
-5.24006e-05
-0.000103493
-5.73238e-05
-0.000112
-6.23862e-05
-0.000121515
-6.75421e-05
-0.000132133
-7.27234e-05
-0.000143959
-7.7833e-05
-0.000157106
-8.2738e-05
-0.00017169
-8.72609e-05
-0.000187821
-9.11719e-05
-0.00020559
-9.4183e-05
-0.000225038
-9.59476e-05
-0.000246094
-9.60725e-05
-0.000268463
-9.41502e-05
-0.000291426
-8.98224e-05
-0.000313496
-8.2879e-05
-0.00033188
-7.33845e-05
-0.000341722
-6.17953e-05
-0.000335191
-4.90016e-05
-0.000300602
-3.622e-05
-0.000221976
-2.47077e-05
-7.95597e-05
-1.53866e-05
0.000148123
-8.57854e-06
0.000480335
-4.02978e-06
0.000928495
-1.2419e-06
0.0014901
0.00214467
-6.90528e-07
-9.58702e-06
-2.39783e-06
-2.41468e-05
-4.83003e-06
-3.48242e-05
-7.76686e-06
-4.24582e-05
-1.10543e-05
-4.791e-05
-1.45945e-05
-5.19701e-05
-1.83335e-05
-5.52876e-05
-2.22484e-05
-5.83473e-05
-2.63363e-05
-6.14851e-05
-3.06064e-05
-6.49219e-05
-3.5074e-05
-6.8802e-05
-3.97564e-05
-7.32244e-05
-4.46708e-05
-7.8266e-05
-4.98317e-05
-8.39965e-05
-5.52492e-05
-9.04868e-05
-6.09266e-05
-9.78151e-05
-6.68579e-05
-0.000106069
-7.30238e-05
-0.000115349
-7.9387e-05
-0.00012577
-8.58861e-05
-0.00013746
-9.24278e-05
-0.000150565
-9.88768e-05
-0.000165241
-0.000105044
-0.000181653
-0.000110674
-0.00019996
-0.000115432
-0.00022028
-0.000118897
-0.000242629
-0.000120566
-0.000266794
-0.000119882
-0.00029211
-0.000116303
-0.000317074
-0.000109425
-0.000338759
-9.91359e-05
-0.000352011
-8.57992e-05
-0.000348528
-7.03421e-05
-0.000316059
-5.41728e-05
-0.000238145
-3.88589e-05
-9.48736e-05
-2.56635e-05
0.000134928
-1.52019e-05
0.000469873
-7.47652e-06
0.000920769
-2.31487e-06
0.00148494
0.00214235
-7.77621e-07
-8.8094e-06
-2.69513e-06
-2.22293e-05
-5.42278e-06
-3.20966e-05
-8.71385e-06
-3.91671e-05
-1.23973e-05
-4.42265e-05
-1.6366e-05
-4.80014e-05
-2.05621e-05
-5.10916e-05
-2.49625e-05
-5.39469e-05
-2.95673e-05
-5.68803e-05
-3.439e-05
-6.00993e-05
-3.94515e-05
-6.37405e-05
-4.47762e-05
-6.78997e-05
-5.0389e-05
-7.26531e-05
-5.63136e-05
-7.80719e-05
-6.25701e-05
-8.42303e-05
-6.91734e-05
-9.12118e-05
-7.61299e-05
-9.91126e-05
-8.34343e-05
-0.000108045
-9.10639e-05
-0.00011814
-9.8972e-05
-0.000129552
-0.000107078
-0.000142458
-0.000115257
-0.000157062
-0.000123322
-0.000173589
-0.000131005
-0.000192277
-0.000137937
-0.000213347
-0.000143633
-0.000236934
-0.000147475
-0.000262952
-0.000148741
-0.000290844
-0.000146662
-0.000319153
-0.000140561
-0.00034486
-0.000130054
-0.000362518
-0.000115295
-0.000363287
-9.71547e-05
-0.0003342
-7.71945e-05
-0.000258105
-5.7335e-05
-0.000114733
-3.92916e-05
0.000116884
-2.4112e-05
0.000454693
-1.21856e-05
0.000908843
-3.81315e-06
0.00147656
0.00213854
-8.59145e-07
-7.95025e-06
-2.97183e-06
-2.01166e-05
-5.97275e-06
-2.90956e-05
-9.59103e-06
-3.55488e-05
-1.36405e-05
-4.0177e-05
-1.80059e-05
-4.36361e-05
-2.26262e-05
-4.64713e-05
-2.7479e-05
-4.9094e-05
-3.25672e-05
-5.17921e-05
-3.79091e-05
-5.47574e-05
-4.35318e-05
-5.81177e-05
-4.94672e-05
-6.19642e-05
-5.5749e-05
-6.63713e-05
-6.24111e-05
-7.14099e-05
-6.94857e-05
-7.71557e-05
-7.70017e-05
-8.36958e-05
-8.49819e-05
-9.11324e-05
-9.34398e-05
-9.95871e-05
-0.000102374
-0.000109206
-0.000111762
-0.000120165
-0.000121548
-0.000132672
-0.000131632
-0.000146978
-0.000141848
-0.000163373
-0.000151939
-0.000182186
-0.000161529
-0.000203757
-0.000170087
-0.000228376
-0.000176901
-0.000256138
-0.000181076
-0.000286668
-0.000181585
-0.000318644
-0.000177397
-0.000349048
-0.00016772
-0.000372195
-0.000152323
-0.000378684
-0.000131829
-0.000354693
-0.000107818
-0.000282117
-8.25403e-05
-0.00014001
-5.82824e-05
9.26262e-05
-3.67464e-05
0.000433157
-1.89645e-05
0.000891061
-6.00615e-06
0.00146361
0.00213253
-9.33585e-07
-7.01667e-06
-3.22202e-06
-1.78282e-05
-6.46763e-06
-2.585e-05
-1.03785e-05
-3.1638e-05
-1.47555e-05
-3.58e-05
-1.94769e-05
-3.89148e-05
-2.44792e-05
-4.14689e-05
-2.97411e-05
-4.38322e-05
-3.52685e-05
-4.62648e-05
-4.10844e-05
-4.89414e-05
-4.72224e-05
-5.19797e-05
-5.3722e-05
-5.54647e-05
-6.06262e-05
-5.94671e-05
-6.79803e-05
-6.40558e-05
-7.58298e-05
-6.93062e-05
-8.42201e-05
-7.53056e-05
-9.31934e-05
-8.2159e-05
-0.000102787
-8.99937e-05
-0.000113027
-9.89656e-05
-0.000123926
-0.000109266
-0.000135465
-0.000121132
-0.000147588
-0.000134854
-0.000160176
-0.000150786
-0.000173013
-0.000169348
-0.000185755
-0.000191016
-0.000197872
-0.000216259
-0.000208599
-0.000245411
-0.000216901
-0.000278367
-0.000221483
-0.000314062
-0.000220898
-0.000349634
-0.000213791
-0.000379301
-0.000199293
-0.000393183
-0.000177458
-0.000376528
-0.000149569
-0.000310006
-0.000118029
-0.000171551
-8.57398e-05
6.03375e-05
-5.53949e-05
0.000402813
-2.9121e-05
0.000864787
-9.33115e-06
0.00144382
0.0021232
-9.98492e-07
-6.01818e-06
-3.43649e-06
-1.53902e-05
-6.88866e-06
-2.23979e-05
-1.10463e-05
-2.74803e-05
-1.57007e-05
-3.11456e-05
-2.07248e-05
-3.38906e-05
-2.60541e-05
-3.61397e-05
-3.16677e-05
-3.82185e-05
-3.75748e-05
-4.03577e-05
-4.38029e-05
-4.27133e-05
-5.03915e-05
-4.53911e-05
-5.73877e-05
-4.84684e-05
-6.48441e-05
-5.20107e-05
-7.28171e-05
-5.60828e-05
-8.1367e-05
-6.07563e-05
-9.05563e-05
-6.61163e-05
-0.000100449
-7.22659e-05
-0.000111111
-7.93325e-05
-0.000122601
-8.74754e-05
-0.000134973
-9.68945e-05
-0.000148262
-0.000107843
-0.000162475
-0.000120642
-0.000177565
-0.000135696
-0.000193402
-0.000153511
-0.000209726
-0.000174692
-0.000226077
-0.000199908
-0.00024172
-0.000229767
-0.00025556
-0.000264526
-0.000266093
-0.000303529
-0.000271442
-0.000344285
-0.000269557
-0.000381186
-0.000258623
-0.000404117
-0.000237639
-0.000397512
-0.000207004
-0.000340642
-0.000168787
-0.000209767
-0.00012632
1.78705e-05
-8.36623e-05
0.000360155
-4.4775e-05
0.0008259
-1.45031e-05
0.00141354
0.0021087
-1.04957e-06
-4.96861e-06
-3.60008e-06
-1.28396e-05
-7.20599e-06
-1.8792e-05
-1.15482e-05
-2.31381e-05
-1.64121e-05
-2.62817e-05
-2.16677e-05
-2.8635e-05
-2.72493e-05
-3.05581e-05
-3.31371e-05
-3.23307e-05
-3.93423e-05
-3.41525e-05
-4.58963e-05
-3.61593e-05
-5.2844e-05
-3.84435e-05
-6.02392e-05
-4.10732e-05
-6.81433e-05
-4.41067e-05
-7.66237e-05
-4.76024e-05
-8.57543e-05
-5.16257e-05
-9.56155e-05
-5.62551e-05
-0.000106294
-6.15873e-05
-0.000117883
-6.77436e-05
-0.000130481
-7.48777e-05
-0.000144188
-8.31872e-05
-0.000159103
-9.29276e-05
-0.000175313
-0.000104432
-0.000192873
-0.000118136
-0.00021178
-0.000134604
-0.000231923
-0.000154549
-0.000253009
-0.000178822
-0.000274456
-0.000208321
-0.000295261
-0.000243722
-0.000313861
-0.000284929
-0.000328055
-0.000330091
-0.000335059
-0.000374181
-0.00033183
-0.000407346
-0.000315698
-0.000413644
-0.000285249
-0.00037109
-0.000241168
-0.000253848
-0.000186708
-3.65891e-05
-0.000127091
0.000300537
-6.93698e-05
0.000768179
-2.27153e-05
0.00136689
0.00208598
-1.07926e-06
-3.88935e-06
-3.688e-06
-1.02309e-05
-7.37269e-06
-1.51073e-05
-1.18128e-05
-1.8698e-05
-1.67929e-05
-2.13016e-05
-2.21817e-05
-2.32462e-05
-2.79129e-05
-2.48269e-05
-3.39668e-05
-2.62768e-05
-4.03558e-05
-2.77635e-05
-4.7114e-05
-2.94011e-05
-5.429e-05
-3.12674e-05
-6.19433e-05
-3.34199e-05
-7.01421e-05
-3.59079e-05
-7.89634e-05
-3.87811e-05
-8.8493e-05
-4.20961e-05
-9.88269e-05
-4.59212e-05
-0.000110072
-5.03418e-05
-0.00012235
-5.54659e-05
-0.000135795
-6.14332e-05
-0.000150556
-6.84257e-05
-0.0001668
-7.6684e-05
-0.000184702
-8.65298e-05
-0.000204442
-9.83964e-05
-0.000226179
-0.000112866
-0.000250018
-0.00013071
-0.000275935
-0.000152906
-0.000303658
-0.000180597
-0.000332501
-0.000214879
-0.000361121
-0.000256308
-0.000387273
-0.000303939
-0.000407625
-0.000353829
-0.000417813
-0.000397158
-0.00041292
-0.000418538
-0.000388524
-0.000395486
-0.000342251
-0.000300121
-0.000275398
-0.000103442
-0.000193852
0.000218991
-0.000108538
0.000682865
-3.60628e-05
0.00129441
0.00204992
-1.07507e-06
-2.81428e-06
-3.66205e-06
-7.64392e-06
-7.31901e-06
-1.14503e-05
-1.17362e-05
-1.42808e-05
-1.67028e-05
-1.6335e-05
-2.20884e-05
-1.78605e-05
-2.78256e-05
-1.90896e-05
-3.38938e-05
-2.02087e-05
-4.03051e-05
-2.13522e-05
-4.70944e-05
-2.26118e-05
-5.43124e-05
-2.40494e-05
-6.20217e-05
-2.57106e-05
-7.02951e-05
-2.76345e-05
-7.92157e-05
-2.98605e-05
-8.88778e-05
-3.2434e-05
-9.93888e-05
-3.54102e-05
-0.000110872
-3.88587e-05
-0.000123469
-4.28688e-05
-0.000137345
-4.75568e-05
-0.000152694
-5.30773e-05
-0.00016974
-5.96377e-05
-0.000188748
-6.75219e-05
-0.000210022
-7.71225e-05
-0.000233903
-8.89851e-05
-0.000260751
-0.000103862
-0.000290896
-0.000122761
-0.00032454
-0.000146953
-0.000361569
-0.00017785
-0.000401251
-0.000216627
-0.0004418
-0.00026339
-0.000479869
-0.00031576
-0.000510126
-0.000366902
-0.000525239
-0.000403425
-0.000516693
-0.000404031
-0.00047679
-0.000340025
-0.000401774
-0.000178458
-0.00029533
0.000112548
-0.000171672
0.000559206
-5.85939e-05
0.00118134
0.00199133
-1.01819e-06
-1.79609e-06
-3.46906e-06
-5.19305e-06
-6.9513e-06
-7.96807e-06
-1.11805e-05
-1.00516e-05
-1.59564e-05
-1.15591e-05
-2.11507e-05
-1.26663e-05
-2.66944e-05
-1.35459e-05
-3.25647e-05
-1.43384e-05
-3.87718e-05
-1.51451e-05
-4.53494e-05
-1.60342e-05
-5.23475e-05
-1.70512e-05
-5.9829e-05
-1.82292e-05
-6.78673e-05
-1.95961e-05
-7.65473e-05
-2.11805e-05
-8.59662e-05
-2.30151e-05
-9.62362e-05
-2.51402e-05
-0.000107488
-2.76071e-05
-0.000119875
-3.04819e-05
-0.00013358
-3.38518e-05
-0.000148823
-3.78339e-05
-0.000165873
-4.25878e-05
-0.000185059
-4.83359e-05
-0.000206788
-5.53934e-05
-0.000231562
-6.42113e-05
-0.000259989
-7.54348e-05
-0.00029278
-8.997e-05
-0.000330698
-0.000109035
-0.000374415
-0.000134133
-0.00042421
-0.000166832
-0.00047942
-0.00020818
-0.00053761
-0.00025757
-0.000593543
-0.000310968
-0.000638293
-0.000358675
-0.00065914
-0.000383184
-0.000641167
-0.000357998
-0.000571302
-0.000248323
-0.000444973
-1.37819e-05
-0.000274232
0.000388465
-9.90016e-05
0.00100611
0.00189233
-8.84391e-07
-9.117e-07
-3.04634e-06
-3.0311e-06
-6.1625e-06
-4.85191e-06
-9.98827e-06
-6.22584e-06
-1.43388e-05
-7.20864e-06
-1.90889e-05
-7.91612e-06
-2.41684e-05
-8.46638e-06
-2.95513e-05
-8.95548e-06
-3.52447e-05
-9.45173e-06
-4.12788e-05
-1.00001e-05
-4.77002e-05
-1.06299e-05
-5.45677e-05
-1.13616e-05
-6.19511e-05
-1.22128e-05
-6.99307e-05
-1.32009e-05
-7.85993e-05
-1.43464e-05
-8.80649e-05
-1.56747e-05
-9.84539e-05
-1.7218e-05
-0.000109917
-1.90186e-05
-0.000122637
-2.11321e-05
-0.000136837
-2.36339e-05
-0.000152796
-2.66283e-05
-0.00017087
-3.02625e-05
-0.000191514
-3.47493e-05
-0.000215324
-4.04015e-05
-0.000243077
-4.76811e-05
-0.000275782
-5.72651e-05
-0.000314702
-7.01152e-05
-0.000361316
-8.75191e-05
-0.000417119
-0.000111028
-0.000483129
-0.00014217
-0.000558924
-0.000181775
-0.000641139
-0.000228752
-0.000721559
-0.000278256
-0.000785418
-0.000319325
-0.000811154
-0.000332262
-0.000773323
-0.000286153
-0.000650444
-0.000136661
-0.000438587
0.000176608
-0.000177262
0.000744782
0.00171506
-6.48787e-07
-2.62914e-07
-2.33931e-06
-1.34059e-06
-4.86182e-06
-2.3294e-06
-8.02014e-06
-3.06753e-06
-1.16482e-05
-3.5806e-06
-1.56273e-05
-3.93696e-06
-1.98884e-05
-4.2053e-06
-2.44039e-05
-4.43998e-06
-2.91774e-05
-4.67825e-06
-3.42339e-05
-4.94359e-06
-3.96131e-05
-5.25062e-06
-4.53655e-05
-5.60925e-06
-5.15506e-05
-6.02768e-06
-5.82373e-05
-6.51425e-06
-6.55049e-05
-7.07882e-06
-7.34459e-05
-7.73366e-06
-8.21694e-05
-8.49458e-06
-9.18058e-05
-9.38219e-06
-0.000102514
-1.04239e-05
-0.000114491
-1.16567e-05
-0.000127987
-1.31324e-05
-0.000143325
-1.49247e-05
-0.000160932
-1.71418e-05
-0.000181387
-1.99465e-05
-0.000205482
-2.35866e-05
-0.000234308
-2.8439e-05
-0.000269356
-3.50668e-05
-0.000312599
-4.42768e-05
-0.000366476
-5.71504e-05
-0.000433654
-7.49929e-05
-0.000516309
-9.91196e-05
-0.000614689
-0.000130373
-0.000724723
-0.000168221
-0.000834841
-0.000209207
-0.000922794
-0.00024431
-0.00095437
-0.000254577
-0.000886471
-0.000204561
-0.000680123
-2.97398e-05
-0.000335284
0.000399943
0.00137978
-3.04864e-07
4.19491e-08
-1.34563e-06
-2.99828e-07
-3.03655e-06
-6.38477e-07
-5.22572e-06
-8.78352e-07
-7.77247e-06
-1.03385e-06
-1.05751e-05
-1.13434e-06
-1.35746e-05
-1.20581e-06
-1.67474e-05
-1.26718e-06
-2.00952e-05
-1.33043e-06
-2.36363e-05
-1.40248e-06
-2.73996e-05
-1.48729e-06
-3.14215e-05
-1.58735e-06
-3.57445e-05
-1.70468e-06
-4.04173e-05
-1.84145e-06
-4.54959e-05
-2.00022e-06
-5.10453e-05
-2.18431e-06
-5.71419e-05
-2.39795e-06
-6.38774e-05
-2.64673e-06
-7.13632e-05
-2.938e-06
-7.97383e-05
-3.28167e-06
-8.91792e-05
-3.69154e-06
-9.99164e-05
-4.18739e-06
-0.00011226
-4.79861e-06
-0.000126636
-5.57031e-06
-0.000143649
-6.5734e-06
-0.000164168
-7.92036e-06
-0.000189446
-9.78816e-06
-0.000221275
-1.24481e-05
-0.000262127
-1.62987e-05
-0.000315224
-2.18958e-05
-0.000384372
-2.99717e-05
-0.00047331
-4.14346e-05
-0.000584209
-5.7322e-05
-0.000714843
-7.85729e-05
-0.000854028
-0.000105125
-0.000975401
-0.000133204
-0.00102894
-0.000151021
-0.00093616
-0.00012252
-0.00061326
7.70435e-05
0.000766518
4.19455e-08
-2.5788e-07
-8.96355e-07
-1.77471e-06
-2.80857e-06
-3.94291e-06
-5.14872e-06
-6.4159e-06
-7.74632e-06
-9.1488e-06
-1.06361e-05
-1.22234e-05
-1.39281e-05
-1.57696e-05
-1.77698e-05
-1.99541e-05
-2.2352e-05
-2.49988e-05
-2.79368e-05
-3.12184e-05
-3.491e-05
-3.90974e-05
-4.3896e-05
-4.94663e-05
-5.60397e-05
-6.39601e-05
-7.37482e-05
-8.61963e-05
-0.000102495
-0.000124391
-0.000154362
-0.000195797
-0.000253119
-0.000331692
-0.000436817
-0.000570021
-0.000721042
-0.000843562
-0.000766518
)
;

boundaryField
{
    frontAndBack
    {
        type            empty;
        value           nonuniform List<scalar> 0();
    }
    fixedWalls
    {
        type            calculated;
        value           uniform 0;
    }
    movingWall
    {
        type            calculated;
        value           uniform 0;
    }
}


// ************************************************************************* //
