/*--------------------------------*- C++ -*----------------------------------*\
  =========                 |
  \\      /  F ield         | OpenFOAM: The Open Source CFD Toolbox
   \\    /   O peration     | Website:  https://openfoam.org
    \\  /    A nd           | Version:  10
     \\/     M anipulation  |
\*---------------------------------------------------------------------------*/
FoamFile
{
    format      ascii;
    class       volVectorField;
    location    "0.4";
    object      U;
}
// * * * * * * * * * * * * * * * * * * * * * * * * * * * * * * * * * * * * * //

dimensions      [0 1 -1 0 0 0 0];

internalField   nonuniform List<vector> 
1600
(
(2.71269e-05 -2.7308e-05 0)
(-1.99893e-05 5.78403e-06 0)
(-7.18659e-05 0.000191455 0)
(-0.000107745 0.000489322 0)
(-0.000129589 0.000863975 0)
(-0.000142416 0.00128867 0)
(-0.00015051 0.00174624 0)
(-0.000156848 0.00222825 0)
(-0.000163211 0.00273233 0)
(-0.000170543 0.00325978 0)
(-0.00017931 0.00381393 0)
(-0.000189746 0.00439923 0)
(-0.000202004 0.00502086 0)
(-0.000216229 0.00568454 0)
(-0.000232604 0.00639654 0)
(-0.000251369 0.00716387 0)
(-0.000272838 0.00799439 0)
(-0.000297419 0.00889708 0)
(-0.000325646 0.00988235 0)
(-0.000358218 0.0109625 0)
(-0.000396058 0.0121522 0)
(-0.000440414 0.0134694 0)
(-0.000492993 0.0149362 0)
(-0.000556195 0.0165808 0)
(-0.000633482 0.0184394 0)
(-0.000729994 0.0205599 0)
(-0.000853593 0.0230072 0)
(-0.00101663 0.0258711 0)
(-0.001239 0.0292792 0)
(-0.00155346 0.0334166 0)
(-0.00201521 0.0385569 0)
(-0.00271987 0.0451117 0)
(-0.00383875 0.0537136 0)
(-0.00568876 0.065361 0)
(-0.00885611 0.0816683 0)
(-0.0143147 0.105288 0)
(-0.0230927 0.140951 0)
(-0.0332301 0.197118 0)
(-0.0158625 0.26286 0)
(0.270237 0.149452 0)
(-6.00113e-06 2.00909e-05 0)
(-0.000240607 0.000240482 0)
(-0.000472946 0.000772359 0)
(-0.00064625 0.0015314 0)
(-0.000764022 0.00245486 0)
(-0.000842541 0.00349621 0)
(-0.000898286 0.00462273 0)
(-0.000944187 0.00581647 0)
(-0.000988941 0.0070713 0)
(-0.00103784 0.00838911 0)
(-0.00109393 0.00977675 0)
(-0.00115905 0.0112442 0)
(-0.00123447 0.0128034 0)
(-0.00132131 0.014468 0)
(-0.00142084 0.0162532 0)
(-0.00153457 0.0181762 0)
(-0.00166444 0.020256 0)
(-0.0018129 0.0225148 0)
(-0.00198311 0.0249779 0)
(-0.00217917 0.0276751 0)
(-0.00240648 0.0306422 0)
(-0.00267219 0.0339223 0)
(-0.00298601 0.0375685 0)
(-0.0033613 0.0416474 0)
(-0.00381675 0.0462439 0)
(-0.00437908 0.0514678 0)
(-0.00508704 0.0574644 0)
(-0.00599756 0.0644277 0)
(-0.00719497 0.0726197 0)
(-0.0088045 0.0823956 0)
(-0.0110121 0.0942333 0)
(-0.0140935 0.108763 0)
(-0.0184595 0.126777 0)
(-0.0247227 0.149191 0)
(-0.0337639 0.176839 0)
(-0.0465416 0.209803 0)
(-0.0624233 0.24526 0)
(-0.071504 0.271809 0)
(-0.0190791 0.258168 0)
(0.348891 0.124752 0)
(-0.000192439 7.21853e-05 0)
(-0.000771674 0.000469316 0)
(-0.00129906 0.00128857 0)
(-0.00170327 0.002397 0)
(-0.00199147 0.00371466 0)
(-0.00219431 0.00518847 0)
(-0.00234541 0.00678026 0)
(-0.00247279 0.00846848 0)
(-0.00259651 0.0102457 0)
(-0.00272954 0.0121146 0)
(-0.00287989 0.014084 0)
(-0.00305262 0.0161674 0)
(-0.00325137 0.0183809 0)
(-0.00347931 0.0207432 0)
(-0.00373985 0.0232751 0)
(-0.00403698 0.0259999 0)
(-0.00437565 0.0289438 0)
(-0.0047621 0.0321369 0)
(-0.0052043 0.0356134 0)
(-0.0057125 0.0394135 0)
(-0.00630004 0.0435844 0)
(-0.00698455 0.0481831 0)
(-0.00778954 0.0532784 0)
(-0.00874685 0.0589551 0)
(-0.00990019 0.0653194 0)
(-0.0113102 0.0725052 0)
(-0.0130616 0.0806833 0)
(-0.0152731 0.0900722 0)
(-0.0181092 0.100951 0)
(-0.0217938 0.113667 0)
(-0.0266197 0.128638 0)
(-0.0329448 0.146316 0)
(-0.0411539 0.167081 0)
(-0.0515308 0.190975 0)
(-0.0638804 0.217121 0)
(-0.0763368 0.242553 0)
(-0.0814054 0.259446 0)
(-0.0536405 0.249477 0)
(0.0822933 0.187409 0)
(0.506908 0.0776346 0)
(-0.000487012 0.000106423 0)
(-0.00151877 0.000629696 0)
(-0.00240034 0.00165724 0)
(-0.00307487 0.00300991 0)
(-0.00356387 0.00459282 0)
(-0.00391682 0.00634984 0)
(-0.00418667 0.00824153 0)
(-0.00441806 0.0102459 0)
(-0.00464357 0.012356 0)
(-0.00488491 0.0145754 0)
(-0.00515592 0.0169145 0)
(-0.00546559 0.0193886 0)
(-0.00582048 0.0220163 0)
(-0.00622634 0.0248188 0)
(-0.00668913 0.0278197 0)
(-0.00721582 0.0310456 0)
(-0.00781488 0.0345261 0)
(-0.00849689 0.0382946 0)
(-0.00927523 0.0423891 0)
(-0.010167 0.0468536 0)
(-0.0111942 0.0517393 0)
(-0.0123855 0.0571063 0)
(-0.0137789 0.0630266 0)
(-0.0154246 0.0695863 0)
(-0.0173904 0.0768904 0)
(-0.0197675 0.0850665 0)
(-0.0226793 0.0942704 0)
(-0.0262906 0.10469 0)
(-0.030816 0.116547 0)
(-0.0365202 0.130085 0)
(-0.0436975 0.14554 0)
(-0.0526011 0.163052 0)
(-0.0632693 0.182483 0)
(-0.0751374 0.203048 0)
(-0.0861827 0.222645 0)
(-0.0909566 0.236781 0)
(-0.0758402 0.23667 0)
(-0.00802109 0.206643 0)
(0.184003 0.134036 0)
(0.619035 0.0479244 0)
(-0.000849226 0.000124587 0)
(-0.00240558 0.000723164 0)
(-0.0036763 0.00188016 0)
(-0.00463873 0.00338253 0)
(-0.00533963 0.0051235 0)
(-0.00585222 0.0070447 0)
(-0.00625068 0.00910664 0)
(-0.00659675 0.0112881 0)
(-0.00693571 0.013583 0)
(-0.00729811 0.015996 0)
(-0.0077037 0.0185384 0)
(-0.00816557 0.0212264 0)
(-0.00869331 0.0240795 0)
(-0.0092953 0.0271197 0)
(-0.00998018 0.0303716 0)
(-0.0107578 0.0338624 0)
(-0.0116402 0.0376223 0)
(-0.012642 0.0416849 0)
(-0.0137817 0.046088 0)
(-0.0150827 0.0508746 0)
(-0.0165745 0.0560937 0)
(-0.0182957 0.0618017 0)
(-0.0202957 0.0680641 0)
(-0.0226395 0.0749573 0)
(-0.0254123 0.0825703 0)
(-0.0287261 0.0910066 0)
(-0.0327264 0.100385 0)
(-0.0375983 0.110836 0)
(-0.0435651 0.122494 0)
(-0.0508684 0.135473 0)
(-0.059706 0.149811 0)
(-0.070082 0.165363 0)
(-0.0814943 0.181589 0)
(-0.0923193 0.19718 0)
(-0.0986413 0.209475 0)
(-0.0920239 0.213714 0)
(-0.0552619 0.202186 0)
(0.0452046 0.16407 0)
(0.268309 0.0957754 0)
(0.688605 0.0298956 0)
(-0.00124581 0.000131659 0)
(-0.00337003 0.00076522 0)
(-0.00505113 0.00198569 0)
(-0.00630987 0.00356054 0)
(-0.00722574 0.00537525 0)
(-0.00789992 0.00736976 0)
(-0.00842948 0.00950481 0)
(-0.00889376 0.01176 0)
(-0.00935068 0.0141304 0)
(-0.00983937 0.016621 0)
(-0.0103853 0.0192438 0)
(-0.0110056 0.0220151 0)
(-0.0117125 0.0249542 0)
(-0.0125171 0.0280828 0)
(-0.0134304 0.0314251 0)
(-0.014465 0.0350072 0)
(-0.0156356 0.038858 0)
(-0.0169607 0.043009 0)
(-0.0184627 0.0474952 0)
(-0.02017 0.0523552 0)
(-0.0221182 0.0576323 0)
(-0.0243525 0.0633747 0)
(-0.0269305 0.0696362 0)
(-0.0299261 0.0764769 0)
(-0.0334343 0.0839632 0)
(-0.0375758 0.0921666 0)
(-0.0425018 0.101161 0)
(-0.0483937 0.111015 0)
(-0.0554497 0.121776 0)
(-0.0638419 0.133439 0)
(-0.0736106 0.145885 0)
(-0.0844412 0.158762 0)
(-0.0952325 0.171288 0)
(-0.103325 0.181925 0)
(-0.103192 0.18794 0)
(-0.0843272 0.185014 0)
(-0.0280182 0.167165 0)
(0.0969246 0.127799 0)
(0.336294 0.0683777 0)
(0.734496 0.018686 0)
(-0.00165314 0.000131939 0)
(-0.00436321 0.000772093 0)
(-0.00646309 0.00200662 0)
(-0.00801939 0.00359571 0)
(-0.00914829 0.00542134 0)
(-0.00998145 0.00742263 0)
(-0.0106401 0.00956074 0)
(-0.0112214 0.0118161 0)
(-0.0117958 0.0141842 0)
(-0.0124105 0.0166706 0)
(-0.0130967 0.0192872 0)
(-0.0138747 0.0220498 0)
(-0.0147598 0.0249769 0)
(-0.0157649 0.0280895 0)
(-0.0169031 0.0314098 0)
(-0.0181891 0.0349623 0)
(-0.0196402 0.0387732 0)
(-0.0212773 0.0428707 0)
(-0.0231258 0.0472853 0)
(-0.0252174 0.0520497 0)
(-0.0275913 0.0571993 0)
(-0.0302966 0.062772 0)
(-0.0333947 0.0688078 0)
(-0.036963 0.0753486 0)
(-0.0410982 0.0824362 0)
(-0.0459198 0.0901098 0)
(-0.0515709 0.0984006 0)
(-0.0582111 0.107321 0)
(-0.0659908 0.116848 0)
(-0.074986 0.126885 0)
(-0.0850531 0.137202 0)
(-0.0955425 0.14733 0)
(-0.104781 0.156378 0)
(-0.109207 0.162787 0)
(-0.102067 0.164034 0)
(-0.0716153 0.156533 0)
(0.00100429 0.136009 0)
(0.14345 0.09894 0)
(0.390313 0.049163 0)
(0.766236 0.0117902 0)
(-0.00205627 0.000128405 0)
(-0.00535079 0.000756575 0)
(-0.00786694 0.00197064 0)
(-0.00971618 0.00353229 0)
(-0.0110526 0.00532372 0)
(-0.0120395 0.00728437 0)
(-0.0128226 0.00937611 0)
(-0.0135169 0.0115801 0)
(-0.014205 0.0138922 0)
(-0.0149421 0.0163179 0)
(-0.0157641 0.0188688 0)
(-0.0166949 0.0215598 0)
(-0.0177518 0.0244085 0)
(-0.0189496 0.0274339 0)
(-0.0203029 0.0306566 0)
(-0.0218279 0.0340985 0)
(-0.0235435 0.0377826 0)
(-0.0254722 0.041733 0)
(-0.0276411 0.0459751 0)
(-0.0300835 0.0505352 0)
(-0.0328399 0.0554402 0)
(-0.0359604 0.0607171 0)
(-0.0395065 0.0663923 0)
(-0.043554 0.0724898 0)
(-0.0481952 0.0790289 0)
(-0.0535403 0.0860201 0)
(-0.0597144 0.0934587 0)
(-0.066844 0.101313 0)
(-0.0750198 0.109507 0)
(-0.0842104 0.117882 0)
(-0.094085 0.126147 0)
(-0.103677 0.133777 0)
(-0.110807 0.139873 0)
(-0.111188 0.142973 0)
(-0.0972043 0.140899 0)
(-0.056506 0.130837 0)
(0.0291175 0.109932 0)
(0.18362 0.0766954 0)
(0.432754 0.0358234 0)
(0.788566 0.00759897 0)
(-0.00244627 0.000122799 0)
(-0.0063101 0.000727144 0)
(-0.0092315 0.00189731 0)
(-0.0113644 0.00340239 0)
(-0.0129003 0.00512761 0)
(-0.014034 0.00701393 0)
(-0.0149354 0.00902441 0)
(-0.0157371 0.0111409 0)
(-0.0165333 0.0133596 0)
(-0.0173868 0.0156857 0)
(-0.0183382 0.0181301 0)
(-0.019414 0.0207068 0)
(-0.0206334 0.0234318 0)
(-0.0220126 0.0263225 0)
(-0.0235673 0.0293972 0)
(-0.0253146 0.0326751 0)
(-0.0272742 0.0361759 0)
(-0.0294693 0.0399195 0)
(-0.0319275 0.043926 0)
(-0.0346819 0.0482154 0)
(-0.0377727 0.0528065 0)
(-0.0412482 0.0577162 0)
(-0.0451669 0.0629583 0)
(-0.0495991 0.0685414 0)
(-0.0546283 0.0744656 0)
(-0.0603499 0.0807184 0)
(-0.0668652 0.0872676 0)
(-0.0742617 0.0940498 0)
(-0.0825657 0.100953 0)
(-0.0916392 0.107786 0)
(-0.100974 0.114226 0)
(-0.109322 0.119744 0)
(-0.114079 0.123489 0)
(-0.110405 0.124161 0)
(-0.090125 0.119956 0)
(-0.0407248 0.108756 0)
(0.054983 0.0887757 0)
(0.217546 0.0597864 0)
(0.466006 0.0265365 0)
(0.804549 0.00504512 0)
(-0.00281772 0.000115999 0)
(-0.0072262 0.000688764 0)
(-0.0105353 0.00179893 0)
(-0.0129388 0.00322678 0)
(-0.0146642 0.00486274 0)
(-0.0159364 0.00665028 0)
(-0.0169491 0.00855418 0)
(-0.0178516 0.0105572 0)
(-0.0187494 0.0126556 0)
(-0.0197122 0.0148545 0)
(-0.0207847 0.0171636 0)
(-0.0219961 0.019596 0)
(-0.023367 0.0221662 0)
(-0.0249145 0.0248896 0)
(-0.026655 0.0277825 0)
(-0.028606 0.0308612 0)
(-0.0307872 0.0341421 0)
(-0.0332217 0.0376413 0)
(-0.0359364 0.041374 0)
(-0.0389632 0.0453543 0)
(-0.04234 0.0495938 0)
(-0.0461116 0.0541008 0)
(-0.0503311 0.0588785 0)
(-0.0550608 0.0639228 0)
(-0.060372 0.0692191 0)
(-0.0663424 0.0747376 0)
(-0.0730466 0.0804267 0)
(-0.0805317 0.0862029 0)
(-0.0887607 0.091934 0)
(-0.0974948 0.097413 0)
(-0.106068 0.102315 0)
(-0.112988 0.106135 0)
(-0.115314 0.1081 0)
(-0.107796 0.107095 0)
(-0.0819352 0.101668 0)
(-0.0253255 0.0902735 0)
(0.0780745 0.0718878 0)
(0.245884 0.0469983 0)
(0.492164 0.0200172 0)
(0.816266 0.0034701 0)
(-0.00316703 0.000108386 0)
(-0.00808871 0.000644077 0)
(-0.0117632 0.00168257 0)
(-0.014421 0.00301794 0)
(-0.0163239 0.0045473 0)
(-0.0177255 0.00621754 0)
(-0.0188418 0.0079956 0)
(-0.0198381 0.00986534 0)
(-0.0208301 0.0118234 0)
(-0.0218944 0.0138742 0)
(-0.0230792 0.0160268 0)
(-0.024416 0.0182931 0)
(-0.0259265 0.0206859 0)
(-0.0276284 0.0232191 0)
(-0.0295383 0.0259065 0)
(-0.0316736 0.0287622 0)
(-0.0340537 0.0317994 0)
(-0.0367006 0.0350307 0)
(-0.0396399 0.0384672 0)
(-0.042901 0.0421179 0)
(-0.0465186 0.0459884 0)
(-0.0505323 0.0500801 0)
(-0.0549884 0.0543878 0)
(-0.0599394 0.0588981 0)
(-0.065443 0.0635856 0)
(-0.0715578 0.0684088 0)
(-0.0783314 0.0733043 0)
(-0.0857713 0.0781772 0)
(-0.0937811 0.0828874 0)
(-0.102032 0.0872266 0)
(-0.10972 0.0908835 0)
(-0.115152 0.093393 0)
(-0.115119 0.0940759 0)
(-0.104088 0.0919964 0)
(-0.0733969 0.0860087 0)
(-0.0109021 0.0750136 0)
(0.0983136 0.0585 0)
(0.269445 0.0373204 0)
(0.512898 0.0153893 0)
(0.825077 0.00248163 0)
(-0.0034915 0.000100099 0)
(-0.00888987 0.000594408 0)
(-0.0129033 0.00155215 0)
(-0.0157969 0.00278305 0)
(-0.0178638 0.00419207 0)
(-0.0193847 0.00573021 0)
(-0.0205964 0.00736704 0)
(-0.0216789 0.00908774 0)
(-0.0227577 0.0108892 0)
(-0.0239152 0.0127756 0)
(-0.0252031 0.0147551 0)
(-0.0266546 0.0168383 0)
(-0.0282925 0.0190367 0)
(-0.0301346 0.0213624 0)
(-0.0321976 0.0238273 0)
(-0.0344983 0.0264433 0)
(-0.0370552 0.0292209 0)
(-0.039889 0.0321699 0)
(-0.043023 0.0352978 0)
(-0.0464838 0.0386097 0)
(-0.0503017 0.0421065 0)
(-0.0545106 0.0457844 0)
(-0.0591488 0.0496324 0)
(-0.0642584 0.0536305 0)
(-0.0698828 0.0577465 0)
(-0.0760616 0.0619324 0)
(-0.0828164 0.0661185 0)
(-0.0901177 0.0702062 0)
(-0.0978159 0.0740557 0)
(-0.105503 0.077467 0)
(-0.112258 0.0801516 0)
(-0.116223 0.0816931 0)
(-0.113987 0.0815055 0)
(-0.0998203 0.0788154 0)
(-0.0650131 0.0727299 0)
(0.00224749 0.0624824 0)
(0.115848 0.0478914 0)
(0.289016 0.0299553 0)
(0.529481 0.0120553 0)
(0.831866 0.00184608 0)
(-0.00378883 9.11778e-05 0)
(-0.00962333 0.000540424 0)
(-0.0139464 0.00140984 0)
(-0.0170548 0.00252632 0)
(-0.0192711 0.00380358 0)
(-0.0209005 0.00519728 0)
(-0.0221989 0.00667998 0)
(-0.0233598 0.00823844 0)
(-0.0245175 0.00986996 0)
(-0.0257598 0.0115783 0)
(-0.0271414 0.013371 0)
(-0.028697 0.0152574 0)
(-0.03045 0.0172477 0)
(-0.0324185 0.0193525 0)
(-0.0346187 0.0215821 0)
(-0.0370666 0.0239462 0)
(-0.0397798 0.0264535 0)
(-0.042777 0.0291113 0)
(-0.0460791 0.0319246 0)
(-0.0497092 0.0348954 0)
(-0.0536929 0.0380216 0)
(-0.0580579 0.0412958 0)
(-0.0628344 0.0447034 0)
(-0.0680536 0.0482207 0)
(-0.0737452 0.0518122 0)
(-0.0799307 0.0554269 0)
(-0.086607 0.0589941 0)
(-0.0937117 0.0624168 0)
(-0.101048 0.0655611 0)
(-0.10814 0.0682413 0)
(-0.113969 0.0701961 0)
(-0.116545 0.0710593 0)
(-0.112301 0.0703311 0)
(-0.0953835 0.0673772 0)
(-0.0570998 0.0615056 0)
(0.0140099 0.0521895 0)
(0.130925 0.0394473 0)
(0.305293 0.0242952 0)
(0.542875 0.00960841 0)
(0.837212 0.00142378 0)
(-0.00405694 8.16381e-05 0)
(-0.0102836 0.000482521 0)
(-0.0148843 0.00125701 0)
(-0.0181851 0.00225049 0)
(-0.0205348 0.00338616 0)
(-0.0222611 0.00462481 0)
(-0.0236372 0.00594233 0)
(-0.0248684 0.00732719 0)
(-0.0260972 0.00877726 0)
(-0.0274158 0.0102961 0)
(-0.0288817 0.0118903 0)
(-0.0305308 0.0135684 0)
(-0.0323871 0.0153393 0)
(-0.0344685 0.0172123 0)
(-0.0367907 0.0191963 0)
(-0.0393692 0.0212995 0)
(-0.0422198 0.023529 0)
(-0.0453595 0.0258904 0)
(-0.0488066 0.0283869 0)
(-0.0525804 0.0310186 0)
(-0.0567018 0.0337818 0)
(-0.0611923 0.0366671 0)
(-0.0660738 0.0396584 0)
(-0.0713674 0.0427307 0)
(-0.0770896 0.0458478 0)
(-0.0832449 0.0489596 0)
(-0.0898085 0.0519976 0)
(-0.0966884 0.0548702 0)
(-0.103647 0.0574532 0)
(-0.11015 0.0595779 0)
(-0.115097 0.0610117 0)
(-0.116394 0.0614354 0)
(-0.110355 0.0604249 0)
(-0.0910498 0.0574606 0)
(-0.0498433 0.0520046 0)
(0.0243809 0.0436977 0)
(0.14382 0.0326708 0)
(0.318859 0.019888 0)
(0.553793 0.00777286 0)
(0.841503 0.00113147 0)
(-0.00429388 7.14985e-05 0)
(-0.0108656 0.000421007 0)
(-0.01571 0.00109471 0)
(-0.019179 0.00195764 0)
(-0.0216454 0.00294316 0)
(-0.0234566 0.00401753 0)
(-0.0249009 0.00516022 0)
(-0.0261942 0.00636163 0)
(-0.0274859 0.00762025 0)
(-0.0288724 0.00893942 0)
(-0.0304132 0.0103252 0)
(-0.0321455 0.0117851 0)
(-0.0340935 0.0133271 0)
(-0.036275 0.0149593 0)
(-0.0387053 0.0166894 0)
(-0.0413988 0.0185245 0)
(-0.0443702 0.0204708 0)
(-0.0476343 0.0225326 0)
(-0.0512069 0.0247123 0)
(-0.0551038 0.0270093 0)
(-0.0593411 0.0294192 0)
(-0.0639345 0.0319323 0)
(-0.0688982 0.0345328 0)
(-0.0742435 0.0371966 0)
(-0.079975 0.0398893 0)
(-0.086082 0.0425638 0)
(-0.0925202 0.0451572 0)
(-0.0991715 0.0475852 0)
(-0.105763 0.0497358 0)
(-0.11171 0.051458 0)
(-0.115846 0.0525466 0)
(-0.115989 0.0527245 0)
(-0.108369 0.0516314 0)
(-0.0870047 0.0488383 0)
(-0.0433426 0.0439228 0)
(0.0334159 0.0366391 0)
(0.154803 0.027173 0)
(0.330189 0.0164024 0)
(0.562766 0.0063628 0)
(0.844998 0.00091965 0)
(-0.00449784 6.07898e-05 0)
(-0.0113651 0.000356189 0)
(-0.0164172 0.000923873 0)
(-0.0200292 0.00164963 0)
(-0.0225947 0.00247751 0)
(-0.0244782 0.00337957 0)
(-0.0259809 0.00433906 0)
(-0.027328 0.00534844 0)
(-0.0286745 0.0064069 0)
(-0.0301203 0.00751771 0)
(-0.0317269 0.00868636 0)
(-0.0335322 0.00991949 0)
(-0.0355607 0.0112242 0)
(-0.0378303 0.0126077 0)
(-0.0403555 0.014077 0)
(-0.0431501 0.0156382 0)
(-0.0462274 0.0172969 0)
(-0.0496006 0.0190571 0)
(-0.0532829 0.0209211 0)
(-0.057287 0.0228883 0)
(-0.0616246 0.0249548 0)
(-0.0663059 0.0271124 0)
(-0.0713384 0.0293468 0)
(-0.0767245 0.0316366 0)
(-0.0824579 0.0339514 0)
(-0.0885145 0.0362494 0)
(-0.0948325 0.0384744 0)
(-0.101271 0.0405519 0)
(-0.107527 0.0423827 0)
(-0.112972 0.0438333 0)
(-0.116382 0.0447233 0)
(-0.115506 0.0448115 0)
(-0.106504 0.0437888 0)
(-0.0833722 0.0412963 0)
(-0.0376416 0.0369951 0)
(0.0411979 0.0307131 0)
(0.164115 0.0226541 0)
(0.339664 0.0135982 0)
(0.570186 0.00525279 0)
(0.847877 0.000758904 0)
(-0.00466717 4.95543e-05 0)
(-0.011778 0.000288395 0)
(-0.0170003 0.000745469 0)
(-0.020729 0.00132829 0)
(-0.0233753 0.00199206 0)
(-0.0253181 0.00271489 0)
(-0.0268693 0.00348398 0)
(-0.0282617 0.00429393 0)
(-0.0296548 0.00514472 0)
(-0.0311514 0.00603958 0)
(-0.0328146 0.00698348 0)
(-0.0346829 0.00798237 0)
(-0.0367813 0.00904258 0)
(-0.0391273 0.0101706 0)
(-0.0417353 0.0113726 0)
(-0.0446183 0.0126547 0)
(-0.0477886 0.014022 0)
(-0.051258 0.0154788 0)
(-0.0550376 0.0170278 0)
(-0.0591373 0.0186695 0)
(-0.0635651 0.0204017 0)
(-0.0683265 0.0222184 0)
(-0.0734228 0.0241086 0)
(-0.0788489 0.0260553 0)
(-0.084589 0.0280334 0)
(-0.0906069 0.0300079 0)
(-0.0968256 0.0319315 0)
(-0.103084 0.0337401 0)
(-0.109051 0.0353476 0)
(-0.114062 0.0366371 0)
(-0.116842 0.0374499 0)
(-0.115079 0.0375739 0)
(-0.104882 0.0367399 0)
(-0.080234 0.0346408 0)
(-0.0327516 0.0309956 0)
(0.0478181 0.0256774 0)
(0.171968 0.0188852 0)
(0.347582 0.0113008 0)
(0.576344 0.00435756 0)
(0.850265 0.000631573 0)
(-0.00480038 3.78442e-05 0)
(-0.0121009 0.000217986 0)
(-0.0174545 0.000560498 0)
(-0.0212728 0.000995471 0)
(-0.0239812 0.00148968 0)
(-0.02597 0.00202744 0)
(-0.0275595 0.00260005 0)
(-0.0289883 0.00320431 0)
(-0.0304198 0.00384103 0)
(-0.0319586 0.00451341 0)
(-0.0336692 0.00522599 0)
(-0.0355908 0.00598403 0)
(-0.0377484 0.00679321 0)
(-0.0401598 0.00765941 0)
(-0.0428391 0.00858853 0)
(-0.045799 0.00958635 0)
(-0.049051 0.0106583 0)
(-0.0526059 0.0118093 0)
(-0.0564731 0.013043 0)
(-0.0606606 0.0143619 0)
(-0.0651733 0.0157663 0)
(-0.0700129 0.0172535 0)
(-0.0751756 0.0188172 0)
(-0.0806499 0.0204457 0)
(-0.0864118 0.0221212 0)
(-0.0924146 0.0238169 0)
(-0.0985678 0.0254953 0)
(-0.104692 0.0271038 0)
(-0.110431 0.0285693 0)
(-0.115086 0.0297903 0)
(-0.117335 0.0306263 0)
(-0.114817 0.0308881 0)
(-0.103595 0.0303359 0)
(-0.0776448 0.0286988 0)
(-0.0286673 0.0257337 0)
(0.0533638 0.0213373 0)
(0.178535 0.0156907 0)
(0.354182 0.00938262 0)
(0.581459 0.00361827 0)
(0.852251 0.00052683 0)
(-0.00489618 2.57197e-05 0)
(-0.0123308 0.000145352 0)
(-0.0177758 0.000370021 0)
(-0.0216559 0.000653123 0)
(-0.0244072 0.000973313 0)
(-0.0264284 0.00132128 0)
(-0.0280459 0.00169245 0)
(-0.0295023 0.00208587 0)
(-0.0309635 0.00250318 0)
(-0.0325359 0.00294758 0)
(-0.0342847 0.00342315 0)
(-0.0362497 0.00393454 0)
(-0.0384562 0.00448683 0)
(-0.0409221 0.00508539 0)
(-0.0436617 0.00573588 0)
(-0.0466875 0.00644414 0)
(-0.0500109 0.00721609 0)
(-0.0536422 0.00805756 0)
(-0.0575898 0.00897401 0)
(-0.0618602 0.0099702 0)
(-0.0664565 0.0110497 0)
(-0.0713773 0.0122144 0)
(-0.0766152 0.0134633 0)
(-0.0821535 0.0147919 0)
(-0.0879614 0.0161904 0)
(-0.093983 0.017642 0)
(-0.100116 0.01912 0)
(-0.106163 0.0205841 0)
(-0.111745 0.0219746 0)
(-0.11613 0.0232039 0)
(-0.117954 0.0241467 0)
(-0.114808 0.024631 0)
(-0.102713 0.0244367 0)
(-0.075644 0.0233158 0)
(-0.0253774 0.021047 0)
(0.0579113 0.0175349 0)
(0.18396 0.0129342 0)
(0.359646 0.00774875 0)
(0.585696 0.00299329 0)
(0.8539 0.000437761 0)
(-0.0049535 1.32486e-05 0)
(-0.0124652 7.09151e-05 0)
(-0.0179609 0.000175167 0)
(-0.0218746 0.000303288 0)
(-0.0246493 0.000446056 0)
(-0.026689 0.000600602 0)
(-0.0283238 0.000766497 0)
(-0.0297987 0.000945041 0)
(-0.0312811 0.00113869 0)
(-0.0328782 0.00135058 0)
(-0.0346558 0.00158434 0)
(-0.036654 0.001844 0)
(-0.0388988 0.00213401 0)
(-0.0414083 0.00245933 0)
(-0.0441973 0.00282541 0)
(-0.0472786 0.00323827 0)
(-0.0506638 0.00370451 0)
(-0.0543631 0.00423122 0)
(-0.0583852 0.00482582 0)
(-0.0627358 0.00549596 0)
(-0.0674171 0.00624922 0)
(-0.0724263 0.00709257 0)
(-0.0777532 0.00803171 0)
(-0.0833775 0.00907011 0)
(-0.0892629 0.0102076 0)
(-0.0953461 0.0114386 0)
(-0.101513 0.0127487 0)
(-0.107551 0.0141112 0)
(-0.113058 0.0154797 0)
(-0.117268 0.0167801 0)
(-0.118776 0.0178999 0)
(-0.115124 0.0186788 0)
(-0.102297 0.0189083 0)
(-0.074264 0.0183515 0)
(-0.0228725 0.0167949 0)
(0.0615223 0.014139 0)
(0.188355 0.0105072 0)
(0.364114 0.00632653 0)
(0.589176 0.00245196 0)
(0.855258 0.000359643 0)
(-0.00497149 5.05638e-07 0)
(-0.0125023 -4.86907e-06 0)
(-0.0180075 -2.28658e-05 0)
(-0.0219261 -5.18811e-05 0)
(-0.0247044 -8.88648e-05 0)
(-0.0267486 -0.000130231 0)
(-0.02839 -0.000172267 0)
(-0.0298741 -0.000211486 0)
(-0.0313687 -0.000244687 0)
(-0.0329812 -0.000268822 0)
(-0.0347777 -0.000280801 0)
(-0.0367989 -0.000277274 0)
(-0.039071 -0.000254427 0)
(-0.0416129 -0.000207793 0)
(-0.0444401 -0.000132104 0)
(-0.047566 -2.1199e-05 0)
(-0.0510032 0.000132303 0)
(-0.0547627 0.000336891 0)
(-0.0588538 0.000602121 0)
(-0.0632829 0.000938886 0)
(-0.0680525 0.00135918 0)
(-0.0731594 0.00187582 0)
(-0.0785926 0.00250196 0)
(-0.0843297 0.00325028 0)
(-0.0903307 0.00413164 0)
(-0.0965258 0.00515307 0)
(-0.102791 0.00631451 0)
(-0.108898 0.0076039 0)
(-0.114421 0.00898981 0)
(-0.11856 0.0104116 0)
(-0.119866 0.0117675 0)
(-0.115832 0.0129048 0)
(-0.102401 0.013619 0)
(-0.073537 0.0136737 0)
(-0.0211504 0.0128509 0)
(0.064241 0.0110368 0)
(0.191804 0.00831973 0)
(0.367693 0.00505778 0)
(0.591991 0.00197042 0)
(0.856362 0.000288904 0)
(-0.00494954 -1.24277e-05 0)
(-0.0124409 -8.15116e-05 0)
(-0.0179139 -0.000222801 0)
(-0.0218086 -0.000410108 0)
(-0.0245708 -0.000628048 0)
(-0.0266054 -0.000866619 0)
(-0.0282423 -0.00111804 0)
(-0.029726 -0.00137672 0)
(-0.0312234 -0.0016388 0)
(-0.0328417 -0.00190144 0)
(-0.0346469 -0.00216217 0)
(-0.03668 -0.00241843 0)
(-0.0389678 -0.00266716 0)
(-0.0415301 -0.00290448 0)
(-0.0443834 -0.00312545 0)
(-0.0475424 -0.00332374 0)
(-0.051021 -0.00349143 0)
(-0.054832 -0.00361868 0)
(-0.0589863 -0.00369365 0)
(-0.063492 -0.00370213 0)
(-0.0683533 -0.00362742 0)
(-0.0735684 -0.0034504 0)
(-0.0791272 -0.00314969 0)
(-0.0850071 -0.00270236 0)
(-0.0911663 -0.00208508 0)
(-0.0975304 -0.00127624 0)
(-0.103966 -0.000259568 0)
(-0.110231 0.00097012 0)
(-0.115873 0.00239825 0)
(-0.120056 0.00397875 0)
(-0.121283 0.00562049 0)
(-0.116991 0.0071746 0)
(-0.10308 0.00843361 0)
(-0.0735008 0.00915185 0)
(-0.0202206 0.00909504 0)
(0.0660927 0.00812524 0)
(0.194365 0.00629274 0)
(0.370457 0.00389274 0)
(0.594204 0.00152851 0)
(0.857232 0.00022245 0)
(-0.0048873 -2.54622e-05 0)
(-0.0122803 -0.00015849 0)
(-0.0176796 -0.000423285 0)
(-0.0215217 -0.000768982 0)
(-0.0242478 -0.0011679 0)
(-0.0262584 -0.00160371 0)
(-0.0278797 -0.00206469 0)
(-0.0293531 -0.00254326 0)
(-0.0308437 -0.00303505 0)
(-0.0324575 -0.00353753 0)
(-0.0342604 -0.00404901 0)
(-0.0362935 -0.00456786 0)
(-0.0385845 -0.00509197 0)
(-0.0411541 -0.00561823 0)
(-0.0440202 -0.00614223 0)
(-0.0471993 -0.00665777 0)
(-0.0507073 -0.00715653 0)
(-0.0545594 -0.0076276 0)
(-0.0587693 -0.00805706 0)
(-0.063348 -0.00842746 0)
(-0.0683031 -0.0087174 0)
(-0.0736361 -0.00890119 0)
(-0.0793398 -0.00894872 0)
(-0.0853939 -0.00882581 0)
(-0.0917569 -0.00849514 0)
(-0.0983524 -0.00791839 0)
(-0.10504 -0.00706018 0)
(-0.111561 -0.00589476 0)
(-0.117437 -0.00441647 0)
(-0.121793 -0.00265396 0)
(-0.123076 -0.000686413 0)
(-0.118661 0.00133867 0)
(-0.104392 0.00320483 0)
(-0.074203 0.00464845 0)
(-0.0201084 0.00540524 0)
(0.0670808 0.00530279 0)
(0.196068 0.00435042 0)
(0.372452 0.00278473 0)
(0.595855 0.00110728 0)
(0.857884 0.000157168 0)
(-0.00478473 -3.85018e-05 0)
(-0.0120207 -0.000235248 0)
(-0.0173049 -0.000622881 0)
(-0.0210657 -0.00112595 0)
(-0.0237359 -0.00170462 0)
(-0.0257084 -0.00233638 0)
(-0.0273026 -0.00300573 0)
(-0.0287555 -0.00370326 0)
(-0.030229 -0.00442423 0)
(-0.0318275 -0.00516661 0)
(-0.0336162 -0.00592967 0)
(-0.0356366 -0.00671292 0)
(-0.0379169 -0.00751541 0)
(-0.0404793 -0.00833511 0)
(-0.0433431 -0.00916844 0)
(-0.0465273 -0.0100097 0)
(-0.0500502 -0.0108507 0)
(-0.0539304 -0.0116797 0)
(-0.0581852 -0.0124813 0)
(-0.0628303 -0.0132351 0)
(-0.0678781 -0.0139155 0)
(-0.0733356 -0.0144902 0)
(-0.0792012 -0.0149201 0)
(-0.0854596 -0.0151591 0)
(-0.0920732 -0.0151544 0)
(-0.0989658 -0.0148486 0)
(-0.105992 -0.0141838 0)
(-0.112879 -0.0131092 0)
(-0.119121 -0.0115936 0)
(-0.123797 -0.00964319 0)
(-0.125289 -0.00732304 0)
(-0.1209 -0.00477772 0)
(-0.106402 -0.00223697 0)
(-0.0757032 6.9025e-06 0)
(-0.0208612 0.0016453 0)
(0.0671826 0.00245916 0)
(0.196916 0.00241222 0)
(0.373695 0.00168458 0)
(0.596963 0.000686519 0)
(0.858322 8.95057e-05 0)
(-0.00464205 -5.14447e-05 0)
(-0.0116629 -0.000311196 0)
(-0.0167911 -0.000820069 0)
(-0.0204424 -0.00147832 0)
(-0.0230372 -0.00223418 0)
(-0.0249571 -0.00305919 0)
(-0.0265128 -0.00393423 0)
(-0.0279345 -0.0048483 0)
(-0.0293802 -0.00579647 0)
(-0.0309518 -0.00677739 0)
(-0.0327138 -0.00779148 0)
(-0.0347074 -0.00883966 0)
(-0.0369618 -0.00992244 0)
(-0.0395005 -0.0110392 0)
(-0.0423449 -0.0121877 0)
(-0.0455162 -0.0133633 0)
(-0.0490363 -0.0145583 0)
(-0.0529276 -0.0157611 0)
(-0.0572123 -0.0169554 0)
(-0.0619121 -0.0181188 0)
(-0.0670462 -0.019222 0)
(-0.0726295 -0.0202268 0)
(-0.0786688 -0.0210854 0)
(-0.0851576 -0.0217395 0)
(-0.0920659 -0.0221195 0)
(-0.0993224 -0.0221465 0)
(-0.10678 -0.0217361 0)
(-0.114155 -0.0208068 0)
(-0.12091 -0.0192946 0)
(-0.126075 -0.0171754 0)
(-0.127958 -0.0144926 0)
(-0.123767 -0.0113851 0)
(-0.109188 -0.00809892 0)
(-0.0780842 -0.00496819 0)
(-0.0225497 -0.00235402 0)
(0.0663457 -0.000537365 0)
(0.196876 0.000382967 0)
(0.374172 0.000534133 0)
(0.597518 0.000242272 0)
(0.858538 1.51811e-05 0)
(-0.00445984 -6.41846e-05 0)
(-0.0112086 -0.000385713 0)
(-0.0161406 -0.00101325 0)
(-0.0196548 -0.00182324 0)
(-0.022155 -0.00275231 0)
(-0.0240081 -0.00376632 0)
(-0.0255135 -0.00484282 0)
(-0.0268932 -0.00596939 0)
(-0.0282998 -0.0071411 0)
(-0.0298323 -0.00835752 0)
(-0.0315537 -0.00962047 0)
(-0.0335053 -0.0109325 0)
(-0.035717 -0.012296 0)
(-0.0382135 -0.0137123 0)
(-0.0410184 -0.0151808 0)
(-0.0441559 -0.0166986 0)
(-0.0476514 -0.0182594 0)
(-0.0515319 -0.0198528 0)
(-0.0558257 -0.0214625 0)
(-0.0605617 -0.0230655 0)
(-0.0657678 -0.0246299 0)
(-0.0714695 -0.026113 0)
(-0.0776856 -0.0274592 0)
(-0.0844226 -0.0285982 0)
(-0.0916634 -0.0294434 0)
(-0.0993472 -0.0298923 0)
(-0.107332 -0.0298297 0)
(-0.115323 -0.0291364 0)
(-0.12276 -0.0277064 0)
(-0.128612 -0.0254734 0)
(-0.131099 -0.0224475 0)
(-0.127316 -0.0187534 0)
(-0.112836 -0.0146523 0)
(-0.0814516 -0.0105273 0)
(-0.0252771 -0.00681135 0)
(0.0644801 -0.00386666 0)
(0.195879 -0.00186518 0)
(0.37383 -0.000742215 0)
(0.597484 -0.000255906 0)
(0.858507 -6.99888e-05 0)
(-0.00423899 -7.6613e-05 0)
(-0.01066 -0.000458156 0)
(-0.0153571 -0.00120073 0)
(-0.0187073 -0.00215767 0)
(-0.0210941 -0.00325445 0)
(-0.0228665 -0.00445158 0)
(-0.0243098 -0.00572353 0)
(-0.0256363 -0.00705672 0)
(-0.026992 -0.00844646 0)
(-0.0284724 -0.00989343 0)
(-0.0301386 -0.0114011 0)
(-0.0320316 -0.012974 0)
(-0.0341818 -0.0146167 0)
(-0.0366153 -0.0163328 0)
(-0.0393579 -0.0181243 0)
(-0.0424367 -0.0199908 0)
(-0.045881 -0.0219284 0)
(-0.0497231 -0.0239288 0)
(-0.0539978 -0.0259775 0)
(-0.0587425 -0.0280524 0)
(-0.063996 -0.0301212 0)
(-0.0697968 -0.0321385 0)
(-0.0761797 -0.0340431 0)
(-0.0831691 -0.0357544 0)
(-0.0907675 -0.0371692 0)
(-0.0989324 -0.0381605 0)
(-0.107534 -0.0385786 0)
(-0.116279 -0.0382595 0)
(-0.12458 -0.0370429 0)
(-0.131348 -0.0348046 0)
(-0.1347 -0.0315032 0)
(-0.131589 -0.0272326 0)
(-0.117438 -0.0222602 0)
(-0.0859345 -0.0170208 0)
(-0.0291936 -0.012038 0)
(0.0614401 -0.00778123 0)
(0.193795 -0.00451724 0)
(0.372558 -0.00225685 0)
(0.596772 -0.000861393 0)
(0.858183 -0.000182059 0)
(-0.00398073 -8.86223e-05 0)
(-0.0100205 -0.000527844 0)
(-0.0144453 -0.0013807 0)
(-0.0176059 -0.00247832 0)
(-0.019861 -0.00373562 0)
(-0.0215389 -0.00510812 0)
(-0.0229085 -0.00656757 0)
(-0.0241704 -0.00809947 0)
(-0.0254631 -0.00969957 0)
(-0.0268777 -0.0113699 0)
(-0.0284731 -0.0131157 0)
(-0.0302896 -0.0149439 0)
(-0.0323579 -0.0168616 0)
(-0.0347055 -0.0188753 0)
(-0.0373599 -0.0209901 0)
(-0.040351 -0.023209 0)
(-0.0437124 -0.0255317 0)
(-0.0474814 -0.0279534 0)
(-0.0517002 -0.0304635 0)
(-0.0564155 -0.0330429 0)
(-0.0616786 -0.0356614 0)
(-0.0675436 -0.0382744 0)
(-0.0740648 -0.0408182 0)
(-0.0812908 -0.0432053 0)
(-0.089251 -0.0453188 0)
(-0.0979316 -0.0470079 0)
(-0.107228 -0.0480868 0)
(-0.116857 -0.0483399 0)
(-0.126219 -0.0475397 0)
(-0.134165 -0.0454839 0)
(-0.138697 -0.0420528 0)
(-0.136593 -0.0372812 0)
(-0.12308 -0.0314201 0)
(-0.0916895 -0.0249479 0)
(-0.0345018 -0.0184927 0)
(0.0570059 -0.0126621 0)
(0.190412 -0.00785395 0)
(0.370166 -0.00418415 0)
(0.595227 -0.00164926 0)
(0.85749 -0.000335688 0)
(-0.00368664 -0.000100105 0)
(-0.00929426 -0.000594041 0)
(-0.0134115 -0.00155112 0)
(-0.016358 -0.00278146 0)
(-0.0184643 -0.00419013 0)
(-0.0200344 -0.00572814 0)
(-0.0213187 -0.00736487 0)
(-0.0225045 -0.00908516 0)
(-0.0237218 -0.0108854 0)
(-0.0250564 -0.0127691 0)
(-0.0265647 -0.0147436 0)
(-0.0282857 -0.0168183 0)
(-0.0302503 -0.0190034 0)
(-0.0324866 -0.0213086 0)
(-0.0350239 -0.0237429 0)
(-0.0378946 -0.0263136 0)
(-0.0411357 -0.0290252 0)
(-0.0447899 -0.0318783 0)
(-0.0489065 -0.034868 0)
(-0.0535421 -0.037981 0)
(-0.0587611 -0.041193 0)
(-0.0646356 -0.0444641 0)
(-0.071243 -0.0477335 0)
(-0.0786615 -0.0509123 0)
(-0.0869565 -0.0538753 0)
(-0.0961551 -0.0564532 0)
(-0.106193 -0.0584256 0)
(-0.11682 -0.0595218 0)
(-0.127437 -0.0594357 0)
(-0.136848 -0.0578634 0)
(-0.142931 -0.0545714 0)
(-0.142264 -0.0494911 0)
(-0.129816 -0.0428119 0)
(-0.0988881 -0.0350253 0)
(-0.0414684 -0.0268614 0)
(0.050855 -0.0190973 0)
(0.185391 -0.0123164 0)
(0.366336 -0.00679737 0)
(0.592596 -0.00273873 0)
(0.856295 -0.000555967 0)
(-0.00335871 -0.000110944 0)
(-0.00848662 -0.00065586 0)
(-0.0122634 -0.00170948 0)
(-0.0149732 -0.00306247 0)
(-0.0169145 -0.00461092 0)
(-0.0183642 -0.00630197 0)
(-0.0195519 -0.00810301 0)
(-0.0206502 -0.00999844 0)
(-0.0217795 -0.0119855 0)
(-0.0230197 -0.0140691 0)
(-0.0244241 -0.0162591 0)
(-0.02603 -0.0185674 0)
(-0.0278678 -0.0210075 0)
(-0.0299659 -0.0235929 0)
(-0.0323547 -0.0263371 0)
(-0.0350684 -0.0292525 0)
(-0.038147 -0.0323497 0)
(-0.0416375 -0.0356364 0)
(-0.0455959 -0.0391154 0)
(-0.0500881 -0.0427829 0)
(-0.0551921 -0.0466243 0)
(-0.0609983 -0.0506101 0)
(-0.0676103 -0.0546888 0)
(-0.0751405 -0.0587789 0)
(-0.0836993 -0.0627567 0)
(-0.0933685 -0.066444 0)
(-0.104145 -0.0695946 0)
(-0.115835 -0.0718865 0)
(-0.127872 -0.0729286 0)
(-0.139038 -0.0722939 0)
(-0.147098 -0.0695933 0)
(-0.148403 -0.0645907 0)
(-0.137606 -0.0573365 0)
(-0.107683 -0.0482631 0)
(-0.0504258 -0.0381623 0)
(0.0425244 -0.0279961 0)
(0.178211 -0.018605 0)
(0.360556 -0.0105361 0)
(0.588453 -0.00432315 0)
(0.854383 -0.00088459 0)
(-0.0029994 -0.000120983 0)
(-0.00760431 -0.000712074 0)
(-0.011011 -0.00185231 0)
(-0.0134637 -0.00331496 0)
(-0.015225 -0.00498841 0)
(-0.0165424 -0.00681657 0)
(-0.0176227 -0.00876529 0)
(-0.0186225 -0.0108188 0)
(-0.0196515 -0.012975 0)
(-0.0207831 -0.0152408 0)
(-0.0220667 -0.017628 0)
(-0.0235377 -0.0201514 0)
(-0.0252251 -0.0228278 0)
(-0.0271572 -0.0256749 0)
(-0.0293644 -0.0287111 0)
(-0.031882 -0.0319546 0)
(-0.0347516 -0.0354232 0)
(-0.0380235 -0.0391331 0)
(-0.0417588 -0.0430976 0)
(-0.0460313 -0.0473249 0)
(-0.050931 -0.051815 0)
(-0.0565666 -0.0565548 0)
(-0.0630677 -0.0615112 0)
(-0.0705843 -0.0666207 0)
(-0.0792787 -0.0717758 0)
(-0.0893008 -0.0768064 0)
(-0.100731 -0.0814587 0)
(-0.113466 -0.0853756 0)
(-0.127014 -0.0880881 0)
(-0.140183 -0.0890352 0)
(-0.15066 -0.0876307 0)
(-0.154578 -0.0833909 0)
(-0.146222 -0.0761089 0)
(-0.118128 -0.0660194 0)
(-0.0617415 -0.0538607 0)
(0.0313788 -0.0407391 0)
(0.168073 -0.0278262 0)
(0.352002 -0.0161106 0)
(0.582107 -0.00671696 0)
(0.851399 -0.00138905 0)
(-0.00261193 -0.000129949 0)
(-0.00665615 -0.000760724 0)
(-0.0096672 -0.00197424 0)
(-0.0118449 -0.00352934 0)
(-0.0134132 -0.00530836 0)
(-0.0145875 -0.00725284 0)
(-0.0155503 -0.00932752 0)
(-0.016441 -0.0115165 0)
(-0.0173579 -0.0138188 0)
(-0.0183673 -0.0162424 0)
(-0.0195141 -0.0188015 0)
(-0.0208308 -0.0215135 0)
(-0.0223448 -0.0243987 0)
(-0.0240832 -0.0274788 0)
(-0.0260755 -0.0307773 0)
(-0.0283567 -0.0343189 0)
(-0.0309687 -0.0381289 0)
(-0.0339632 -0.0422334 0)
(-0.0374037 -0.0466578 0)
(-0.0413697 -0.0514253 0)
(-0.0459601 -0.0565546 0)
(-0.0512986 -0.0620556 0)
(-0.0575386 -0.0679226 0)
(-0.0648669 -0.0741241 0)
(-0.0735003 -0.080587 0)
(-0.0836667 -0.0871744 0)
(-0.0955509 -0.0936558 0)
(-0.109176 -0.0996729 0)
(-0.124184 -0.10471 0)
(-0.13948 -0.108084 0)
(-0.152757 -0.108991 0)
(-0.159983 -0.106615 0)
(-0.155073 -0.100334 0)
(-0.130022 -0.0899602 0)
(-0.0757187 -0.0759347 0)
(0.0166192 -0.0593415 0)
(0.153805 -0.0416954 0)
(0.339369 -0.0246667 0)
(0.572427 -0.0104354 0)
(0.84677 -0.00217959 0)
(-0.00220075 -0.00013731 0)
(-0.00565431 -0.000798457 0)
(-0.00824969 -0.00206656 0)
(-0.010138 -0.0036905 0)
(-0.0115019 -0.0055488 0)
(-0.0125235 -0.00758166 0)
(-0.0133598 -0.00975313 0)
(-0.0141319 -0.0120473 0)
(-0.0149262 -0.0144637 0)
(-0.0158011 -0.0170117 0)
(-0.0167963 -0.0197072 0)
(-0.0179412 -0.0225701 0)
(-0.0192606 -0.0256237 0)
(-0.0207794 -0.0288936 0)
(-0.0225253 -0.0324083 0)
(-0.0245313 -0.0361985 0)
(-0.0268379 -0.0402976 0)
(-0.0294956 -0.0447417 0)
(-0.0325676 -0.049569 0)
(-0.0361347 -0.0548199 0)
(-0.0403002 -0.0605347 0)
(-0.0451968 -0.0667516 0)
(-0.0509953 -0.073501 0)
(-0.0579127 -0.0807969 0)
(-0.0662163 -0.0886221 0)
(-0.0762128 -0.0969039 0)
(-0.0882043 -0.105479 0)
(-0.102374 -0.114043 0)
(-0.118559 -0.122098 0)
(-0.135864 -0.128898 0)
(-0.152121 -0.133441 0)
(-0.163278 -0.13453 0)
(-0.162976 -0.130956 0)
(-0.142638 -0.121793 0)
(-0.0923762 -0.106763 0)
(-0.00266298 -0.0865457 0)
(0.133764 -0.0627875 0)
(0.320649 -0.0380406 0)
(0.557584 -0.0163362 0)
(0.839553 -0.00344168 0)
(-0.00177258 -0.000142024 0)
(-0.00461635 -0.000819566 0)
(-0.0067831 -0.00211535 0)
(-0.0083717 -0.00377494 0)
(-0.0095225 -0.00567618 0)
(-0.0103834 -0.00775902 0)
(-0.0110854 -0.0099871 0)
(-0.0117312 -0.0123444 0)
(-0.0123942 -0.0148305 0)
(-0.0131246 -0.0174559 0)
(-0.0139565 -0.0202374 0)
(-0.0149152 -0.023197 0)
(-0.0160223 -0.0263603 0)
(-0.0172997 -0.0297565 0)
(-0.0187719 -0.0334178 0)
(-0.0204688 -0.0373806 0)
(-0.0224272 -0.0416854 0)
(-0.0246935 -0.0463777 0)
(-0.0273273 -0.0515082 0)
(-0.0304058 -0.0571339 0)
(-0.0340299 -0.0633179 0)
(-0.0383331 -0.070129 0)
(-0.0434926 -0.0776395 0)
(-0.0497423 -0.0859196 0)
(-0.0573852 -0.0950268 0)
(-0.0667945 -0.104985 0)
(-0.0783846 -0.115749 0)
(-0.0925147 -0.127146 0)
(-0.109272 -0.138796 0)
(-0.128074 -0.150009 0)
(-0.147079 -0.15969 0)
(-0.162471 -0.166299 0)
(-0.167876 -0.167931 0)
(-0.154301 -0.16258 0)
(-0.110959 -0.148654 0)
(-0.0270693 -0.12564 0)
(0.105936 -0.0946828 0)
(0.292879 -0.059136 0)
(0.534634 -0.0259003 0)
(0.828174 -0.00551019 0)
(-0.00133805 -0.000142187 0)
(-0.00356833 -0.000814878 0)
(-0.00530284 -0.00209951 0)
(-0.0065866 -0.00374818 0)
(-0.00751845 -0.00564191 0)
(-0.00821292 -0.00772145 0)
(-0.00877527 -0.00995019 0)
(-0.00928932 -0.0123116 0)
(-0.00981553 -0.014805 0)
(-0.0103951 -0.0174409 0)
(-0.0110562 -0.0202368 0)
(-0.0118194 -0.0232157 0)
(-0.0127024 -0.0264046 0)
(-0.0137234 -0.0298349 0)
(-0.0149028 -0.0335416 0)
(-0.0162657 -0.0375651 0)
(-0.0178432 -0.0419512 0)
(-0.0196755 -0.0467524 0)
(-0.0218145 -0.0520298 0)
(-0.0243285 -0.0578545 0)
(-0.0273089 -0.0643096 0)
(-0.0308793 -0.0714927 0)
(-0.0352086 -0.0795171 0)
(-0.040528 -0.0885126 0)
(-0.0471501 -0.0986218 0)
(-0.0554838 -0.109989 0)
(-0.0660252 -0.122732 0)
(-0.0792915 -0.136891 0)
(-0.0956383 -0.152331 0)
(-0.114892 -0.1686 0)
(-0.135747 -0.18473 0)
(-0.154983 -0.199039 0)
(-0.166691 -0.209 0)
(-0.161926 -0.211325 0)
(-0.129202 -0.202464 0)
(-0.0560934 -0.179586 0)
(0.0684196 -0.141909 0)
(0.252034 -0.092503 0)
(0.498887 -0.0418664 0)
(0.809876 -0.00907083 0)
(-0.000914171 -0.000134696 0)
(-0.00254862 -0.000771094 0)
(-0.00385912 -0.00199034 0)
(-0.00483932 -0.0035643 0)
(-0.00555043 -0.00538173 0)
(-0.00607609 -0.00738488 0)
(-0.00649684 -0.00953683 0)
(-0.00687793 -0.0118201 0)
(-0.00726652 -0.0142333 0)
(-0.00769459 -0.0167861 0)
(-0.00818369 -0.0194957 0)
(-0.00874954 -0.022385 0)
(-0.00940558 -0.0254813 0)
(-0.0101655 -0.0288162 0)
(-0.0110449 -0.0324259 0)
(-0.012063 -0.036352 0)
(-0.0132442 -0.0406427 0)
(-0.0146198 -0.0453543 0)
(-0.0162311 -0.0505533 0)
(-0.0181329 -0.0563196 0)
(-0.0204 -0.0627497 0)
(-0.0231355 -0.0699616 0)
(-0.0264842 -0.0781009 0)
(-0.0306505 -0.0873477 0)
(-0.0359225 -0.097923 0)
(-0.0426961 -0.110092 0)
(-0.0514883 -0.124157 0)
(-0.0629083 -0.140423 0)
(-0.077534 -0.159119 0)
(-0.0956193 -0.180233 0)
(-0.116562 -0.203248 0)
(-0.138125 -0.226754 0)
(-0.155531 -0.248024 0)
(-0.160753 -0.262711 0)
(-0.14241 -0.265014 0)
(-0.0866595 -0.248631 0)
(0.0209793 -0.208608 0)
(0.193765 -0.144748 0)
(0.443271 -0.0696417 0)
(0.779531 -0.0157323 0)
(-0.000526861 -0.000115181 0)
(-0.00161047 -0.000671785 0)
(-0.00251895 -0.00175472 0)
(-0.00320459 -0.00317115 0)
(-0.00369881 -0.00482185 0)
(-0.00405852 -0.00665104 0)
(-0.00434132 -0.00862149 0)
(-0.00459425 -0.0107147 0)
(-0.00485113 -0.012928 0)
(-0.00513449 -0.0152697 0)
(-0.00545923 -0.0177556 0)
(-0.00583599 -0.0204072 0)
(-0.00627375 -0.0232501 0)
(-0.00678165 -0.0263144 0)
(-0.00737026 -0.0296344 0)
(-0.00805262 -0.0332501 0)
(-0.00884536 -0.0372077 0)
(-0.00977009 -0.0415623 0)
(-0.0108554 -0.0463796 0)
(-0.0121399 -0.0517397 0)
(-0.0136765 -0.0577416 0)
(-0.01554 -0.0645099 0)
(-0.0178374 -0.0722037 0)
(-0.0207246 -0.0810296 0)
(-0.0244286 -0.0912576 0)
(-0.0292768 -0.10324 0)
(-0.0357233 -0.117431 0)
(-0.0443558 -0.134386 0)
(-0.055842 -0.154729 0)
(-0.070753 -0.179029 0)
(-0.0891875 -0.207526 0)
(-0.110139 -0.239651 0)
(-0.130622 -0.273317 0)
(-0.144696 -0.304098 0)
(-0.142664 -0.324674 0)
(-0.110741 -0.325043 0)
(-0.0313401 -0.293949 0)
(0.116592 -0.223014 0)
(0.358523 -0.119843 0)
(0.727116 -0.0296729 0)
(-0.000211517 -7.86413e-05 0)
(-0.000819951 -0.000501597 0)
(-0.00136303 -0.0013649 0)
(-0.00177286 -0.00252414 0)
(-0.00206259 -0.00389539 0)
(-0.00226759 -0.00542547 0)
(-0.00242434 -0.00707796 0)
(-0.00256233 -0.00883423 0)
(-0.00270218 -0.0106905 0)
(-0.00285723 -0.0126533 0)
(-0.00303595 -0.014736 0)
(-0.00324419 -0.0169571 0)
(-0.00348683 -0.0193384 0)
(-0.00376882 -0.0219057 0)
(-0.00409595 -0.0246884 0)
(-0.00447543 -0.0277205 0)
(-0.0049165 -0.031042 0)
(-0.00543123 -0.0347003 0)
(-0.00603566 -0.0387524 0)
(-0.00675152 -0.0432685 0)
(-0.00760903 -0.0483362 0)
(-0.00865122 -0.054068 0)
(-0.00994105 -0.0606103 0)
(-0.0115723 -0.0681594 0)
(-0.0136865 -0.0769821 0)
(-0.0164958 -0.0874463 0)
(-0.0203113 -0.100059 0)
(-0.0255675 -0.115508 0)
(-0.0328246 -0.134683 0)
(-0.0427107 -0.158647 0)
(-0.0557534 -0.188468 0)
(-0.0720348 -0.224822 0)
(-0.0906067 -0.267246 0)
(-0.108611 -0.312989 0)
(-0.12007 -0.355604 0)
(-0.11432 -0.383693 0)
(-0.074135 -0.380395 0)
(0.027023 -0.325564 0)
(0.232672 -0.208025 0)
(0.626326 -0.0610643 0)
(-1.06634e-05 -2.33994e-05 0)
(-0.000257163 -0.000259604 0)
(-0.000496572 -0.000820574 0)
(-0.00067168 -0.00161329 0)
(-0.000789035 -0.00257166 0)
(-0.000867271 -0.00364867 0)
(-0.000924189 -0.00481275 0)
(-0.000973287 -0.00604807 0)
(-0.00102342 -0.00735113 0)
(-0.00107993 -0.00872662 0)
(-0.00114594 -0.0101844 0)
(-0.00122352 -0.0117377 0)
(-0.00131432 -0.0134024 0)
(-0.00142008 -0.0151967 0)
(-0.00154287 -0.0171413 0)
(-0.00168529 -0.0192602 0)
(-0.00185071 -0.0215815 0)
(-0.00204353 -0.0241384 0)
(-0.00226958 -0.026971 0)
(-0.00253678 -0.0301285 0)
(-0.00285615 -0.0336729 0)
(-0.00324352 -0.0376836 0)
(-0.00372235 -0.042266 0)
(-0.00432852 -0.0475631 0)
(-0.00511784 -0.0537744 0)
(-0.0061778 -0.0611853 0)
(-0.00764394 -0.0702081 0)
(-0.00972006 -0.0814381 0)
(-0.0126984 -0.095718 0)
(-0.0169716 -0.114191 0)
(-0.023024 -0.1383 0)
(-0.0313822 -0.16966 0)
(-0.0424828 -0.209675 0)
(-0.0563405 -0.258725 0)
(-0.071718 -0.314677 0)
(-0.0842907 -0.370623 0)
(-0.0836202 -0.411956 0)
(-0.0484808 -0.41252 0)
(0.0721416 -0.330254 0)
(0.437843 -0.123794 0)
(2.77468e-05 2.74201e-05 0)
(-2.19004e-05 -1.01044e-05 0)
(-7.56182e-05 -0.000207159 0)
(-0.000111723 -0.000517962 0)
(-0.000133127 -0.0009055 0)
(-0.000145506 -0.00134243 0)
(-0.000153452 -0.00181209 0)
(-0.000160043 -0.00230705 0)
(-0.000167056 -0.00282614 0)
(-0.00017541 -0.00337181 0)
(-0.000185552 -0.00394854 0)
(-0.000197728 -0.00456204 0)
(-0.000212131 -0.00521881 0)
(-0.00022898 -0.00592619 0)
(-0.000248557 -0.0066924 0)
(-0.000271233 -0.00752682 0)
(-0.000297496 -0.00844035 0)
(-0.000327983 -0.00944577 0)
(-0.00036352 -0.0105584 0)
(-0.000405212 -0.0117969 0)
(-0.000454587 -0.0131846 0)
(-0.000513843 -0.0147513 0)
(-0.000586303 -0.016536 0)
(-0.000677234 -0.0185922 0)
(-0.000795308 -0.0209955 0)
(-0.00095514 -0.0238566 0)
(-0.00118139 -0.0273424 0)
(-0.00151495 -0.0317073 0)
(-0.00202189 -0.0373383 0)
(-0.00280625 -0.0448141 0)
(-0.00402932 -0.0549748 0)
(-0.00593969 -0.0690013 0)
(-0.00891411 -0.0884942 0)
(-0.0134766 -0.115492 0)
(-0.0201385 -0.152241 0)
(-0.0286379 -0.200768 0)
(-0.0359394 -0.262631 0)
(-0.0310846 -0.33093 0)
(0.0280505 -0.348082 0)
(0.312044 -0.162623 0)
)
;

boundaryField
{
    frontAndBack
    {
        type            empty;
    }
    fixedWalls
    {
        type            noSlip;
    }
    movingWall
    {
        type            fixedValue;
        value           uniform (1 0 0);
    }
}


// ************************************************************************* //
