/*--------------------------------*- C++ -*----------------------------------*\
  =========                 |
  \\      /  F ield         | OpenFOAM: The Open Source CFD Toolbox
   \\    /   O peration     | Website:  https://openfoam.org
    \\  /    A nd           | Version:  10
     \\/     M anipulation  |
\*---------------------------------------------------------------------------*/
FoamFile
{
    format      ascii;
    class       volScalarField;
    location    "100";
    object      nuTilda;
}
// * * * * * * * * * * * * * * * * * * * * * * * * * * * * * * * * * * * * * //

dimensions      [0 2 -1 0 0 0 0];

internalField   nonuniform List<scalar> 
3042
(
0.00878043
0.144508
0.076207
0.0236479
0.0337678
0.134868
0.151136
0.00777987
0.00990909
0.00987896
0.0644123
0.143567
0.14475
0.0417149
0.031775
0.00629582
0.139509
0.00960317
0.141111
0.144353
0.00781406
0.148228
0.0491125
0.0312737
0.00614627
0.140704
0.00634287
0.0059897
0.0352621
0.0137919
0.00872704
0.0907851
0.124766
0.0381003
0.0409537
0.120515
0.0396403
0.0246627
0.00629737
0.00727279
0.0124714
0.00889758
0.0552833
0.0394928
0.0215883
0.101307
0.0387446
0.140855
0.0561401
0.140629
0.023024
0.00392592
0.157511
0.0618395
0.144448
0.111307
0.149174
0.166956
0.145138
0.155843
0.00679676
0.0998742
0.0197298
0.153256
0.14206
0.0674488
0.0978239
0.0291078
0.0892682
0.0666893
0.140121
0.00972538
0.00912186
0.0824433
0.0883535
0.145809
0.00662261
0.132402
0.0113307
0.0377097
0.145034
0.0751274
0.0582825
0.0130666
0.107513
0.0306233
0.1565
0.140493
0.00917255
0.140797
0.148
0.0406442
0.0724911
0.0774487
0.140314
0.127596
0.00818357
0.0571723
0.0120857
0.0199954
0.0168821
0.0111953
0.140532
0.0790505
0.0648976
0.068687
0.00651846
0.0896969
0.130533
0.0817899
0.14702
0.0765789
0.0130097
0.0528375
0.15086
0.00763197
0.0791228
0.0421813
0.0173574
0.0361762
0.0118037
0.107234
0.140961
0.0896153
0.11348
0.137857
0.119896
0.146532
0.00619202
0.143251
0.00855349
0.0125467
0.0441007
0.153774
0.130207
0.047559
0.0319849
0.141366
0.0183294
0.115286
0.107091
0.160665
0.132295
0.117598
0.137156
0.0495866
0.11026
0.0120415
0.0923673
0.142389
0.0154527
0.138958
0.141674
0.0687541
0.12742
0.132
0.140806
0.0920323
0.151067
0.0334642
0.032924
0.0726902
0.162127
0.0728645
0.00458292
0.145243
0.149897
0.035337
0.0825192
0.139464
0.028806
0.141548
0.132729
0.143538
0.0309339
0.0772349
0.0433686
0.142864
0.00707397
0.120552
0.0249356
0.127401
0.146919
0.00660515
0.0510297
0.0368169
0.0663543
0.142534
0.141666
0.0541613
0.0441265
0.0100272
0.0275075
0.0416615
0.157594
0.0184661
0.0234404
0.0885473
0.00689415
0.160284
0.0185249
0.0694429
0.0144425
0.0155948
0.13234
0.0114587
0.0370965
0.105123
0.0832269
0.00599501
0.0429247
0.145187
0.129374
0.0293246
0.0214071
0.151006
0.0253591
0.163468
0.14038
0.0142924
0.127492
0.125123
0.12649
0.132145
0.144586
0.0911692
0.146049
0.0135176
0.0154933
0.0993104
0.12596
0.136513
0.0935514
0.140614
0.148858
0.0123785
0.122072
0.0106531
0.0205388
0.0733916
0.145462
0.14369
0.148075
0.00675116
0.0073955
0.143741
0.118775
0.0645097
0.00839275
0.0711891
0.157992
0.00788541
0.0209587
0.142772
0.0350157
0.0137852
0.00931672
0.00932011
0.00415189
0.0959264
0.00438959
0.0319262
0.00632585
0.118891
0.122179
0.0352082
0.127623
0.012009
0.0138137
0.120693
0.0353544
0.152173
0.163981
0.140593
0.0745889
0.104445
0.0789422
0.137048
0.0168776
0.0696527
0.108157
0.14329
0.151577
0.113924
0.0156346
0.0754398
0.0354508
0.020812
0.0673721
0.00660337
0.00604765
0.0233058
0.142592
0.026573
0.052948
0.140617
0.0113261
0.0195314
0.135757
0.118617
0.0155411
0.175866
0.141064
0.0185077
0.0434466
0.12113
0.0529894
0.0493031
0.0663783
0.0144649
0.140566
0.140951
0.136749
0.140532
0.0377409
0.0497926
0.126037
0.140943
0.128514
0.0802485
0.139256
0.145537
0.148147
0.113604
0.0615531
0.0172016
0.140437
0.00609724
0.01548
0.0507405
0.00995039
0.0390214
0.0625885
0.0934524
0.103358
0.0078105
0.112878
0.0129789
0.0349981
0.141416
0.129797
0.0663721
0.0759656
0.133335
0.131211
0.0744639
0.141226
0.0470971
0.148347
0.0707614
0.0585951
0.0693161
0.0197523
0.00891001
0.120166
0.0765421
0.00842022
0.113743
0.0530561
0.120679
0.0787795
0.149898
0.00999559
0.0874933
0.111848
0.127224
0.00750418
0.0543452
0.13793
0.118538
0.0130344
0.0988287
0.060896
0.0994852
0.0072334
0.130896
0.135345
0.123027
0.024104
0.137065
0.139525
0.055438
0.145611
0.0553277
0.0956424
0.148017
0.126163
0.142134
0.128344
0.0213147
0.0143313
0.0748402
0.132669
0.00491224
0.151645
0.022912
0.020793
0.00852848
0.0645095
0.144357
0.0954924
0.0411924
0.00774377
0.0150856
0.00683789
0.060247
0.0687946
0.059843
0.00822727
0.144035
0.00944955
0.124937
0.0571754
0.00587548
0.00791258
0.035853
0.143507
0.0869311
0.154782
0.00784243
0.010902
0.141806
0.140306
0.00643785
0.0109941
0.0193362
0.0107063
0.0984076
0.158917
0.0726661
0.13126
0.0490621
0.129109
0.138455
0.0467823
0.0137332
0.00938429
0.146785
0.0279805
0.116583
0.0932336
0.0190071
0.137355
0.0575048
0.0211626
0.0105686
0.0651066
0.169649
0.119065
0.115237
0.0868957
0.144171
0.0265842
0.0216007
0.0168381
0.0211372
0.0174167
0.113259
0.0383481
0.117261
0.128568
0.0507103
0.106803
0.0137174
0.125572
0.00965944
0.161675
0.112343
0.131997
0.142677
0.00579414
0.0078333
0.10202
0.0161763
0.00627839
0.109678
0.128436
0.0130076
0.0660806
0.154887
0.140876
0.0121536
0.0200653
0.00635834
0.00911387
0.0128211
0.0521785
0.0255596
0.0100464
0.0317175
0.109933
0.00592536
0.00978493
0.0137893
0.139818
0.142028
0.0995387
0.102238
0.00629657
0.141787
0.0722384
0.13775
0.118649
0.162244
0.102983
0.0413315
0.140916
0.130165
0.00796236
0.134839
0.00619399
0.00945334
0.0131674
0.155945
0.00710114
0.0165394
0.061209
0.149978
0.145784
0.134877
0.0790037
0.0178666
0.0626873
0.136281
0.0108847
0.124779
0.151501
0.0930923
0.0164677
0.046048
0.00415822
0.144689
0.0061504
0.0167677
0.0464915
0.0258724
0.129412
0.142604
0.0181511
0.00684506
0.0461132
0.00478402
0.120881
0.01257
0.1411
0.00732041
0.015862
0.14403
0.100061
0.00881729
0.143569
0.0192477
0.0119773
0.1415
0.138468
0.117381
0.0188318
0.154329
0.0991962
0.143096
0.13615
0.0160937
0.0166504
0.141085
0.16216
0.0968224
0.00793317
0.00712009
0.138337
0.00935142
0.0309738
0.0514428
0.147804
0.0344264
0.0397251
0.12928
0.0206266
0.0162718
0.121711
0.0185557
0.0740606
0.0818924
0.119279
0.0825131
0.0128055
0.0579395
0.0319377
0.0228137
0.015917
0.0158793
0.0344387
0.125663
0.0442584
0.0149214
0.133347
0.145033
0.126106
0.108713
0.0645045
0.0264033
0.0326226
0.00708388
0.00498396
0.0312456
0.0602961
0.102174
0.0238586
0.0917087
0.100289
0.0496531
0.00769466
0.00788436
0.0078377
0.145418
0.0197665
0.0464103
0.1488
0.0252452
0.111858
0.0576318
0.149647
0.146586
0.0218317
0.00667194
0.0276543
0.0795748
0.140158
0.144652
0.14661
0.140185
0.148252
0.153195
0.0110786
0.141682
0.14522
0.139942
0.146277
0.0119473
0.0455909
0.148388
0.0541495
0.102858
0.019412
0.14337
0.0241994
0.110306
0.0124504
0.0114915
0.135238
0.150258
0.117119
0.163726
0.124297
0.0670182
0.157136
0.161976
0.13808
0.0223386
0.13156
0.0882228
0.0137576
0.121094
0.00622331
0.163338
0.0571749
0.15901
0.134861
0.173614
0.0206513
0.0422369
0.0273373
0.135048
0.146828
0.111773
0.0303601
0.135808
0.147461
0.0170268
0.0627445
0.0182217
0.0497956
0.00656603
0.150364
0.142391
0.0600191
0.0117622
0.144788
0.00834938
0.122617
0.142523
0.0448948
0.155118
0.148245
0.130514
0.088128
0.0258583
0.166686
0.054034
0.0102265
0.0842929
0.140956
0.112791
0.0155579
0.0957173
0.0547593
0.0468785
0.155172
0.0536537
0.0232799
0.107442
0.0293463
0.129263
0.0539689
0.141926
0.139467
0.142403
0.142848
0.0114689
0.140901
0.00834887
0.00445812
0.141722
0.0711711
0.0848564
0.00641442
0.139119
0.153818
0.140999
0.114114
0.0797534
0.131796
0.0106197
0.011732
0.0597983
0.0280912
0.155319
0.0443318
0.0306944
0.0116397
0.0154532
0.0452759
0.0679085
0.00772902
0.158639
0.152744
0.164533
0.0760267
0.146831
0.00904514
0.131354
0.00918742
0.151844
0.0491282
0.027731
0.0161792
0.0091545
0.142558
0.134197
0.0065684
0.0738825
0.00834007
0.0451166
0.142857
0.113593
0.00837875
0.0430342
0.159191
0.141637
0.145533
0.0225817
0.142225
0.148376
0.14383
0.039826
0.153849
0.00961491
0.120141
0.0887308
0.0589591
0.148926
0.0441332
0.0711622
0.133962
0.144211
0.140587
0.141689
0.0150726
0.142682
0.00980667
0.131774
0.138809
0.0941887
0.160301
0.148796
0.00903693
0.142072
0.147619
0.00918793
0.00575064
0.141912
0.132597
0.143816
0.0692199
0.133413
0.157779
0.151265
0.0458056
0.137719
0.175203
0.148686
0.00637323
0.00922278
0.133831
0.0866405
0.0110148
0.00876002
0.0823807
0.0725953
0.0361408
0.0247614
0.00885928
0.0142166
0.169087
0.0083667
0.0678463
0.14225
0.0216822
0.108291
0.00929379
0.00713009
0.151119
0.0411796
0.0326952
0.153692
0.140211
0.110389
0.140281
0.033958
0.0439249
0.0106188
0.115128
0.142293
0.0623781
0.00889488
0.072449
0.011047
0.114982
0.0298381
0.0656338
0.138887
0.0239322
0.0457745
0.142968
0.149733
0.00967098
0.140301
0.132709
0.141734
0.0493555
0.144693
0.00609415
0.0223042
0.173348
0.138361
0.142296
0.0832701
0.00925719
0.0096615
0.143409
0.14304
0.0102413
0.0155275
0.103506
0.141933
0.00876801
0.0179358
0.147563
0.134952
0.00669877
0.0499034
0.078478
0.0127545
0.00961057
0.142162
0.0065482
0.113817
0.0727867
0.00760342
0.0201696
0.00634838
0.00810053
0.0367225
0.1419
0.058408
0.0103322
0.0632461
0.141236
0.0838295
0.0998168
0.0120765
0.141122
0.14491
0.156329
0.121852
0.144829
0.0618453
0.139512
0.0529511
0.0623629
0.0536155
0.141211
0.0219886
0.150664
0.113924
0.131069
0.0187543
0.0501975
0.00602689
0.141628
0.16082
0.00784417
0.00639278
0.017685
0.162921
0.106575
0.00907862
0.00613299
0.00635629
0.0513
0.149303
0.00918497
0.0171307
0.0621775
0.156726
0.165387
0.0210391
0.128417
0.0454638
0.0179772
0.0967928
0.0574201
0.156327
0.0453978
0.0344561
0.156134
0.0109923
0.159258
0.163645
0.0436108
0.0298291
0.143026
0.0468831
0.0507364
0.0116975
0.129983
0.141122
0.0678386
0.152524
0.121594
0.0299104
0.0202885
0.00884736
0.0522618
0.11177
0.070476
0.00867616
0.0937407
0.00969709
0.0226413
0.0176262
0.134805
0.0965855
0.117865
0.140454
0.140479
0.106862
0.0287699
0.00720935
0.165222
0.0196899
0.0598356
0.140825
0.1384
0.00647588
0.132843
0.0101264
0.141734
0.00857438
0.00737983
0.00829219
0.0232631
0.0339296
0.0984114
0.103754
0.0130584
0.150306
0.0238084
0.0579142
0.121123
0.0179879
0.00578976
0.00676631
0.132298
0.141386
0.153144
0.141462
0.149889
0.144153
0.141542
0.114316
0.0244178
0.146329
0.108582
0.0273465
0.152784
0.0146255
0.0477719
0.00645487
0.142364
0.01057
0.148593
0.145162
0.0055372
0.00674231
0.134244
0.104977
0.0351904
0.00702523
0.125812
0.162307
0.0141568
0.130428
0.140262
0.176723
0.0913927
0.012191
0.123009
0.098277
0.00703845
0.012828
0.0140034
0.0415411
0.0370188
0.0078408
0.14127
0.0199044
0.141452
0.154726
0.170465
0.168974
0.106987
0.167604
0.163994
0.160816
0.15641
0.158225
0.157291
0.158208
0.158925
0.182364
0.164848
0.144606
0.173147
0.155138
0.00872947
0.0368949
0.0599226
0.181491
0.117313
0.153252
0.0269703
0.14013
0.123655
0.152515
0.141878
0.0583882
0.142048
0.143964
0.132187
0.0120997
0.0330262
0.141051
0.142125
0.11523
0.0226646
0.0340051
0.00414686
0.125292
0.160486
0.162261
0.157761
0.0301115
0.0173632
0.143209
0.154715
0.0942864
0.140126
0.136296
0.126805
0.133134
0.139966
0.133723
0.17671
0.00764654
0.13621
0.00388332
0.145139
0.00901823
0.140861
0.121416
0.0268589
0.151532
0.0298997
0.125586
0.089674
0.146463
0.154852
0.144897
0.161816
0.13312
0.125776
0.144923
0.141879
0.152608
0.148674
0.15255
0.00952188
0.0132427
0.138742
0.137485
0.157026
0.0268035
0.038024
0.141388
0.109398
0.145751
0.131872
0.136275
0.13842
0.124111
0.150752
0.0200724
0.0852827
0.0240806
0.117687
0.00785185
0.122483
0.00661392
0.095345
0.131372
0.0138366
0.141837
0.0271822
0.0853811
0.11406
0.140515
0.100886
0.0779516
0.141465
0.114394
0.158114
0.150693
0.097222
0.139519
0.0134777
0.106063
0.0904797
0.155698
0.143661
0.00703381
0.15453
0.0953698
0.155616
0.109128
0.152486
0.06645
0.1191
0.00754344
0.0921491
0.156972
0.0046394
0.0909432
0.00661317
0.00845265
0.119504
0.0180094
0.0584092
0.124254
0.00872193
0.149148
0.116545
0.0956319
0.116435
0.0157174
0.103852
0.0217258
0.142449
0.16897
0.167198
0.0114196
0.00589602
0.0754093
0.142141
0.0943754
0.14736
0.140742
0.108683
0.119747
0.13228
0.106002
0.142156
0.113747
0.170162
0.166341
0.145897
0.0180235
0.149765
0.105754
0.0203992
0.00864067
0.154861
0.141552
0.0263382
0.138236
0.0975103
0.125761
0.0403248
0.0866397
0.116024
0.14425
0.101264
0.0297767
0.0384253
0.130189
0.102354
0.00763891
0.131879
0.142979
0.0101924
0.140011
0.114596
0.115064
0.150229
0.096372
0.0244199
0.0266943
0.0121659
0.136247
0.155362
0.140513
0.0970318
0.143603
0.14095
0.151155
0.0824718
0.104038
0.12285
0.129361
0.151854
0.0213512
0.114043
0.0825873
0.0130624
0.0792115
0.0568129
0.141875
0.0505379
0.104049
0.00856542
0.136689
0.146258
0.116505
0.152115
0.077354
0.00873652
0.133582
0.105774
0.123663
0.0118202
0.109238
0.00807767
0.0785234
0.0322208
0.00938959
0.15144
0.111663
0.152932
0.0742344
0.116359
0.0987646
0.150576
0.00812392
0.152065
0.134711
0.019246
0.020371
0.156103
0.139768
0.155049
0.0164616
0.00897716
0.147072
0.083479
0.108914
0.0174627
0.0074911
0.146361
0.0614096
0.101722
0.07285
0.0194059
0.0348542
0.0897179
0.140758
0.00766504
0.15187
0.14029
0.155274
0.146663
0.147681
0.0899521
0.141501
0.102979
0.140584
0.026166
0.146747
0.148593
0.0713585
0.00937954
0.132693
0.0103896
0.0073674
0.153287
0.054503
0.143153
0.0523002
0.165812
0.125895
0.0991616
0.0129803
0.0105531
0.096371
0.143884
0.148033
0.0287249
0.0680485
0.165803
0.111797
0.147588
0.144805
0.145687
0.0629438
0.172045
0.164259
0.147312
0.143341
0.00828175
0.113125
0.146102
0.15305
0.105005
0.036837
0.0628705
0.0834413
0.0454679
0.00630782
0.0856458
0.106236
0.00808256
0.160352
0.0117903
0.144763
0.157208
0.0336237
0.139353
0.147982
0.0130499
0.0255693
0.14051
0.079373
0.101824
0.0846274
0.0588873
0.06543
0.140275
0.130393
0.141644
0.141257
0.0771497
0.135497
0.152449
0.0103719
0.149974
0.148412
0.141546
0.145897
0.123359
0.06898
0.00698554
0.142145
0.142272
0.140964
0.106411
0.0125137
0.171877
0.0276637
0.0862301
0.0885174
0.0115226
0.14667
0.124549
0.121244
0.150264
0.148721
0.0743722
0.0153539
0.00692516
0.102929
0.101288
0.0366012
0.1417
0.109042
0.0154005
0.00614376
0.171178
0.160432
0.143158
0.141838
0.152573
0.0260428
0.104581
0.00881353
0.11854
0.00693283
0.143442
0.00843866
0.127898
0.0655856
0.066203
0.0670175
0.105768
0.130055
0.0242948
0.135108
0.144459
0.00810169
0.149353
0.00931234
0.119039
0.0895737
0.0790184
0.081904
0.145161
0.141377
0.141897
0.142862
0.13073
0.0526241
0.137644
0.140782
0.141884
0.140779
0.141807
0.0119428
0.0452699
0.128285
0.00903335
0.0157111
0.0284006
0.0924186
0.0942968
0.00824408
0.142497
0.146048
0.00684026
0.141022
0.142329
0.142776
0.0754566
0.145283
0.0822032
0.175967
0.160388
0.158488
0.17132
0.134804
0.142195
0.178938
0.155099
0.0119953
0.145761
0.0188109
0.0235503
0.00797655
0.141592
0.10596
0.143748
0.13928
0.149098
0.133308
0.149144
0.141616
0.126856
0.0295877
0.143788
0.141175
0.155605
0.142216
0.156259
0.14116
0.144877
0.0562537
0.0101485
0.14129
0.14116
0.0818098
0.0590409
0.077761
0.0833163
0.144276
0.0243121
0.150393
0.146221
0.0544161
0.13055
0.0570383
0.00645021
0.145931
0.14393
0.145626
0.0148517
0.0273535
0.0776587
0.140706
0.10053
0.00394051
0.12461
0.141587
0.0282658
0.00425074
0.0108883
0.0873595
0.109087
0.152588
0.00391088
0.00375662
0.14227
0.00993975
0.0219628
0.144598
0.0126702
0.00418589
0.00438385
0.0427085
0.00369834
0.125543
0.0077829
0.00480324
0.0046919
0.0172777
0.00408055
0.00710467
0.0546383
0.0211468
0.130307
0.00406988
0.00431009
0.149472
0.00354748
0.14439
0.00444744
0.145085
0.0356359
0.00403959
0.00423077
0.0773324
0.00352626
0.00597738
0.116308
0.0242521
0.105735
0.00424725
0.00440044
0.121632
0.00443721
0.0103305
0.00421986
0.107935
0.0973448
0.136576
0.0305985
0.032665
0.00408069
0.141734
0.070872
0.0044175
0.00471533
0.00451051
0.00422134
0.00398432
0.00425173
0.00423744
0.00408169
0.00456392
0.00470957
0.117702
0.00418958
0.00398856
0.00419328
0.00428226
0.00380033
0.00442704
0.140293
0.00451611
0.00728187
0.00443493
0.102912
0.129868
0.00413082
0.00468756
0.00413931
0.0042085
0.142697
0.00449354
0.0040567
0.0437117
0.0463148
0.00395418
0.0046752
0.00446988
0.00445129
0.107167
0.00994575
0.142494
0.00465959
0.0230212
0.0641254
0.0318154
0.0943269
0.144073
0.00447117
0.0223198
0.152876
0.034369
0.00414457
0.00431674
0.00374806
0.0794565
0.0322053
0.00391453
0.0341601
0.154961
0.00463616
0.0774439
0.0597264
0.0311799
0.0585073
0.143356
0.127911
0.14562
0.0866907
0.00378394
0.146351
0.0923037
0.141301
0.00709544
0.00469396
0.00382302
0.14293
0.0532489
0.00454519
0.142369
0.142407
0.00625099
0.00333616
0.0129807
0.131682
0.0330144
0.135592
0.079785
0.0418294
0.0891915
0.00501793
0.0108209
0.0842153
0.00332118
0.141375
0.135869
0.0221217
0.100367
0.0037117
0.148762
0.00449809
0.00360248
0.0460671
0.140776
0.00473651
0.00393344
0.0150898
0.158035
0.142826
0.14161
0.0111937
0.00388372
0.143291
0.167603
0.123884
0.137863
0.0148959
0.0195298
0.00865859
0.12725
0.151308
0.100474
0.00455699
0.0035396
0.00452788
0.00805663
0.0338786
0.0353945
0.0327784
0.141648
0.00391372
0.143674
0.0042958
0.141442
0.00405401
0.00467978
0.00373923
0.00455274
0.141589
0.00448072
0.00776495
0.127993
0.0723693
0.00450954
0.0114515
0.0097272
0.141997
0.00356684
0.140933
0.00433234
0.00440792
0.00360236
0.0336201
0.00339126
0.14271
0.00390277
0.0157152
0.140566
0.034081
0.00410326
0.0102591
0.073454
0.158459
0.00340637
0.00598568
0.00696072
0.0344826
0.00448599
0.102405
0.0515077
0.015192
0.13917
0.0915236
0.126095
0.160047
0.0124494
0.00931067
0.00837669
0.0222548
0.0971382
0.00882276
0.00386
0.0120269
0.00312131
0.101654
0.146533
0.13947
0.125671
0.108755
0.0224662
0.139514
0.114731
0.0758195
0.0641784
0.144924
0.0252522
0.141692
0.143006
0.141679
0.14357
0.142817
0.0479661
0.00368269
0.141391
0.00684031
0.0374658
0.151623
0.0115749
0.137139
0.00418878
0.136533
0.141629
0.0126626
0.144156
0.063912
0.00610915
0.141515
0.00699673
0.0525081
0.121399
0.0550406
0.0233141
0.142221
0.142581
0.141467
0.00763828
0.143481
0.142715
0.125207
0.124191
0.0643076
0.143827
0.129447
0.141773
0.0100462
0.154383
0.144499
0.141783
0.131651
0.13755
0.00378137
0.141615
0.0190636
0.140611
0.00474556
0.0106031
0.14544
0.14858
0.00424914
0.0437093
0.143947
0.0817958
0.142264
0.0153368
0.0225055
0.143296
0.152428
0.14197
0.00346781
0.142232
0.0164743
0.0297464
0.141582
0.00420394
0.141728
0.03179
0.0172845
0.129015
0.114852
0.142761
0.011195
0.171686
0.155458
0.105602
0.0205542
0.0229564
0.0309772
0.139099
0.137529
0.0228707
0.0043225
0.00583059
0.00673707
0.0100255
0.055009
0.0582463
0.147517
0.0120421
0.0452102
0.131935
0.00424793
0.0382766
0.14498
0.141796
0.0233313
0.142643
0.133478
0.109612
0.142032
0.0865159
0.0299463
0.0667163
0.146027
0.0170174
0.144654
0.00558917
0.150372
0.0909684
0.00365817
0.142046
0.01496
0.00614243
0.151782
0.0170395
0.00998005
0.124252
0.0461017
0.145274
0.00456813
0.120093
0.144492
0.110734
0.0292604
0.145824
0.00893865
0.1063
0.0376588
0.14195
0.158588
0.141926
0.141466
0.14322
0.102042
0.0108231
0.136022
0.0339542
0.0459138
0.118554
0.0300688
0.14321
0.00451475
0.136977
0.015829
0.0566378
0.00396393
0.154595
0.14315
0.15606
0.142943
0.126834
0.0468067
0.090826
0.0342181
0.154636
0.0520057
0.142631
0.141698
0.0381036
0.0830726
0.111382
0.0920122
0.011215
0.144311
0.0311169
0.033942
0.00407736
0.030298
0.00663656
0.00725341
0.0826759
0.109849
0.141863
0.0344666
0.141497
0.141884
0.142489
0.00781605
0.0851454
0.0927297
0.140508
0.0640477
0.100348
0.142843
0.136374
0.103236
0.0902826
0.00655627
0.116652
0.00795481
0.0375511
0.00896172
0.0162086
0.033781
0.00612535
0.00733865
0.0759578
0.142812
0.030982
0.00429843
0.0160837
0.00370993
0.146382
0.140024
0.0150818
0.0324106
0.0221578
0.0105605
0.11484
0.00344636
0.00394794
0.00466873
0.079497
0.122457
0.0134464
0.139041
0.0358501
0.0187413
0.07273
0.00890987
0.14298
0.00545274
0.14016
0.148425
0.13741
0.00399868
0.00484534
0.161414
0.00433776
0.00534448
0.160603
0.141771
0.0594568
0.00425769
0.00397287
0.137742
0.00426279
0.0125517
0.00401987
0.00461448
0.0421349
0.00955699
0.126495
0.00477805
0.0487681
0.0308275
0.040408
0.144461
0.00640269
0.00776075
0.00489832
0.143733
0.00525966
0.00404776
0.00466685
0.00555808
0.100823
0.0155239
0.00397226
0.142538
0.151833
0.0101655
0.0141809
0.00496561
0.0597637
0.0268898
0.0154374
0.0358513
0.141407
0.00506716
0.10403
0.140831
0.00679882
0.154338
0.00481801
0.150872
0.00577901
0.00595868
0.00603312
0.0817982
0.00635418
0.111875
0.00541476
0.0111868
0.00577782
0.00429785
0.0918893
0.0188645
0.0236173
0.137143
0.116356
0.13799
0.0117374
0.00486491
0.00573181
0.159907
0.159588
0.145223
0.00738238
0.0184812
0.142937
0.0055418
0.00594865
0.00608419
0.115529
0.00548859
0.00556416
0.141674
0.00593665
0.0058823
0.0406643
0.00579269
0.00574965
0.00560543
0.00395395
0.00574343
0.00594043
0.00577613
0.00604242
0.00638901
0.00556833
0.142136
0.00599231
0.00560369
0.152085
0.00549628
0.00612986
0.00572045
0.00601324
0.143504
0.0061221
0.110628
0.00620352
0.0055011
0.00645761
0.00561538
0.054344
0.00585373
0.127283
0.00613325
0.00598613
0.00922595
0.00617033
0.0040156
0.00621654
0.00577854
0.0510318
0.00522742
0.00605649
0.0065069
0.00554526
0.0326539
0.141604
0.141681
0.00617866
0.0110716
0.00588372
0.00395625
0.00584573
0.0296542
0.00527594
0.0641263
0.0510294
0.122129
0.0179357
0.00565866
0.0110619
0.14093
0.140944
0.0474495
0.00610236
0.00546851
0.0137764
0.00938643
0.00637486
0.141276
0.0139026
0.0220449
0.0355291
0.0051603
0.00550875
0.173404
0.164299
0.00516229
0.00326283
0.00635486
0.136257
0.00641003
0.0030038
0.144573
0.0106522
0.0577974
0.0645493
0.0842393
0.0165093
0.0945073
0.0940378
0.00534236
0.143277
0.0159748
0.00886217
0.0115344
0.140273
0.0152228
0.0372311
0.00503075
0.16471
0.153593
0.0115427
0.112712
0.12807
0.159885
0.135026
0.120811
0.140573
0.00516143
0.141931
0.0048176
0.00803679
0.10116
0.0128985
0.138662
0.11011
0.00502605
0.0292116
0.0660524
0.0691997
0.126124
0.00495863
0.0566047
0.00909735
0.00626256
0.0911406
0.00622356
0.00369902
0.0311387
0.0261967
0.00641123
0.00637081
0.151972
0.0396225
0.00422795
0.0127428
0.00793738
0.141733
0.139253
0.0709041
0.158183
0.106091
0.134267
0.00608313
0.00489764
0.00353659
0.00548556
0.00588622
0.00630639
0.00525146
0.00576967
0.00527986
0.072693
0.0285969
0.00503909
0.0206015
0.0070026
0.00632552
0.00629325
0.00631935
0.145475
0.00593011
0.146899
0.0429632
0.00631489
0.159485
0.18396
0.0106422
0.0251624
0.00456032
0.00622814
0.142292
0.00997919
0.00624157
0.141617
0.0062739
0.122724
0.14333
0.0121077
0.00559902
0.108348
0.00665859
0.00517426
0.157573
0.0061534
0.0331949
0.00609571
0.123656
0.00573038
0.0249248
0.00552465
0.00512407
0.00588947
0.00501109
0.0985177
0.015804
0.144211
0.00539488
0.0060337
0.159921
0.0057908
0.117948
0.019016
0.128776
0.00587321
0.00648581
0.136245
0.0147959
0.0510884
0.152524
0.14152
0.00387606
0.135377
0.0246649
0.07755
0.0384346
0.119182
0.0146474
0.0430543
0.00541688
0.143403
0.141936
0.114658
0.00332216
0.141482
0.118042
0.13697
0.00803105
0.00607808
0.00348496
0.0963878
0.140485
0.00725351
0.00585126
0.00511438
0.0852538
0.00753009
0.00412808
0.136741
0.00528302
0.0319516
0.140526
0.0112919
0.0407805
0.0327883
0.0313992
0.0965709
0.00739122
0.00691358
0.0804816
0.00445465
0.143134
0.148435
0.17169
0.104534
0.00524981
0.0065829
0.0053143
0.00532174
0.157677
0.105686
0.00897912
0.0493643
0.136669
0.0040294
0.00324775
0.11927
0.115967
0.00571221
0.132864
0.00642511
0.00602264
0.0339208
0.0811675
0.00405085
0.14669
0.00648805
0.00403021
0.00519103
0.00432398
0.0502649
0.0411445
0.141606
0.00836634
0.00623264
0.008911
0.032004
0.0499056
0.00763999
0.162063
0.141962
0.00633834
0.00495234
0.00966455
0.00843514
0.146844
0.0319616
0.030273
0.0105551
0.00365003
0.00541117
0.00406845
0.011164
0.139743
0.00557892
0.138942
0.00345128
0.00717339
0.141354
0.14186
0.00766918
0.158372
0.019155
0.00458644
0.00808841
0.0382215
0.181104
0.163308
0.0329763
0.0768819
0.0422516
0.14275
0.1291
0.0273131
0.00836447
0.0648754
0.139819
0.0276909
0.00956685
0.0034646
0.132409
0.0090271
0.141612
0.0473829
0.153979
0.141575
0.136448
0.141805
0.0110788
0.148507
0.00914159
0.0053415
0.0198438
0.0871146
0.149017
0.00769635
0.018802
0.00976592
0.125506
0.00524481
0.00844534
0.00394731
0.141259
0.00651049
0.142314
0.103097
0.0115578
0.133342
0.00465787
0.0102335
0.00815136
0.150134
0.00941544
0.00518212
0.00763852
0.0975282
0.0750587
0.00484138
0.00668627
0.0189619
0.0264403
0.141536
0.0107419
0.10979
0.00685954
0.0344539
0.00384969
0.122102
0.0715415
0.141502
0.0084793
0.027971
0.00583791
0.00949728
0.0335995
0.00990916
0.0627912
0.118479
0.143288
0.0500316
0.0381475
0.142519
0.00654454
0.0119006
0.0213936
0.00763742
0.145901
0.14194
0.00543687
0.179476
0.123634
0.142798
0.0048545
0.00413765
0.00781233
0.107454
0.120729
0.0043506
0.10661
0.0175112
0.0717113
0.0260898
0.142166
0.142266
0.12404
0.139236
0.00938102
0.0559985
0.090999
0.15683
0.00815891
0.00812896
0.141595
0.0132444
0.00383248
0.136225
0.0141544
0.0571592
0.0214946
0.00637117
0.0473881
0.13806
0.00643841
0.112121
0.142069
0.0646168
0.143702
0.141835
0.0390681
0.0881269
0.119884
0.0738755
0.00733117
0.0344228
0.114449
0.0853502
0.0562019
0.00351359
0.00618005
0.152552
0.0249184
0.106462
0.037437
0.00775537
0.142926
0.00599531
0.0924077
0.13812
0.00889758
0.143606
0.0119328
0.054262
0.14493
0.0391701
0.00622873
0.102359
0.13766
0.00367052
0.0362866
0.00524642
0.0932456
0.00788156
0.0431048
0.0528113
0.157708
0.0295204
0.0836783
0.00820483
0.0107975
0.0177587
0.14153
0.00430077
0.142654
0.0805143
0.141591
0.0259088
0.0976837
0.0504603
0.141465
0.161823
0.044519
0.0171286
0.0097375
0.081773
0.0329845
0.0311035
0.142935
0.0571911
0.095769
0.00814602
0.0483508
0.0797927
0.0278561
0.0969965
0.0136548
0.0111708
0.0146028
0.0952357
0.128501
0.0265037
0.0063162
0.00420327
0.142632
0.0307664
0.0195925
0.0225749
0.0205126
0.00752822
0.0038674
0.140101
0.0154648
0.00479148
0.128028
0.0135041
0.112051
0.00566577
0.0438335
0.0150016
0.0426537
0.0242736
0.00842879
0.0201383
0.00643432
0.122794
0.0108352
0.116099
0.0174518
0.0138933
0.142193
0.00924816
0.0104745
0.141577
0.0960369
0.127803
0.0792553
0.139156
0.147667
0.0366632
0.00628332
0.00695538
0.00760576
0.0159525
0.141631
0.00603733
0.00827756
0.0772095
0.0147207
0.142934
0.0362739
0.0899017
0.0111707
0.00522793
0.0130759
0.0930021
0.0180478
0.0450605
0.00293362
0.00629162
0.00607508
0.0769897
0.0153798
0.0348635
0.00780617
0.146686
0.144103
0.00575067
0.128156
0.00629158
0.0316398
0.00660187
0.00634701
0.00570787
0.0073498
0.041263
0.00579684
0.105678
0.042329
0.126155
0.00657613
0.00614646
0.00590917
0.00570042
0.13737
0.0944391
0.0150337
0.138402
0.0846018
0.00706728
0.0810211
0.123275
0.0218028
0.00846734
0.107883
0.0296663
0.0109362
0.0274586
0.133776
0.0452349
0.0161063
0.00592461
0.0613278
0.0349227
0.00574664
0.0069968
0.00639466
0.144447
0.0092766
0.0734838
0.00672699
0.0593152
0.0104229
0.0835968
0.00413095
0.00820876
0.00769206
0.138903
0.00618741
0.0102549
0.00861328
0.141413
0.108881
0.143965
0.00807576
0.115793
0.0856808
0.054388
0.00602338
0.00742088
0.120609
0.0175222
0.00510053
0.133449
0.00599578
0.0640036
0.0106892
0.00501544
0.0105215
0.00538349
0.00558704
0.144452
0.0413318
0.144064
0.0115332
0.0073041
0.00821717
0.00796112
0.00712151
0.142462
0.00575128
0.0387062
0.058767
0.127529
0.108293
0.0994709
0.143604
0.142191
0.140252
0.00680024
0.00642341
0.00582717
0.0307013
0.143577
0.012931
0.0891626
0.00690007
0.123105
0.141241
0.00605121
0.00698845
0.00680159
0.105291
0.0219444
0.00764025
0.0408148
0.00711879
0.0787475
0.040073
0.00787233
0.0578148
0.0653964
0.0162046
0.090644
0.0064517
0.0223385
0.14322
0.0106154
0.00680127
0.0430302
0.0135524
0.00707234
0.00822744
0.00739179
0.00537513
0.0153094
0.145517
0.00777916
0.0063657
0.0414066
0.0677937
0.00872349
0.0078451
0.0075953
0.00631666
0.139495
0.128767
0.0284081
0.0268669
0.00825185
0.00831958
0.00755744
0.00781357
0.00594187
0.022032
0.00711031
0.00814307
0.00549595
0.142991
0.00920421
0.00599184
0.124693
0.096356
0.0146285
0.027247
0.00781669
0.143037
0.0457323
0.00977
0.00798375
0.00724179
0.0053819
0.00848605
0.161463
0.0257058
0.100755
0.00642538
0.10069
0.0111654
0.126561
0.00671249
0.0974678
0.00778664
0.0295423
0.00974974
0.00658706
0.00963585
0.13398
0.00960179
0.0218126
0.0109526
0.00713489
0.0071002
0.00750586
0.00492891
0.115585
0.00690585
0.0086187
0.0115158
0.0101051
0.00637189
0.101737
0.0066432
0.00786346
0.0205007
0.00417005
0.00485281
0.010217
0.0118306
0.00801465
0.0181002
0.00728262
0.017216
0.0124475
0.00819319
0.0114265
0.0453755
0.00849108
0.0872225
0.00705526
0.0114983
0.00773247
0.00854183
0.00729642
0.0178379
0.00714685
0.00614102
0.015611
0.103414
0.00951591
0.00743312
0.00721861
0.00965682
0.113904
0.00664761
0.0154844
0.0097581
0.00791491
0.055253
0.00612772
0.0473202
0.0400621
0.17111
0.0060735
0.0056163
0.00632713
0.00821633
0.105312
0.0178134
0.00749626
0.141757
0.047131
0.00711296
0.116871
0.0051164
0.0594616
0.00719301
0.0494998
0.00499132
0.026654
0.125752
0.124059
0.0074443
0.0149622
0.0194171
0.12587
0.00804758
0.0786463
0.0471959
0.12204
0.114676
0.00916921
0.0664
0.0056498
0.14466
0.0521207
0.134202
0.006944
0.00851672
0.0243614
0.0236087
0.0707742
0.148434
0.028397
0.00928496
0.00529769
0.0172939
0.00718785
0.0495578
0.0072789
0.12322
0.00735805
0.011934
0.00724656
0.00665735
0.00755772
0.0670977
0.0479479
0.0151952
0.0173583
0.0316667
0.143314
0.00768718
0.0590688
0.0877974
0.0322711
0.0114523
0.0140047
0.0087916
0.00572902
0.0071125
0.00642592
0.121853
0.00548549
0.0286039
0.0291838
0.153832
0.00613101
0.00571717
0.118636
0.00778281
0.0168012
0.0182794
0.112481
0.0619901
0.00756879
0.0871783
0.00671231
0.0180185
0.0695742
0.0146901
0.0175861
0.164244
0.108956
0.005033
0.0329689
0.0120554
0.007028
0.164306
0.0906176
0.0164485
0.0612408
0.00869028
0.00788609
0.0226202
0.0451595
0.00766675
0.119398
0.00672198
0.123231
0.110214
0.0818955
0.00763685
0.103045
0.0968504
0.0522851
0.00873833
0.00643727
0.0650441
0.00680788
0.00826813
0.00826246
0.00973113
0.131812
0.0087985
0.0101167
0.119526
0.00745084
0.0141265
0.00745045
0.00947579
0.00512467
0.00381037
0.0329817
0.0136461
0.0133377
)
;

boundaryField
{
    frontAndBack
    {
        type            empty;
    }
    upperAndLower
    {
        type            symmetry;
    }
    outlet
    {
        type            freestream;
        freestreamValue uniform 0.14;
        value           nonuniform List<scalar> 10(0.106987 0.160816 0.182364 0.164848 0.144606 0.166341 0.175967 0.160388 0.133308 0.116356);
    }
    inlet
    {
        type            freestream;
        freestreamValue uniform 0.14;
        value           uniform 0.14;
    }
    airfoil
    {
        type            fixedValue;
        value           uniform 0;
    }
}


// ************************************************************************* //
