/*--------------------------------*- C++ -*----------------------------------*\
  =========                 |
  \\      /  F ield         | OpenFOAM: The Open Source CFD Toolbox
   \\    /   O peration     | Website:  https://openfoam.org
    \\  /    A nd           | Version:  10
     \\/     M anipulation  |
\*---------------------------------------------------------------------------*/
FoamFile
{
    format      ascii;
    class       volScalarField;
    location    "100";
    object      p;
}
// * * * * * * * * * * * * * * * * * * * * * * * * * * * * * * * * * * * * * //

dimensions      [0 2 -2 0 0 0 0];

internalField   nonuniform List<scalar> 
3042
(
-121.683
-4.60062
25.6139
-56.1658
20.8086
-13.3054
4.36562
-109.763
-2.82318
-150.566
100.61
8.19957
-20.5466
13.6353
17.3412
29.0481
-4.19631
-128.519
-25.9537
13.5951
-112.232
-7.74371
16.8143
21.9557
-56.8751
-16.4995
34.7716
-23.9389
-28.0421
40.85
-93.8551
72.0061
-29.7368
-35.4466
-49.0234
2.93093
-48.0268
-85.9353
-47.5269
-77.7078
-76.3063
-118.901
60.4524
11.5021
-77.2115
-18.0966
-71.8547
-31.1837
26.8412
-25.892
-55.751
24.0956
-1.25446
51.3028
41.7637
2.62821
3.9877
-0.569954
-24.9966
-3.09816
23.9264
5.71146
-84.3265
5.74008
19.6207
-84.1411
-33.7221
16.9567
-41.943
5.45887
8.04229
-64.9104
-43.1814
41.4358
-9.47122
0.683354
-48.7715
3.00003
40.0055
-92.3709
-17.672
8.52098
-46.3584
-0.560341
-21.1056
-79.5941
2.66574
0.381419
-149.354
47.02
23.7466
42.3751
97.6883
32.4832
6.53221
-21.7165
-109.375
17.2839
-75.1148
34.1523
-11.9169
-77.1709
-11.8477
5.76475
5.24471
1.9037
-57.214
16.7967
21.0758
-78.7619
-27.2954
-77.6643
-63.5467
-69.0241
4.27723
35.7555
78.182
-28.117
-140.025
17.0324
-79.5816
4.04928
37.1971
-11.5126
10.2482
1.10807
0.355316
2.53084
34.0295
-5.51598
43.8669
-70.7073
-50.4672
-3.07172
1.67288
18.6779
21.8647
7.8425
-58.4853
2.37234
0.412367
-3.30598
14.9372
35.7267
-0.290229
-61.7714
-0.118344
-39.1288
-73.4746
-5.02466
-72.2897
6.63601
9.28955
23.9632
-11.2863
-14.1122
30.4187
-2.17489
5.40785
-48.5939
33.0092
-66.0121
-0.792294
3.39716
-45.9111
15.6002
17.2786
23.5461
9.11481
10.9231
-2.67089
17.6479
4.39101
5.96591
-52.6652
-29.3851
-59.7838
79.1877
-22.4809
-15.9139
17.9549
24.7689
24.387
-24.0967
-55.6183
-72.8162
76.8869
-0.953409
9.45584
-41.7144
13.3422
-89.3572
-63.8217
-35.3133
1.99588
-19.853
33.4585
-29.8167
61.8696
-4.31365
-73.2006
-39.3326
7.76999
17.3357
-0.0613433
4.78618
-60.5583
-15.1136
98.9912
16.377
-9.59039
-5.13337
-0.748547
-79.4935
15.033
-9.19157
-80.1293
0.29726
47.4822
-87.1526
-6.72523
24.9529
-10.3204
-4.53979
-7.84384
-7.35873
-10.5725
22.4671
-87.1517
-35.1871
-12.1248
-3.66137
-14.127
-3.45348
-13.2038
-155.678
-10.0538
-127.152
-85.3937
110.504
-0.0763041
49.5381
17.298
-69.9454
-100.512
-5.72387
-16.1259
-52.8953
6.46138
-49.7454
0.523621
28.1843
-83.1677
-3.94241
-52.0074
-53.5145
-104.464
-92.4353
45.7356
5.39906
50.8782
-72.1447
-32.1722
-17.7721
17.3698
-5.59119
31.4122
-58.3349
-31.8673
-19.6786
-7.00995
-0.575346
0.390618
8.67687
6.13378
39.6208
-78.8913
-8.85965
-82.3687
101.787
-6.70841
-6.15822
-18.0434
-10.5231
153.24
-48.9087
-38.8188
-72.1156
-100.021
32.6206
-61.7317
-82.0859
92.8171
12.699
-63.1622
-5.41873
-147.373
-64.4067
-2.09676
37.6148
-24.8605
-0.255747
7.96887
-73.353
94.6646
-0.38424
39.9797
-8.83316
-48.5305
-45.4296
4.98488
-2.79753
-5.51589
5.99762
53.6818
-88.0839
-0.621149
6.22886
27.8751
-38.1749
-3.35961
44.292
0.737176
2.22307
88.728
-64.305
-3.50452
-31.1707
-54.1805
-56.9871
-111.463
-4.60716
-42.8011
2.27073
-29.3559
-80.7758
-18.7158
-65.1483
-75.6151
4.06731
-9.64496
-90.2308
-92.6515
2.40468
-7.20438
47.3657
8.85674
159.41
1.88309
-76.2708
-34.0263
-52.3231
-131.945
-132.561
-13.1726
4.41938
-52.2907
-20.9118
-3.16809
-0.0375776
-45.8657
8.25323
-120.9
28.8753
-14.054
0.928353
-89.1302
-21.8541
-0.558081
8.26169
-50.337
15.9603
-57.2788
75.2337
-17.0789
-5.93056
-4.54548
-14.3504
-122.519
6.75404
-3.96985
-43.6741
-9.04819
-42.6966
-27.7082
-12.1875
-8.75192
-4.09441
-8.73051
155.348
-74.2825
-48.2031
-2.19787
78.3223
-14.8282
36.1084
-107.554
-103.205
-45.287
-6.8391
4.6487
-45.8283
-90.6408
-52.0814
36.6682
-47.5308
109.261
-38.5918
-90.638
-7.81566
22.3635
-12.6631
-29.341
-55.5033
-51.4276
22.5301
-4.82326
-77.7186
-10.4798
-15.3997
-166.774
0.072998
-28.9334
-63.6723
-76.0408
-117.684
-36.7902
6.83403
-5.43947
10.1683
-0.706729
13.7579
-9.47584
-2.55807
-53.1396
-22.523
15.5149
-33.4936
-47.1302
-0.0464206
1.46583
195.259
-7.42599
72.3739
-74.0435
65.6006
-55.1559
-0.939114
-9.14253
-20.0031
-24.0313
2.15366
55.4544
-36.979
-56.5014
-86.1178
-65.9207
1.53671
81.6228
49.8101
4.23581
-63.2288
-13.4045
-88.2992
-30.4897
-109.375
0.594237
-12.2223
0.408769
21.5024
-51.0934
-96.2805
3.47223
-105.866
-42.2669
-25.2134
2.12223
-45.6854
-50.5038
-6.78441
-4.5027
-67.2444
5.91169
-61.8341
-35.9459
12.6235
-28.8707
24.6974
-54.5511
14.2085
-9.14977
-46.4973
-61.619
-51.1161
-4.84864
23.6895
56.2471
-11.1918
-23.4727
-50.5835
11.7783
-8.346
23.0104
-0.631013
0.417423
-61.2679
-43.2139
-6.38293
-108.734
3.68688
-48.0062
-62.0687
-82.7655
-4.65902
-66.7689
118.274
-58.8519
-19.4141
34.7006
13.4427
8.82981
-75.6594
-51.346
0.888106
-54.6213
36.8272
-13.5682
5.63544
-74.4204
-65.0456
-57.5821
-47.7117
-57.805
-48.0047
9.05071
-61.7597
-3.68866
-6.52827
-2.15684
-71.85
19.0112
-81.1935
1.00574
-28.4792
-8.68036
9.06277
-122.972
9.98367
3.19254
-93.609
-7.18623
-50.9696
-156.276
20.8005
-1.01477
-19.7893
-30.9349
-11.8687
-27.7708
8.92558
7.0129
-115.044
-37.304
8.5846
-3.56651
-24.7644
-91.7737
-91.5383
-1.86209
-160.121
28.6801
-30.099
20.7732
120.337
-71.1787
-1.10781
-52.7639
-10.8404
41.7858
-59.9117
-26.2515
-53.2163
4.01465
20.1233
-95.3578
-63.9699
-128.455
-61.5526
-65.798
-131.026
-75.4987
-21.79
18.4457
-52.4
17.5053
-10.2492
18.9997
-25.6205
-98.1161
-118.221
-59.1424
-93.3009
-139.456
-78.2812
-57.3848
-26.1314
180.86
-34.7656
-3.43044
-20.0909
-77.1918
-27.2023
-2.4403
-0.916786
-49.646
-47.9847
11.8578
-69.5608
17.6868
137.321
-17.6842
20.6584
-68.1139
11.1374
-77.9403
-41.5471
-19.8689
47.0086
-33.862
36.1871
10.9299
-7.27664
-70.6952
9.84353
-36.184
9.81059
13.7576
113.924
83.6905
8.4595
-33.7108
3.29516
-42.547
-58.0226
-79.5668
37.6762
-142.063
-56.9946
3.14955
-18.2065
0.46702
1.41497
-5.92297
-65.2011
-5.51686
-2.11495
10.7326
-79.4904
12.7979
-40.8526
-59.3692
-14.0699
-36.9855
-0.848378
-59.6525
1.1008
7.52352
-0.570811
-23.4241
-41.6087
-131.119
17.4765
-19.8678
-23.331
6.83793
-4.11952
-13.59
-44.98
3.80148
-70.0009
99.117
-59.847
0.49408
-11.4022
1.72971
-48.1845
4.11778
-56.9716
10.5215
19.3195
114.33
1.09611
-24.8923
0.0468714
5.02076
-62.4469
-1.80324
-56.5459
-104.872
-43.5538
-0.897402
2.41097
-81.3253
3.17134
-37.6167
-51.1849
-4.07932
-13.1515
-141.185
3.81542
-126.9
-0.141144
-112.021
4.72118
-0.962446
-14.642
-1.21597
-23.311
4.99688
-73.2699
-79.2138
10.4658
10.5791
2.25476
-74.6322
-4.16769
2.43193
-14.0841
11.4532
-44.5727
-7.80311
-98.7392
45.9813
-45.9106
-69.9843
3.53537
-79.7345
-101.924
-36.6053
-57.1463
-97.8756
7.33279
43.1257
-3.80336
6.39638
-2.33119
-44.4932
31.7306
-95.7579
23.6369
-52.4886
4.91795
-16.4075
-111.627
-80.3311
-64.6619
-10.7607
-2.90289
-87.7239
-42.4022
-89.0807
-119.586
-17.8085
-24.0549
-118.65
1.31915
0.275737
16.7068
31.8271
-83.1191
18.1035
-20.1283
-10.1638
-25.6508
3.71239
-148.408
30.1053
-59.3102
2.97807
-1.14595
-2.75267
-38.8857
-2.04908
3.9097
-51.0063
30.1529
-79.0358
25.6577
-102.136
-16.3392
11.9741
-20.0236
-2.71668
-22.7059
-91.6053
-3.04345
-27.7277
59.7593
-57.9603
8.55156
-7.62449
73.4504
-35.8701
-6.90302
-3.15845
3.67897
-36.5816
-1.03472
-0.341779
-22.0263
-54.3722
-58.4892
-5.95344
-81.613
-68.4947
-85.0185
-58.9107
-50.9858
16.8607
-137.86
-97.173
70.005
-1.58895
21.1351
-30.9834
64.2571
-53.3351
-5.03803
-108.09
42.5771
8.60182
-39.4955
146.335
-10.2938
-40.8554
-23.8754
4.13717
-131.577
-31.9663
-60.077
-15.1003
27.5934
-102.334
-141.494
-69.3935
-82.3119
-36.1787
-32.3344
-25.9026
-1.03806
9.61779
67.6344
-12.2984
10.9836
-39.7484
10.4315
3.6727
24.6409
125.832
-54.9599
-58.1477
27.4979
-0.817656
8.30947
33.3032
-38.899
-30.7466
17.9939
10.089
-47.1561
-74.8295
-34.6712
-9.51982
77.3123
-15.6847
-63.6475
13.6274
15.3906
-60.9225
0.79475
68.5539
-81.9179
-74.2723
-3.93739
-85.4217
-16.993
-88.5658
14.5675
-51.0643
62.1703
-85.8267
-23.8921
3.59332
-57.3276
-138.516
-19.7993
6.30956
84.0187
-50.2532
-11.8644
13.8574
-4.10409
-5.35766
2.1416
50.0023
-4.29368
0.156578
-79.2016
-12.319
-56.7702
24.4098
1.22634
4.43593
-12.6874
-4.39318
-85.7722
8.03448
-30.0645
-3.0119
-1.71851
-46.8623
-57.2871
-48.2638
-3.15842
66.1747
-8.36147
-58.5943
39.416
13.0332
14.3473
-101.26
-50.3402
-50.2086
2.3257
-1.05572
-44.361
31.228
-66.4537
25.672
-1.30671
-87.0704
0.0791033
-45.0967
9.36729
-6.71698
-69.2795
-2.50724
-1.74389
-44.4273
-2.17233
-69.5916
-41.3442
-25.2006
73.9705
0.861207
57.135
14.1512
2.99034
-0.826208
131.883
-33.1433
-58.771
113.371
-20.2662
-36.1857
-50.7619
82.6818
57.9298
-26.3271
-39.5394
-2.24639
-24.8578
-12.8113
-74.9186
100.864
-3.81346
-76.799
2.93319
-2.12155
-6.11703
3.21085
-1.7476
11.4521
-18.1884
0.0179991
-101.812
10.9108
-55.7579
-74.0462
-84.4486
22.4751
-28.724
-33.4423
-16.7205
-56.888
2.46354
-59.749
-58.8037
-12.7971
-15.6888
48.1481
-59.0401
-0.378814
13.6714
2.87341
6.29947
-22.6821
-10.9828
4.15432
-2.94409
-44.938
-37.6357
0.281877
-60.9114
-11.7297
-142.993
-65.3261
51.8575
-5.43051
-28.2286
-0.901489
-12.168
38.8565
-74.9649
-10.2895
1.53454
-70.2835
-74.7299
-3.93435
-1.30146
-90.2624
-8.17806
62.3965
0.0507274
83.476
-81.9569
38.2973
-28.381
-98.2758
-158.578
-18.404
-70.6941
71.6396
43.291
16.4392
-84.7637
8.54896
-0.106774
-0.274655
0.215607
0.0532229
-0.189812
-1.04099
0.190261
0.456203
0.839714
0.296392
-0.231569
-0.292179
-0.821353
-0.370851
-0.19806
0.376367
-0.427104
-80.5689
-74.3643
14.2369
1.41473
0.10471
-13.9446
-67.5923
16.6084
0.356447
0.467468
18.0477
3.74363
87.0628
68.282
0.110001
-117.129
-7.42275
5.28128
-6.26445
20.8008
-67.1832
-75.1415
-60.5136
-0.346248
1.09539
-1.45809
0.000831835
-68.6439
-56.7395
-0.657761
-0.496572
-35.6839
-1.92359
9.84645
-0.200394
-6.29359
-0.428934
-0.628206
0.898545
10.3111
1.66031
33.5736
0.247091
-39.8709
-4.6545
-33.4605
-140.236
-12.649
-77.0788
0.247195
-18.179
0.532107
0.558411
-52.7825
-0.515209
0.0977383
1.66763
-0.426455
34.4431
0.102679
-0.397864
1.86963
-93.5794
46.0923
11.7256
-0.0977612
1.79755
-76.9093
1.1595
29.916
-0.0883805
4.27336
-0.225099
-0.429494
0.454654
2.47389
0.189284
2.41483
0.264715
-75.9176
0.0741396
-38.8671
-12.9119
-63.3018
-0.03958
0.202371
26.5549
10.2658
-120.901
-75.3943
-0.0866462
13.5427
0.133408
-57.9139
7.87127
-4.26173
0.661881
-0.60298
0.282551
-5.13993
-41.6832
-0.0584469
-38.9955
1.75121
16.0274
22.6589
0.537297
0.108402
0.672376
-0.0311118
-0.942847
2.78736
-0.291455
-73.8073
7.3111
0.586307
-101.866
-11.7124
18.2969
-59.2039
-38.7539
-27.3885
-1.29053
0.916961
-11.0199
7.8848
0.313196
0.231396
-17.9069
14.1914
0.059187
30.6609
4.82285
-0.374735
-0.741273
-93.8623
-56.2537
9.42983
4.32051
0.219126
-0.689591
8.74578
-0.223463
-0.230515
-18.6978
0.00652222
-8.78798
-0.0840612
0.0285972
0.487982
3.48022
9.94767
8.65401
0.201467
19.726
-56.6396
0.537615
6.28875
-116.348
3.89283
0.0543541
-0.275973
-32.0119
-41.579
1.18015
-8.93916
0.031363
-120.509
-4.87261
6.41735
-63.4887
-53.9045
1.74434
-22.5269
-154.763
-0.552489
-8.74456
2.696
-6.9796
-0.0903798
-63.6898
113.45
-99.5567
4.42918
-0.916725
-2.26505
0.312125
63.3563
18.3049
2.05595
-42.4151
1.18836
-0.403603
-25.1827
-0.612199
-31.3974
0.299426
-72.1582
52.2691
-40.8383
-26.8344
-0.285606
-9.23289
0.378619
-136.955
14.173
-8.30983
0.78086
0.91346
-38.5992
-74.5556
-7.17283
0.0190287
-2.42211
-38.5884
0.987021
-28.3802
-46.5494
2.85151
-167.688
1.17808
0.23102
0.939658
-35.4467
-45.2409
-6.98547
10.2982
-51.0156
1.2308
-6.26069
-85.048
43.2853
1.61629
-5.08354
0.319452
-87.8984
-71.6082
-5.23406
0.0168828
0.525959
-145.902
-138.85
4.18156
15.5757
-0.0118058
-31.8797
37.9781
-130.888
0.347769
9.05438
-79.5784
3.18622
-11.1008
-0.657829
-1.50415
-3.37757
-67.8952
-13.0896
-20.976
74.6468
-131.384
3.51446
11.7651
-27.1484
-78.3871
9.24405
-72.6508
-70.183
1.13969
2.49977
28.6433
3.81701
-0.504772
2.54601
-31.074
35.2769
-8.28498
0.995583
6.13598
14.7105
-52.9667
13.1093
-0.431661
-6.0179
0.659116
-6.36098
-4.39303
-49.8232
-0.0674765
-1.10787
-1.32685
4.87262
-56.3455
4.58948
-6.01253
2.36929
-23.8458
-64.0958
-33.249
0.667054
-73.8231
49.7134
1.62656
0.324237
-53.4499
-0.417991
-36.6318
-0.268726
0.0909655
-37.5153
4.31983
-2.49427
-93.1576
-50.2804
25.7337
-17.1183
0.0494654
97.4874
10.9027
-1.96469
26.1646
25.8271
8.14092
2.64842
2.005
-4.27599
-12.4873
-18.5817
2.1211
-4.82996
4.34014
35.8373
-0.109953
-21.5471
56.5712
-4.37475
-6.15024
23.8658
-25.7886
-61.734
-0.140179
-39.4292
2.46446
0.912249
-58.2857
5.02548
0.489734
1.6311
4.49662
-1.40149
5.23675
-92.8698
-83.3932
0.0681687
73.4675
134.499
-25.5118
-44.2663
30.143
-93.0952
-0.95852
0.0801304
4.90652
-4.989
-6.35945
-82.9287
20.802
53.147
28.0667
-67.7831
-17.0091
-67.4877
2.61334
-0.701583
-7.74099
-14.9255
-0.210934
0.468768
-46.8873
14.892
9.1461
-21.6424
-2.06109
-69.4812
1.14848
-2.19273
0.423454
52.6911
-1.13167
2.23639
-2.36809
-5.91523
20.4897
-52.3089
4.39274
178.235
-160.356
-144.442
199.078
-16.7685
-104.542
-26.67
-72.9929
80.9496
-24.8865
73.4232
2.12182
24.4987
-4.98355
-2.60383
-82.3501
-4.53693
0.729909
37.751
12.2814
-2.4092
0.934205
0.0451979
-0.351243
-0.662565
0.346702
-2.0188
10.0309
-0.620529
3.27255
-90.2723
18.6155
-69.4476
-38.8253
-74.1786
-3.95816
0.0279627
13.2458
4.29742
-3.42896
0.569193
5.83408
6.63157
-19.0514
-55.4019
-26.4748
-20.4095
-0.707882
2.32301
0.780069
69.5773
5.31234
4.13746
-44.6909
20.2334
-1.39564
-4.43516
60.132
0.5098
1.97873
7.58008
-18.3245
0.140501
9.94658
18.6396
-2.29992
-36.6972
53.1244
5.73027
19.6877
-7.04252
41.1612
-0.215626
-15.7175
-0.165481
4.76589
-56.8382
-4.29941
-16.9352
21.6782
-60.2938
9.65041
9.32458
-1.15818
3.64474
-61.3846
-66.1199
-60.4496
-77.5527
-70.6591
-1.41719
-95.7922
-35.8298
-52.709
-119.305
77.3245
30.2572
-101.617
-107.755
-84.3759
20.7698
-54.7426
-60.7747
-90.1211
-107.488
-21.9578
-51.5762
-42.1355
-10.7098
42.4856
5.55584
-77.0477
-2.0925
-23.4824
-24.6617
-64.3378
1.23822
19.6018
-56.4941
3.1301
-56.8914
-37.7579
-59.3771
-67.843
0.0128869
-97.3951
-72.3561
-65.7185
49.5039
42.578
-0.998545
-61.5994
-101.617
-65.9667
10.3639
-42.3162
-67.0465
-100.655
-73.2929
-57.6186
-58.9043
-37.8092
-65.6887
-54.877
-71.8228
-103.579
-2.76185
-86.5941
-64.5612
-96.3198
-23.6702
-57.0288
-102.265
-5.29123
-84.6223
-58.9422
-72.6739
-1.01692
28.461
-58.0045
-105.293
-26.0493
-48.7664
-4.88541
-97.6191
-6.42856
63.3766
-114.831
-1.67197
-99.9411
-91.534
-62.9934
1.98739
-15.2535
-55.9083
-69.4635
-141.83
-51.8952
7.70808
77.2756
5.50943
-78.0201
16.9124
-3.86912
-86.0253
-15.676
-86.9855
20.2733
0.838551
-95.2883
3.8648
-118.505
-1.33223
-107.177
1.54999
-21.0506
11.8934
-31.1971
4.98251
-3.69987
11.0181
68.2749
10.5539
-2.12938
78.2484
37.2739
-66.853
-98.6473
79.8236
2.38807
-106.198
-95.9299
8.15798
-5.29342
-56.9706
16.6685
-70.1231
0.0364243
-68.9506
-12.6046
1.69924
-22.27
6.34704
-138.019
-60.8001
1.11393
63.0325
9.45975
-5.72915
-64.4052
1.3077
27.0232
-3.96702
-106.666
41.213
-107.766
16.0284
-115.442
11.9133
23.7498
-1.43546
45.9719
-9.64626
-159.521
-39.2409
34.5309
-1.85796
-13.6143
1.94954
-102.805
39.5789
-83.6056
-9.97043
-5.81876
-28.865
-97.4012
49.302
-111.611
50.6353
-124.309
-54.1712
-110.348
-1.60902
20.5789
26.2589
-50.185
-1.85661
-3.11747
-116.286
-15.7573
-91.2431
-2.02728
-76.6832
-50.7821
4.73188
62.5599
-84.621
29.7301
-48.9158
4.04439
51.6943
2.24069
-65.1937
-66.7007
-68.5165
4.66688
99.3166
-31.3768
33.1277
-60.4683
-1.18575
-14.2314
-12.5558
33.9843
-14.1497
0.967851
34.9258
14.5674
49.4589
-103.423
-108.548
-11.9583
-48.8802
-93.0989
11.3894
1.11327
-23.53
0.466638
-94.0613
-135.65
7.49302
-83.3988
7.03744
-70.1858
125.389
-90.4748
119.417
29.9127
-6.80027
-2.77576
8.77491
50.4415
-89.6693
-0.922547
3.6688
-7.67469
-55.7517
21.2814
-49.8875
12.4751
19.8161
8.94708
-2.56112
-3.00172
-37.2331
54.4463
2.67408
48.7388
-61.1741
1.6418
-89.2866
-5.01832
140.685
0.746943
1.56125
-44.1611
-1.82715
7.06012
-50.1844
-6.16715
324.625
4.49909
-37.5261
-6.67568
-46.6661
-26.4014
-2.14447
-20.654
-73.0218
22.3738
13.1936
1.35072
3.30812
-56.1862
-4.49493
-3.6933
-1.50508
-56.4049
-1.59096
-5.50311
-2.97669
-0.976421
-0.420623
60.514
8.30875
-29.9826
18.5494
-108.03
47.6445
8.4889
4.08423
231.668
-31.6041
-32.5019
-33.363
-22.0866
-23.8909
-38.2565
-14.3741
-1.5582
13.0558
159.539
-4.02021
31.9878
-56.8751
-1.25241
-68.7164
-0.353345
-49.3433
-106.65
25.1899
-29.7449
-6.2931
30.0161
-0.874072
1.32176
-51.3784
-78.6499
-21.1271
-17.2573
4.13958
-0.718846
-15.3024
197.268
-67.1216
-108.997
-66.7471
-111.418
-39.1322
-4.05834
-68.3908
18.4
6.47217
176.592
-0.207704
6.38388
0.928768
197.964
-39.0069
22.1529
-13.8564
-14.1179
-5.16239
-45.2513
-9.80424
-3.34452
-53.4748
7.57615
27.913
6.94042
-15.4176
-68.1285
56.1198
-33.6647
-17.6507
-0.501917
-84.4109
42.7028
-9.38665
-18.4258
-3.54536
-85.8008
-6.84663
6.23943
53.815
-63.3346
7.02862
-96.287
2.60621
-64.3749
-17.8234
-6.21813
-8.10207
51.4162
-9.98946
-29.8959
-82.3971
2.54322
27.8913
-63.4689
-8.05053
-36.6949
3.37945
-73.4846
15.0698
-121.722
-59.2646
-64.1729
-4.90099
-8.94416
-9.36048
15.6363
1.07074
-68.2659
-37.6577
-14.1459
-1.60582
-82.4364
10.0062
1.01816
-72.0051
-31.9626
40.6657
-25.8526
-7.90014
-2.72647
-70.9744
-33.4953
-89.5658
-18.4348
-79.1847
-85.6141
-63.4597
4.48866
-1.75315
-42.2125
0.359586
-10.5859
2.47856
-89.4059
-20.4798
-73.8198
2.01354
11.9749
74.095
-7.34384
-6.29236
-14.6898
-23.3116
-63.1899
-5.9622
60.3192
-58.4786
36.7702
-86.2615
-84.3265
7.23002
-49.2883
-14.113
-6.09807
101.034
-77.5731
-87.4968
-28.192
8.27411
4.42148
98.4658
-21.3637
-79.0006
-145.967
-1.97742
25.182
-76.9288
-116.068
-24.3142
-5.00823
-27.5058
3.88206
-106.015
-102.258
-91.8654
51.9304
-6.90952
-145.158
10.447
-10.4017
-5.75032
-83.1641
-81.5028
-0.528118
-71.7185
-133.453
-0.871314
-5.06079
-70.0474
-91.2213
-90.7803
-3.74065
-146.182
-108.785
-102.204
-117.938
-123.272
-50.1853
-7.76231
-161.436
17.8237
-46.4805
-65.407
5.09161
10.2161
-72.2602
-120.971
-8.55027
-54.5807
-122.879
-164.249
-61.5993
-13.2149
-110.958
-88.6027
2.99289
-4.40967
-161.772
-87.8684
-139.465
9.86844
-68.7309
-97.1139
172.789
-0.34617
-169.37
5.11266
9.47475
43.4649
4.07494
-164.999
-13.3637
-35.338
-47.5534
-44.6779
7.19996
-77.5466
55.7917
-60.9124
13.1739
-62.5922
-107.78
7.76123
-17.4999
65.2957
14.818
0.04069
8.47912
-58.5393
-170.945
-33.1366
-1.94612
-1.04688
2.93239
0.303489
24.4367
-6.05898
-55.257
-49.0332
-56.9059
5.33666
-56.5842
-51.2329
-0.98866
-52.4961
-67.4115
-13.4914
-61.3905
-36.0165
-47.4317
-40.1409
-58.2445
-58.2326
-66.8035
-71.7626
-100.206
-20.2444
47.3374
-66.5624
-59.0515
7.32429
-60.3555
-93.5743
-63.5617
-63.178
-3.70958
-76.2513
4.42294
-72.6427
-54.2398
-102.757
-169.451
-59.8874
-26.8705
-16.9821
-70.1519
-83.8955
-84.8717
-92.0402
-96.2173
-69.0805
77.1527
-111.748
14.5846
-106.287
-99.4848
-4.54678
-49.4619
2.70946
13.9936
-79.5313
38.2933
-85.3037
-52.4914
-20.2411
-27.4034
69.4252
12.6792
-101.248
1.01482
-137.006
-8.44071
-55.324
-82.8958
113.617
19.1262
-94.8585
1.3268
-89.1014
25.1534
-99.3195
1.02222
144.438
49.5155
-52.817
39.6055
-57.8972
0.405839
0.982326
29.9724
-28.9375
-98.3628
16.2567
-105.339
19.9678
28.1447
-104.345
15.4394
6.79335
-49.2457
-143.78
-65.7176
34.5435
5.50333
-6.88238
-49.1333
-15.1473
37.7084
1.71665
-118.214
-66.1946
23.6678
-0.900547
-5.46282
-7.2541
54.9386
-0.539276
0.260008
-12.1981
14.6523
7.67599
48.2699
-3.60079
-141.105
-63.2693
6.46422
4.99034
-0.910871
58.8652
12.0864
-131.505
-31.8909
116.33
0.13246
-21.3472
124.312
46.0452
-89.7876
47.8616
-69.8416
-54.554
-38.5188
-43.0975
-105.057
-104.365
8.45367
-89.4231
-77.4975
38.6428
-104.082
13.158
-0.674628
-50.3043
-2.54149
28.7556
20.3506
-42.4052
-86.6515
-63.9485
-19.5597
5.77895
-94.9892
60.6714
18.5656
-194.603
3.9397
-4.16492
-182.915
-144.989
-125.273
-88.8431
-84.3485
-111.501
25.3474
89.6822
27.4266
-63.1444
-84.7961
0.377721
-1.58871
108.578
-32.1946
-90.5052
-76.424
-1.4463
-69.6499
-54.4325
0.407898
-69.2119
-32.3125
-9.00871
-77.2245
-184.074
65.7191
-120.692
-174.557
-5.12088
-59.9339
-57.7565
-93.5643
-6.39676
-51.486
96.5524
-14.2097
25.3044
-6.89077
39.8028
6.32561
-43.6191
-3.33817
-66.2649
-55.4538
0.0812857
40.8599
-20.3124
8.19534
15.0467
27.5336
-77.2408
9.83524
-144.177
137.912
-1.16314
15.2348
-74.554
0.959131
-8.12984
-45.9734
-56.7861
-30.3886
-90.5759
-65.5529
-60.5022
-7.81575
-38.617
29.3807
-12.2041
43.2236
-3.91165
11.6405
-43.7443
-2.88284
16.1108
56.9513
-0.115818
-90.8906
-145.592
-50.209
-34.7957
-60.3117
-20.1904
-5.31163
111.772
9.67975
-5.22967
-96.6322
6.02198
-64.5525
-54.2383
6.35992
-98.1887
-95.3757
-29.2588
-92.0981
14.1184
0.839461
0.207645
-23.2507
52.5745
-116.749
120.784
82.2946
-0.0793486
62.5488
-47.7553
-54.4829
-0.509769
-90.1935
8.88867
-37.136
-38.4254
-74.4725
23.6503
6.12471
-105.317
-72.1981
10.787
-112.42
6.50106
70.9333
-8.01966
-157.834
-152.838
-59.3143
-70.6212
12.2127
39.7387
-31.8557
-157.357
-11.29
-65.1098
-99.4901
1.18283
-2.40592
130.215
-167.87
-24.0916
-61.692
1.63535
-32.3377
5.37149
-90.9037
-82.6574
-157.297
-56.9403
-108.72
-1.38131
-68.1818
5.32489
-55.4305
-32.187
-3.9162
14.4451
-59.8943
0.191731
133.537
-129.673
-77.9629
7.48776
1.60763
-1.17563
-41.6199
-20.2213
23.4152
-5.9196
12.8582
-43.534
-62.5323
-85.0481
6.23362
-52.204
-55.6645
-12.5399
9.47527
-46.5744
6.40921
-47.145
-2.50538
9.68372
16.7891
-0.934648
-65.377
16.3471
-3.92242
-65.1636
-54.7644
-37.0707
7.13202
-79.641
-58.2336
29.9401
10.645
54.2779
-62.628
-4.10159
-10.3005
150.993
13.1001
-62.2023
88.4891
-17.1955
-125.792
-159.966
-16.7789
4.51241
233.162
-130.222
1.47779
-26.8536
-8.18216
-153.328
-66.1434
-0.235297
-34.0684
2.68896
-75.2069
-18.5451
-123.095
-56.2782
-38.3592
37.1957
-91.1659
-1.26851
-92.0931
-86.6496
-59.6092
-144.884
183.943
-155.83
-72.0935
0.0656498
4.1311
-21.0423
-62.2386
14.7739
-94.6013
-124.868
-91.8137
-62.6456
-13.4675
-1.71133
5.51943
0.48246
-1.03646
8.90852
-29.767
-4.48987
209.163
-54.7374
-15.1973
-158.64
-58.0965
-37.7351
-47.1848
-11.3556
14.6159
2.70479
22.8708
-0.291291
-23.7311
-56.9346
-0.708467
-2.11579
-56.26
-126.933
-30.6191
-81.1684
0.0721464
2.50513
125.61
-59.8382
-94.9751
164.725
-66.0046
12.0695
-96.1694
-49.1223
-4.87945
-15.8639
-14.1185
41.189
-69.8009
-31.4621
22.7017
-1.29293
182.895
-63.4857
38.3086
-28.6128
8.64959
-70.5778
-65.4946
-2.15546
-27.3989
-25.8697
25.8555
55.3574
5.4314
-73.969
-35.3977
-4.66098
-76.5285
-3.08458
52.0964
-53.5767
34.5472
-122.721
-73.974
-36.8256
-5.79113
48.0189
-70.4877
-66.644
-37.2306
50.4076
-70.0596
-64.9527
-5.54422
14.656
-25.411
-96.3129
-49.821
-3.82107
4.55946
-151.553
-8.01449
-16.7179
5.64316
-57.9612
47.189
-11.5557
5.01304
-1.72655
22.8194
171.609
-63.6547
-20.994
102.265
-66.8089
3.53722
142.587
17.575
-1.80133
-56.9854
-10.3877
-15.3307
-44.5635
-131.759
-84.7066
43.9967
-35.8872
9.93454
47.6206
-105.124
-51.268
5.85723
-2.9577
-74.3153
-36.995
-51.2845
-63.5107
6.40585
2.19505
-94.3958
-149.919
-1.30798
-76.9119
-30.9492
-58.1281
-27.8097
41.1803
-16.7538
-22.4989
-145.089
287.721
-75.7951
37.3996
-162.857
50.1887
-152.032
-153.174
-5.51846
-97.941
-90.1918
3.41694
-58.4517
1.08489
-32.1459
9.46032
-6.69984
-46.4298
-9.00924
26.4181
-63.1148
-131.862
-5.56183
-81.6205
-133.348
1.26664
-72.0941
-9.99669
-45.7206
-34.4636
-94.1383
-2.34623
-44.0549
-59.0594
-144.591
166.24
42.8891
-106.603
-67.8091
114.724
32.7947
24.375
-138.966
-16.5784
-12.2804
-86.6588
18.5931
48.0359
9.47492
-75.4539
-150.302
-53.5816
-134.955
5.69499
-109.081
-20.7983
-57.5077
4.04999
-118.474
-120.845
-96.1322
-87.8867
14.5402
-14.7081
-146.956
-1.25786
-37.465
-167.855
-17.9176
-0.338652
-9.56728
-63.3132
1.66551
30.9677
-79.1411
-43.4195
-0.122426
156.345
-54.5298
-86.6111
15.3914
201.499
-77.284
-168.055
-122.1
-1.80495
-83.9491
-74.6485
-150.788
9.77347
-129.21
-5.95459
-1.38446
-10.3582
37.2963
-3.0848
-34.9007
-15.5411
-75.8595
1.06729
-55.3229
-3.83566
38.1657
-45.5248
9.7134
-88.308
-51.2497
-166.465
42.1232
-73.8418
-29.5268
20.793
-59.6323
-22.844
-83.5769
27.3289
53.9262
-56.9701
-83.1317
-15.9763
-52.2261
37.9668
47.3958
-36.0084
-116.677
-153.353
-87.5724
-8.17093
-56.5625
-21.4069
21.1779
-1.96706
-50.8895
66.826
-2.2059
-4.25301
-0.795951
-137.965
-55.2066
-67.8503
4.13442
-11.6475
-125.267
6.89658
-135.241
27.3132
-5.26066
2.46666
20.9433
-96.182
60.866
37.4845
-111.989
-53.746
-99.815
-4.73559
-59.5524
-82.9283
102.615
-96.6213
-149.62
-10.419
-150.802
-5.79682
-7.85567
-66.784
-77.5276
-114.221
-149.438
-94.0368
-27.995
-78.3211
-29.2581
-47.9897
-14.8949
-94.2673
-1.31152
-43.3745
8.49754
-160.289
-84.9907
-176.288
-3.6715
-5.40818
-4.37335
-36.8041
-95.5296
-95.8196
-97.9871
-69.5149
-95.548
-32.3611
4.15622
-81.2782
-93.3824
-47.4344
-6.47075
8.375
-6.17664
-4.94163
-31.102
-135.827
-21.3794
-53.1699
11.3375
25.007
-77.7245
-98.71
-49.5321
-73.6044
-111.687
1.5241
-98.5889
-48.2776
-155.734
-31.3711
-68.5778
-10.8854
-75.5727
-34.5988
-39.2049
31.91
-71.909
-87.0763
-168.338
19.9333
-62.3864
36.8505
-68.7045
30.5573
-65.9137
-36.4165
-18.5195
49.1645
-69.1698
21.5545
48.3416
-56.3512
-74.644
57.0275
-168.858
-70.5332
5.99948
68.0581
15.471
-44.7184
4.13319
-182.188
27.0044
-180.88
31.0967
-10.0265
-168.659
28.2032
-98.1409
-140.461
-24.5354
-5.56933
30.3366
-80.6135
32.2234
-28.4647
-122.909
-151.448
14.4605
26.6403
-29.4535
-94.4668
-11.0412
-50.0162
-152.848
31.1523
-95.5618
-60.6257
-131.216
13.5442
141.68
-46.6195
126.618
150.025
-0.340037
-52.7599
-13.9457
-64.7517
-153.675
18.3311
-62.5945
-178.478
-5.32129
-48.7802
-159.995
47.9064
30.4006
-16.1587
-76.6548
-64.9176
15.5239
-48.3778
31.6003
-14.0005
-15.7491
-62.5057
-0.982638
-7.47401
-119.216
108.817
-112.402
0.754383
48.0311
-82.3621
-90.4752
-21.9687
-14.4429
14.8328
10.8466
-20.0414
-159.481
33.5966
81.2859
-48.6939
-16.3132
86.6409
-148.052
0.829256
-127.085
-98.3669
-105.712
-8.87145
2.0474
-158.778
-86.5121
-1.83234
-6.61417
-131.886
126.716
-45.1295
-57.8124
3.42595
31.4268
-7.28925
-72.7649
-100.771
100.792
-49.1137
14.9482
-1.63492
-39.2481
63.6329
13.0174
58.8157
-4.43495
0.718668
71.4417
-72.3897
-13.0958
-148.026
-4.38476
45.4008
-158.275
39.6034
-49.1296
3.11308
-46.2202
-134.498
-16.3842
-143.483
-3.02796
13.2582
-79.5055
-80.4905
-0.586324
-25.7582
51.213
-90.6816
4.78315
-2.57039
0.16061
5.35334
-10.0216
-91.0554
6.19835
32.1293
37.301
-51.2117
-39.1148
34.9369
-6.29684
35.1327
52.3789
11.0776
-88.6462
-30.576
-14.9378
-52.5071
40.7445
7.60801
127.283
44.6899
-72.5626
-45.8194
48.5914
-9.71818
-35.0773
-6.22158
38.9881
-70.853
-8.16034
-44.4548
-47.567
71.1832
40.4974
-9.00256
-143.763
-12.397
)
;

boundaryField
{
    frontAndBack
    {
        type            empty;
    }
    upperAndLower
    {
        type            symmetry;
    }
    outlet
    {
        type            freestreamPressure;
        freestreamValue uniform 0;
        supersonic      0;
        value           nonuniform List<scalar> 10(3.87202e-10 1.42436e-07 -1.47755e-07 -5.44971e-07 -1.3329e-09 1.22527e-08 2.44001e-08 -5.7481e-08 9.01011e-08 3.21289e-08);
    }
    inlet
    {
        type            freestreamPressure;
        freestreamValue uniform 0;
        supersonic      0;
        value           nonuniform List<scalar> 10(-19.7722 36.011 -40.6566 -74.5541 100.374 62.0929 16.5276 -1.91422 177.368 -143.74);
    }
    airfoil
    {
        type            zeroGradient;
    }
}


// ************************************************************************* //
