/*--------------------------------*- C++ -*----------------------------------*\
  =========                 |
  \\      /  F ield         | OpenFOAM: The Open Source CFD Toolbox
   \\    /   O peration     | Website:  https://openfoam.org
    \\  /    A nd           | Version:  10
     \\/     M anipulation  |
\*---------------------------------------------------------------------------*/
FoamFile
{
    format      ascii;
    class       surfaceScalarField;
    location    "100";
    object      phi;
}
// * * * * * * * * * * * * * * * * * * * * * * * * * * * * * * * * * * * * * //

dimensions      [0 3 -1 0 0 0 0];

internalField   nonuniform List<scalar> 
4431
(
-0.0302779
0.0386086
-0.00833074
0.881451
-1.04404
0.162589
-0.0990214
0.0427839
0.0562375
0.0620873
-0.0339473
-0.02814
-0.159531
0.0423568
0.117174
0.664714
-0.261471
-0.403244
-2.3985
2.67982
-0.281324
0.0204274
0.00888127
-0.0293086
0.039371
0.00818625
-0.0475571
-0.0245306
-0.00902646
0.0335571
-0.0605766
0.0610806
-0.000503955
0.731952
0.685105
-1.41706
-1.50788
1.80523
-0.297345
0.620439
-0.247419
-0.373018
-0.156243
0.372173
-0.215929
-0.0237206
0.02774
-0.00401903
-0.687215
0.527338
0.159877
-0.0444861
0.0466506
-0.00216451
-2.05604
1.01403
1.04201
0.219925
1.0862
-1.30613
-0.0280846
-0.00312082
0.0312054
1.28704
0.161365
-1.44841
-0.217762
0.061521
0.0399362
-0.0514579
0.0115217
-0.033638
0.0357728
-0.00213469
-0.893795
-1.02192
1.91572
0.0311212
-0.0339039
0.00278269
0.0273335
-0.032355
0.00502165
-0.0168928
0.0524782
-0.0355855
-0.0567972
-0.0051374
0.0619347
-0.0433637
0.0395854
0.00377839
0.0837209
-0.0743538
-0.00936707
-0.362932
0.290442
0.0724901
0.136391
-0.00223876
-0.134152
0.0798482
-0.0381301
-0.041718
1.25687
0.357089
-1.61396
0.0554006
0.0244475
-0.0451304
0.056656
-0.0115254
-0.0384836
0.0388725
-0.000388645
0.0408819
-0.0455455
0.00466364
0.00181044
0.0316912
-0.0335015
-0.0383927
0.0103081
0.0505146
-0.0706333
0.0201187
0.423982
0.196458
-0.0252738
0.08049
-0.0552162
0.171428
0.0488873
-0.220315
-0.0425109
0.0701196
-0.0276087
-1.27976
-0.776278
0.0598944
0.0101441
-0.0700385
-2.17356
0.0270361
0.0350512
-0.0166769
0.0166768
-3.29002
2.17702
1.113
0.063613
-0.0130984
-2.27546
1.18743
1.08804
0.274447
-0.295195
0.0207491
-0.218032
-2.18047
2.04895
0.0804831
-2.12943
0.0956291
-1.60351
1.63363
0.0926851
-1.72632
0.00740085
0.0203801
0.109213
-0.129593
-0.0545584
0.043615
0.0109436
0.496099
1.69241
-2.18851
-1.45619
1.41316
0.0430234
0.100212
-0.170114
0.0699023
-0.123967
0.145324
-0.0213569
-0.160965
0.0014337
-0.0755688
0.137202
-0.0616336
-0.796825
1.18926
-0.392438
0.731459
-0.570612
-0.160847
-0.0278655
0.0397372
-0.0118715
0.0103871
0.0381378
-0.0485245
-0.106954
0.00793226
0.159723
-0.171462
0.0117395
2.68523
-1.27513
-1.4101
-0.0280963
-0.270473
1.52734
0.00147986
-0.0582768
-0.000800145
-0.0608937
0.0616938
1.15203
0.653193
-0.196012
0.187376
0.00863618
0.0746947
0.0123099
-0.0870045
0.0567276
-0.0173565
-0.0188757
0.167547
-0.148671
-0.0678657
0.0227353
-2.13042
-1.1596
0.783716
-0.361654
-0.422063
0.0255492
0.00812338
-0.0336726
1.68248
-2.88576
1.20328
0.352641
1.82761
-2.18025
0.0436372
0.00642549
-0.0500627
-0.0446919
-0.0158848
0.072893
-0.0738445
0.000951579
0.26073
-0.734867
0.474138
-0.266496
-0.0964361
-0.02423
-0.00750811
0.0317381
0.113312
0.0483537
-0.161666
-0.0345424
-0.0117186
0.0462611
0.0703557
-0.0754926
-0.0979608
0.0713045
0.0266557
-0.0592438
0.0199275
0.0393164
0.905922
-1.92784
-0.0833593
-0.112652
-0.651782
0.739488
-0.0877076
-1.63274
1.27244
0.360303
-0.00397451
-0.0296635
0.102688
-0.101437
-0.00125101
0.0234038
0.188057
-0.211461
0.0452822
-0.145479
0.100197
-1.71062
1.80625
0.165049
-0.0648374
-0.055701
0.0278355
-0.134666
0.092155
1.74012
0.939702
-0.0242961
0.00157192
0.0227241
0.0498886
0.0338323
0.11382
0.0225719
-0.00761416
0.0603647
-0.0527504
7.34164e-05
0.0398628
-0.0265961
-0.0326476
-0.156392
0.176772
-0.257849
1.94033
-0.143674
0.105391
0.0382836
-0.0103084
-0.146083
0.253127
0.392167
-0.645293
-1.07275
1.26553
-0.192778
3.05994
-1.10082
-1.95912
0.0244427
0.00329735
0.773886
-1.01458
0.240696
-0.0327686
0.0342482
-0.00756009
-0.0336571
0.0412173
0.0583509
0.0108439
-0.0691946
-0.345494
1.97912
-0.40286
0.29016
0.1127
0.0599679
0.0935831
-0.0112219
-0.0823602
0.958183
-0.261143
-0.69704
-0.0637832
0.029836
-0.0956359
0.370085
-1.98482
2.17078
-0.185956
-1.71011
1.80279
-0.359873
0.383277
-0.147599
0.0538344
0.0937646
1.9681
-0.432308
-1.53579
-0.0912031
-0.0199084
0.111111
2.47263
0.052814
-2.52544
0.0526274
-0.0144895
0.164323
-0.119041
-0.0722556
-0.617028
0.689284
-0.0535052
0.0189629
0.47302
0.258439
-0.021827
-0.580361
0.602189
0.0830371
0.342081
-0.301972
-0.0401094
-0.12151
0.786225
-1.68532
1.42747
-0.0344617
2.88403
-2.38793
-0.00300083
0.0481395
-0.0451386
-0.00782069
-0.0947318
-0.00546737
0.100199
2.64729
-0.598348
-0.743957
-0.888788
-0.0233774
0.0233774
1.66917
-1.44925
-0.0692822
1.23254
-1.16326
0.0896727
0.0039105
0.00559321
0.0970945
-0.690957
0.27112
0.419838
0.03752
-0.0492251
0.0117051
-1.16446
1.4564
-0.291938
-0.216639
-0.186221
1.33313
-0.601181
0.00919147
-0.0524869
0.0432954
0.0886361
0.00914134
-0.0977771
-0.0146893
-0.0387892
0.0534787
-2.83926
2.83926
-0.0209091
-0.00237246
0.0232815
-0.211231
-0.0349727
0.246204
-0.0622816
-0.0113464
0.0736287
0.275902
-0.0878443
2.67816
-2.32552
0.0353941
-0.00806025
-0.00170496
0.0763998
0.047658
0.0161924
-0.0638504
-0.0486014
0.0611575
-0.0125561
1.6483
0.319798
0.831755
-0.853583
-0.117472
0.0831138
0.0343586
0.0982364
-0.114656
0.01642
-0.0158711
-0.0274927
0.009341
0.0353755
-0.0447164
-0.0066
-0.0748882
0.0814883
0.564136
-2.69456
-0.0503763
-0.0475846
0.00186682
0.0684889
0.0973118
-0.123982
0.0266708
-0.0118878
0.0267364
-0.0148487
-1.60399
-0.106123
0.0514105
-0.0411614
-0.010249
0.100946
-0.0485308
-0.0109003
0.0594315
-0.00487
0.0521987
-0.047328
-1.09003
0.0172825
0.00819677
0.0676919
-0.0271672
0.198595
0.0537851
-0.00604199
-0.0477433
0.0166078
-0.0237425
0.00713476
0.00897248
0.0527094
-0.061682
1.04532
-0.163873
2.77471
-1.0917
-1.68302
-0.0202078
-0.0671514
-0.27317
1.56021
0.044843
0.0127269
-0.0575696
-0.403603
2.74875
-2.34514
-1.57005
-1.31571
-0.0572879
0.0426332
0.0146549
0.01105
-0.329547
0.318498
0.173588
0.102314
0.271185
0.0708953
-0.405431
-0.00765213
0.413085
0.0478778
1.09179
-1.13967
0.0168602
0.142863
1.13303
0.0499009
-1.18293
-0.0037878
0.0559866
-0.0242874
-0.0330005
-0.183031
0.107462
0.261461
-0.250956
-0.0105038
-0.466119
0.0227526
0.443367
0.114841
-0.00945003
-0.575486
0.0513531
0.524133
1.387
0.106659
-1.49366
0.0524861
-0.0503311
-0.002155
-0.250948
-0.0307612
0.28171
-0.0356552
-0.00883089
-0.00971533
0.0624596
-0.00867455
2.45981
0.315539
-2.77535
-2.07795
-0.197515
-2.67816
2.60888
-0.0372561
0.0366789
0.000577326
-0.0274864
0.0358532
-0.00836649
-0.0590614
0.832946
0.0367438
-0.247975
-0.0780143
0.105454
-0.0274391
-0.0307497
0.0389466
-0.103698
0.025684
2.82824
-0.65122
-0.00583622
-0.01846
0.0190394
-0.0433267
-0.76675
0.0116143
0.755135
0.0324038
-0.0705339
-0.0521229
0.0505312
0.00159185
-0.0453182
0.0210882
0.0177502
-0.030338
0.0125878
-0.0166768
0.211182
-1.00801
0.0109204
0.00361362
-0.0145343
-0.137185
0.111911
0.0273341
-0.0306574
0.00332356
0.00129955
0.207326
-0.208626
-0.00514591
-0.211149
0.216295
-0.00973815
-0.0338221
0.0435602
0.0857659
0.153186
-0.238953
-0.0270524
0.0525703
-0.0255177
-0.0401159
0.0542025
-0.0140863
0.53044
-0.108058
-0.422383
-0.0100357
0.0475558
-0.10028
2.5601
-2.65477
2.25117
-0.619627
-0.0713299
-0.282396
-0.369385
-0.114782
0.124544
-0.00976221
-0.160866
0.015387
-0.59269
0.331219
0.0340553
0.00857801
0.00884116
0.0410475
-0.527758
0.455313
0.0724449
-0.579112
-0.435471
1.5337
-0.0563392
-1.47736
-0.211428
0.0021838
0.209245
-0.0231425
0.0246881
-0.0015455
0.094584
0.0100398
-0.104624
0.0425018
-0.0491019
0.0444041
0.00700647
-0.114604
0.157687
-0.0430833
-0.0149768
-0.018927
0.0308885
0.00488437
0.00276064
0.0408544
-0.8044
-2.03486
-0.066372
0.438546
-0.0157344
-0.0413787
0.0571136
1.9552
-1.04928
-0.0315199
0.0467088
-0.0151889
-0.0479913
0.0384751
0.00951639
-0.287386
0.540513
-0.15123
0.00363169
0.0483884
-0.0391995
-0.0091886
-1.79959
1.88007
-0.798737
0.17911
0.0426812
-0.0540831
0.0114021
0.0420598
-0.0442152
0.00215537
-1.61472
-0.370105
0.0940008
-0.0850276
-0.0892233
0.00377416
0.0854496
0.051161
-0.012673
-0.0384877
-0.313578
0.574309
0.568858
-0.455244
-0.113613
0.478746
-0.60557
0.126824
0.571329
0.386854
-0.00359453
-0.0464682
0.125217
-0.126017
0.384214
2.39049
-0.806197
-0.108923
0.194689
0.131112
-0.0337997
0.0965011
-0.570614
1.75804
1.89218
0.793054
0.823183
0.0633068
-0.88649
0.0124791
0.0331386
0.0145063
-0.0476448
0.499084
0.0697742
-0.00502091
-0.0200266
-0.0320962
-0.0817774
0.0670884
0.0516102
-0.0311828
0.12386
0.00140285
-0.125264
0.0743425
-0.0933221
0.0189802
-0.248326
1.07151
0.0353695
-0.159337
0.0291634
0.186981
-0.205857
-0.0225623
-0.0676092
-0.069576
0.367866
-0.72952
-0.316597
0.0146262
-0.163805
-0.00630851
-8.39536e-05
-0.11452
-0.251025
0.33118
-0.0801533
0.327101
-0.251824
-0.0752766
-0.0869428
-0.0247917
0.0227065
0.00208509
1.12667
1.93327
0.177015
-0.0119656
0.102092
-0.10164
-0.000451792
-0.00911416
-0.013965
0.0558046
-0.0418395
0.00123832
-0.0368935
0.051614
-0.302562
0.0735162
0.665971
0.0413214
-0.0217557
-0.0195655
0.174631
-0.137887
0.101367
-0.0073657
2.78817
-0.0985894
0.00110272
0.0974873
-1.6799
0.013233
1.66666
0.0163727
-0.100485
-0.238595
-0.949606
1.01291
0.0271848
-0.0287278
0.00154302
0.0806984
0.00559246
-0.0862904
-2.07034
0.340621
1.72972
-0.205933
0.195625
-0.0233969
0.0395885
-0.0161913
-0.130844
0.0689817
-0.0727955
0.00381416
-0.111101
0.0499855
0.0611153
0.0133659
0.0082623
-0.0216283
-0.394381
-0.473771
0.26276
-0.0788326
0.013537
0.0652956
0.504024
-0.0310043
-0.552733
-0.0431294
1.1809
-0.0761605
-0.145962
0.14849
-0.00252786
1.4369
-0.360308
-0.715398
-0.0891224
-0.00222965
-0.0209129
-0.010824
0.0190104
-0.117599
0.314371
-0.0523638
-0.262006
-0.020203
0.0311231
1.64036
-0.0314344
0.0236137
-0.0111143
0.049127
-0.0380127
0.0415167
-0.0408542
-0.000662526
-0.0874202
0.0965204
-0.00909962
1.03273
0.0141521
-0.0938056
0.0796535
-0.0600031
0.0384756
-0.0404254
0.00194977
0.0490818
-0.0274988
-0.0215828
0.0267349
-0.00229199
-0.0902268
0.00280693
0.0177678
0.095599
-0.0124849
-0.0420517
0.0154557
-0.0927696
-1.0469
-0.0450702
0.0412827
-0.285929
0.0783586
-0.0932391
0.014881
-0.0282476
0.0282476
0.000989361
0.040332
0.10445
0.0388715
-0.143322
0.844561
0.164239
-1.7148
1.44163
0.0272664
-0.0319874
0.00472103
-0.0430698
0.0438458
-0.000776035
0.787338
-1.87904
-1.06914
-1.10442
0.0366446
-0.0350156
-0.00162891
0.00967892
0.0279619
-0.0376407
-0.000266211
-0.0583127
0.0585789
0.0125117
0.407916
0.337338
-0.745252
-1.71088
0.106895
-0.0484406
0.0540338
-0.422042
0.10575
-0.00751347
0.697909
-0.173777
0.100311
-0.0738283
-0.0264822
0.0497339
-0.00134539
-0.0121035
0.0424157
-0.030312
-1.6645
-0.046116
-0.0010382
-0.0514486
0.248911
-0.0223692
-0.226541
0.220309
-0.162499
-0.0578083
0.0173169
-0.0197512
0.0024343
0.575248
-0.00947581
-0.0184797
0.0538551
0.0298344
-0.0268154
-0.00301891
0.0879922
-0.0630554
-1.61637
1.67942
0.283894
-0.00754747
0.214874
0.867265
-1.96809
-0.0371117
0.0335172
0.03061
0.00617483
-0.0367848
0.0335871
-0.0606395
-0.0517747
0.0315669
-0.0465736
-0.00141762
-0.0462837
-0.032584
0.0367043
-0.00412031
-0.126977
0.117239
0.0097389
0.914491
-1.2189
0.304407
0.0415653
0.0204403
-0.0620053
0.127208
-0.0827463
-0.0444615
-0.036597
0.0268819
0.0258928
0.264549
0.0379132
0.013697
2.64847
-0.274859
-0.252898
-0.641618
-0.307988
0.123327
-1.4868
1.36347
-0.0327135
0.00461729
-0.021623
-0.00694727
0.0285703
-1.575
0.831038
0.0603477
-0.0425976
0.0159957
0.022877
0.210001
0.229321
-0.255066
0.0257459
0.0465459
0.00461533
-0.100697
-0.038229
0.138926
1.99958
-1.73822
-0.261368
0.446014
0.0530702
0.00784741
0.0329363
-0.0407836
0.0515808
-0.062481
0.00712194
0.0237666
-0.0340226
0.0311534
0.00286923
-0.0168394
0.0951983
-0.052998
0.0417769
-0.0102271
0.0407042
-0.0304769
0.0659401
-0.0772861
-0.00788937
0.217134
-0.0327827
6.92259e-05
-0.0318211
0.0178422
0.013979
0.0388548
0.491405
-0.0453912
0.248005
-1.70419
0.0651496
-0.139503
-0.156457
0.147007
0.0356217
-0.000227549
-1.98191
0.0557706
1.92614
-0.164145
-0.0177117
0.181856
-0.0653513
0.0809987
-0.0861446
0.156682
-2.81145
-2.16149
2.2143
0.0428573
-0.0445622
-2.75819
-0.308062
0.056239
-0.0204365
-0.0122727
0.0327091
-0.247689
-0.00333621
-0.00444303
-0.0283395
0.00791618
-0.0156073
0.0496628
1.72305
0.276535
-0.0129228
-0.0243333
0.0224889
0.00390029
-0.0263892
0.0722579
1.65917
-1.71551
-2.27047
-0.0550507
2.32552
-0.0546917
-0.305181
0.0232308
0.0823005
0.0162306
1.03595
-2.31109
0.0284406
-0.0559393
0.122062
-0.240356
0.118294
-1.65917
-0.196463
1.85564
0.198741
-0.481139
-0.0575465
0.0737389
-0.0191859
0.0191859
1.8544
-0.289269
-1.56513
-0.0258233
-0.00155016
0.0273736
-0.0599009
0.0365042
-0.0600398
-0.0546154
0.0476786
-0.00438321
-0.0154496
0.428535
0.706187
-0.778442
0.0454703
-0.0628268
-0.0292431
0.00248537
0.0267578
-0.0227778
0.0227778
0.248779
-0.344414
0.0150032
-1.6954
0.0569511
1.63844
-0.0228952
-0.00540662
0.0283017
0.059799
-0.035717
-0.0240821
1.7713
-0.660505
-0.0430938
-0.671881
0.0331549
-0.034193
0.0418336
-0.0162844
0.244461
-1.40892
-0.213404
0.0375779
-0.0563005
0.0422143
-1.77007
0.0552712
-0.0313177
-0.114644
1.01923
0.138847
-1.15808
0.409559
-0.371772
-0.0377875
0.0355003
0.0248474
0.0378518
-0.052341
-1.76413
1.7899
-0.025771
0.00108114
1.80171
-0.123854
0.150525
0.0330596
1.45558e-05
-0.0330743
0.0227153
-0.0315002
0.00878507
0.217919
0.47999
0.0386771
-0.0411211
0.002444
0.0915393
0.0921152
-0.109008
-0.410693
2.23831
-0.00458022
-0.0258917
0.0304719
-0.0532259
0.0759611
-0.069174
0.298495
-0.0577144
0.0376878
0.0056349
0.0468127
-0.0524475
-0.00491553
-0.0359477
0.00399398
-0.101771
0.167768
-0.0305655
-1.00772
0.0825233
-0.0397394
0.0303975
-0.0303975
-0.140543
0.1919
-0.0513577
0.0859413
-0.0573584
-0.0285829
0.0566279
-0.0421215
-0.00916971
0.0282791
-0.0581064
0.0708332
-0.40623
0.139734
0.10966
0.0220617
0.0284696
-0.380828
0.315386
0.0654418
-1.3024
0.119472
-0.0375608
0.136982
0.0730189
0.0369172
0.12077
-0.0505535
-0.00193239
0.109987
-0.108054
0.0371113
-0.00405178
0.0266471
-0.0266471
-0.0562195
0.0589802
-0.0855622
0.0764482
-0.0558232
-0.00459788
0.0219148
-0.00122354
-0.131098
0.132322
0.15482
0.0411083
-0.195928
0.094574
-0.0138753
-0.0205982
-0.0249472
0.00525763
-0.0261668
0.0313851
-0.0231989
-1.58691
1.92753
-0.056506
0.0349232
0.0753653
-0.0783661
2.36153
-2.60888
0.247349
0.056733
-0.0453308
-0.178531
0.0324482
-0.0440342
0.0192425
-0.0424438
0.0614068
-0.0146275
0.0312354
-0.0472852
0.0663247
0.0802123
0.0508995
1.50625
-2.27047
1.73206
-1.73206
1.00425
2.36153
-1.73822
0.043401
0.00286016
-1.00237
0.305328
0.189898
0.427241
-0.588088
0.295774
1.3734
0.0255565
-0.00306756
-1.64433
-0.035569
0.00885314
-0.812975
-0.0566688
0.0439962
2.06744
-2.06744
-0.0533465
0.0619246
-0.142311
0.027529
0.0279554
0.0204742
-1.51904
0.0416756
1.73847
1.25905
1.38824
0.382135
-0.063637
-0.00926584
-0.131277
-1.72305
1.61692
-0.012215
1.61418
-1.60197
0.130692
0.356849
-0.487541
-0.0029141
-0.0517184
0.0546326
0.124109
0.259168
-0.129229
0.130332
0.0476783
0.255581
-0.0154354
-0.00794206
1.62993
-1.69298
-0.0593007
2.26263
0.565613
0.16187
1.82384
-1.69646
-0.127381
-0.0598089
0.0506207
0.0890458
-0.0610654
-0.0279802
0.0783271
0.167411
0.250588
-0.418
-0.303766
1.4558
0.17456
0.0155706
0.0648579
-0.0804283
1.05878
-0.629106
-0.429677
-0.416973
-1.07668
0.0385329
-0.00792287
0.232914
0.0169177
-0.249832
-0.0860437
0.0784836
-0.0317361
0.0129855
0.0236591
2.01861
-1.23127
-1.05888
1.23038
-0.171506
0.0793546
-0.0310522
-0.0483025
0.0011009
0.697462
0.837721
-1.53518
0.0131709
-0.0386886
0.0103617
-0.830587
0.953914
-0.0363163
-2.68994
3.25408
1.47115
0.335106
0.389345
0.134903
-0.524248
-0.443458
-0.56455
0.0595578
-0.0500413
-1.67721
1.665
-0.0655468
-0.0416223
0.0212405
0.0203819
-0.108975
0.119015
-0.810059
0.969935
-0.199311
0.0668635
0.132448
-0.0355616
0.0192262
0.201083
-0.00604059
0.0592049
0.041106
-0.0724385
-0.0125891
0.0186259
-0.0633194
0.0446935
0.75329
-0.554548
0.0802728
-0.0942379
0.0278709
1.23766
-0.0918644
0.107385
-0.0155202
1.08284
-0.714974
1.42495
-1.39708
0.113925
-1.1728
0.215958
1.20899
-0.00675613
-0.444562
-1.31957
-0.0380817
0.0383392
-0.000257455
0.0229929
-0.0229929
0.234705
-1.08829
-0.184583
0.408101
-0.223516
1.62953
-0.0294764
0.00023337
-0.728753
1.05997
-0.259532
2.68994
-2.43041
0.220321
-0.213412
0.0141013
-0.105473
0.131157
0.347503
-0.436625
-0.018907
0.0643286
-0.00239402
0.00319848
0.0597819
-0.0527754
2.30768
0.045035
-2.35272
-0.0908913
0.118967
-0.0280756
0.103469
-0.114583
-0.000101323
0.0312547
-0.0437091
0.0124644
0.0312447
-0.106165
0.0680806
0.0380841
0.831897
-0.0372075
0.00443888
1.618
-1.61692
2.43862
-0.746216
-0.016039
-1.68434
1.70038
-0.122654
0.126429
-1.94482
1.88977
-0.0284389
-0.320385
-0.0462749
0.0300838
0.312842
2.57118
-2.88403
0.0221355
-0.0767651
0.0764989
0.0072063
-0.0624225
-0.0354851
0.665027
0.565358
0.496786
-0.0534184
0.00867246
-0.116624
0.107525
0.0441319
-0.00716062
-0.0369713
-0.0383696
0.102671
-0.0643014
-1.4016
1.51553
-0.314062
0.206004
0.000215881
-0.0200401
-0.0470028
0.0670434
-0.310484
2.57311
0.860971
0.595427
-0.000913448
0.582577
-1.71551
-0.415176
0.810846
-0.395672
-0.0127451
0.0780774
-0.065332
-2.18044
2.49328
0.0456106
-0.045839
0.000228414
0.156148
-0.0730361
-0.0493081
0.122344
0.754884
-1.00321
-1.91964
0.33273
-0.0471382
0.0374001
-0.104485
0.123466
0.938342
0.120441
-1.10823
1.8057
-1.47139
-1.2868
1.45973
0.227706
-1.68744
-0.0343508
-1.70809
0.221293
-0.0403602
0.0199237
-0.50997
0.413534
-0.145181
0.4163
0.155562
-0.106675
-1.618
1.60197
1.16738
-0.0141012
-0.0279503
0.00602837
0.749107
2.06717
0.0262501
0.00358427
-0.029416
0.00359271
-1.03213
0.793658
0.238472
0.386048
-0.371422
2.84108
-0.00182134
-0.118197
0.105712
0.383146
0.157367
2.57118
-0.066035
0.762251
-0.486018
-0.276233
0.0242535
0.351659
0.0295499
-0.00508571
-0.0244641
-0.0140749
0.042303
-0.028228
0.338898
-0.414175
0.206155
-0.216473
0.0103176
0.0329997
-0.0421693
-0.00573516
0.03292
-0.00713611
-0.0690595
0.0117011
0.0198936
-0.0300244
0.00320906
-0.0334427
-1.58292
-0.00265451
-0.102861
0.102409
-2.59665
2.07977
0.516884
-0.0241273
0.020315
-0.0297108
-0.0156074
0.0222259
-0.0297695
0.00754359
-1.87876
1.892
0.0230108
0.0274228
-0.0296524
-1.91091
0.172688
0.143463
-0.15101
0.30117
-2.15343
1.85226
0.0862666
-0.0676407
0.0646487
0.0549002
-0.052237
-0.00266318
-1.46009
0.0143224
-0.106187
-0.0331023
0.0408297
-0.0077273
0.0800638
0.096951
-0.0442309
-0.0043357
0.0485666
-0.225479
-0.143973
0.369452
0.0513312
-0.0451564
-0.102228
0.117109
0.108672
0.653581
-0.0540928
0.00488252
0.0492102
-0.160839
0.825867
-2.60336
1.63141
0.971948
-0.00983674
0.0315682
-0.0217315
-1.32416
1.62533
0.519546
-1.11377
0.594221
0.0368202
0.0031031
-0.0399233
1.77817
0.0313804
-0.00183048
-0.179368
0.218239
0.0414932
-1.73795
0.381495
-0.250803
-1.70308
0.242995
0.0789889
0.0373071
-0.0223037
-0.0320513
0.0379569
-0.00590576
-0.397824
-1.85575
0.290616
0.0526352
-0.0506414
-0.00199373
0.002798
-0.0365431
0.033745
0.179067
-0.186956
-1.26306
-1.3336
0.0447685
-0.0314029
-0.0765512
0.0843985
-0.213417
-0.0362159
0.00079627
0.0354198
0.0813269
0.0754838
-0.0880399
-0.0314222
0.125032
-0.742059
0.00192845
-0.0247062
0.163318
-0.11008
-0.0532385
-0.0493943
-0.114411
-0.0449395
-0.0344443
-0.0232986
0.0269123
0.0127748
0.0257008
0.116614
-0.0027947
-1.37871
0.0125084
-0.113397
0.11899
0.557821
1.23208
0.0729809
-0.0888657
-0.227063
0.177754
0.0338627
-0.0282278
1.45542
-1.48119
1.06167
-0.0163502
-0.436733
0.0557712
0.380964
-2.84108
0.0983635
-0.105729
-0.500779
-0.000656304
0.501436
0.0343258
0.10551
-0.1181
0.0188533
0.294688
-1.62447
1.32979
-0.0170107
-0.234063
0.151316
0.00630845
-0.0193562
0.0617903
-0.0424341
0.0128297
0.00355367
-0.034211
0.116899
-0.572143
1.61418
0.0292016
-0.0336445
-0.000136388
0.0235146
-0.0233781
-0.0210461
0.11737
-0.0701779
-0.0409228
-0.0342448
0.018858
0.0153865
0.0218447
-0.0255619
0.00371728
0.0281916
-0.00145649
0.27527
-1.37082
-0.0144693
-0.0263849
-0.0267372
-0.0169719
-0.00477706
2.04815
-1.58074
1.59647
-0.0157267
-0.0201646
-0.182625
-0.0577315
0.0640736
-0.0225082
-0.0206307
-0.0311814
0.0518126
-0.00767875
-0.137983
-0.908422
2.16747
0.0897593
-0.012428
0.0253291
-1.61432
1.58898
-0.0407124
0.0345929
0.00611944
1.58074
0.067106
0.0226534
0.00955043
-0.0433726
-1.72156
-0.345879
0.00890798
-0.0280466
-0.00197782
0.701304
-0.00112375
-0.700179
-0.966822
2.1701
-0.147879
0.196233
1.78515
-0.380859
0.35849
-0.0305259
0.00463415
-0.0184486
0.0334598
0.0254306
-0.0137491
-0.0761171
0.0898661
-0.0285336
0.0296346
0.0623285
-0.0307816
-0.031547
0.0786403
-0.0806237
0.00198335
-0.0175946
-0.0272231
-0.0251175
0.368665
-0.421029
0.0527676
0.0957226
0.0776987
-0.187779
1.28963
1.04231
1.53077
-0.200926
0.242034
0.020993
0.022432
-0.0434249
-0.0355234
0.00477376
0.0231728
-0.016014
-0.021287
-0.0997131
0.121001
1.51064
0.560638
-0.133397
0.0246017
0.0110201
0.995722
0.0171909
-0.0197386
-0.0206215
-0.767664
-0.00557069
0.02861
-0.0345516
0.00594157
-0.0204979
0.0361798
-0.0489249
0.0917925
0.0535321
0.0231525
0.0336033
2.06637
0.0206802
-0.0651218
-0.170277
-0.0307855
-0.0216618
0.00182801
0.0148487
-2.15835
0.409465
1.74888
-1.37628
0.118356
1.25793
-0.171842
-0.626896
0.700468
-1.11564
-0.686377
-0.11982
0.1877
-0.167385
0.0683334
-0.0663385
-0.00199471
-1.77817
1.79767
0.528775
-2.32644
0.0174363
-1.4439
-0.326169
-0.036794
0.020513
0.0253563
-0.0264681
0.00111121
-0.188212
0.550701
-0.362489
-0.0170458
0.0463186
-0.0292731
1.62684
0.300685
-0.601931
-0.0166701
-6.64701e-06
0.0322596
-0.00364951
0.0943116
0.977196
-0.0339521
-0.000599464
0.166403
-0.181853
0.0435647
-0.0514906
0.00792596
-0.136998
0.294364
1.25811
-0.0757534
1.95583
0.0738946
-0.0799366
-0.0370246
0.148271
0.0194268
-0.0106082
0.026064
-0.0384128
-0.00465696
0.0189486
0.0178548
0.0263495
0.0103548
-0.00618966
-0.0310179
0.0791357
-0.0024723
0.368146
-0.948507
3.25408
1.58647
-1.66222
1.58647
-1.29848
-1.31771
-1.66222
1.59647
-1.34989
-1.4462
2.45732
-2.45732
2.46889
-0.011571
2.46889
-2.62557
2.62557
-1.12404
-1.06496
-1.07763
-1.29418
-1.36219
-1.11704
-2.20167
-2.65638
-0.0172035
0.0361816
-0.0189781
0.0146138
-0.123062
-0.00639849
1.56656
-1.56016
-0.445712
-2.07973
0.0142892
1.25052
-0.613571
2.41124
-1.87607
-0.63459
2.51066
0.903995
-0.528754
1.28364
-2.06746
0.047247
-0.0369389
0.0269703
0.0308511
-0.0578209
-0.0641379
0.635466
-0.848011
0.895662
-0.0476499
-0.0975323
0.0381115
0.0232954
0.0116951
0.0202135
-0.0202135
-0.428626
-1.81126
-1.19435
3.00561
-1.03698
-1.77447
0.596451
-2.40771
0.0144511
2.03631
0.288857
1.85571
-2.14456
0.00309308
0.421598
-0.426463
-1.80034
-0.496817
2.29715
-0.0468778
-2.5606
2.11488
0.607265
1.35857
-1.36497
-0.00599287
0.400191
-0.403527
-0.016172
0.0161719
-1.96415
-0.0254496
-0.476734
-0.0759992
0.146145
-0.371625
-0.047897
-0.0211625
0.913195
0.942444
0.0129781
1.9333
-2.4401
0.506792
0.174873
-0.0193105
-2.48964
2.02981
-2.6644
-1.84057
-2.48299
0.518839
0.059685
1.79771
-2.15481
0.357097
-1.47537
-2.32441
1.72606
-0.468703
-0.948401
-1.72289
2.6713
0.0263976
0.0131879
0.0119136
0.0524148
0.406434
0.0134035
-2.26904
2.59542
0.0102062
-0.0182074
-0.0256726
0.0438799
-1.39275
-0.472886
2.27606
-1.80318
2.21254
-1.37482
-0.457735
-1.81131
-0.391333
2.18904
-0.549686
0.277086
0.519615
-0.796701
0.539484
1.97118
-0.0193297
0.0268656
-0.0075359
0.141168
-0.131772
-0.00939431
0.0373829
0.0172498
1.90061
0.510627
0.0285075
-0.231667
-0.0295532
7.67855e-05
1.83075
-2.30363
0.0248053
-0.726803
0.096558
-0.0728242
-0.0237338
0.156761
1.81833
0.865864
0.759468
2.34137
-0.184928
0.175662
-1.35043
1.08806
0.262372
-0.058218
0.513531
-1.88205
-0.52566
-0.377735
-1.76683
-1.77486
0.371235
0.12017
0.0193229
-2.40613
0.326397
2.60286
1.70395
-1.09624
-0.60771
-0.0176313
-2.43174
-2.22494
0.450076
-0.460561
1.81439
-2.31121
-0.307129
1.82201
-1.51488
2.17007
-0.421184
0.00887454
-0.0260781
0.0328424
-0.224313
0.191472
2.13486
0.021198
-0.021198
-0.0821985
-0.0892635
0.013604
0.00361448
-0.345597
0.223293
0.122304
-0.0186142
-0.0179289
0.0212668
0.0261594
-0.0474261
-0.187954
0.0105236
-2.38793
-2.17056
-0.155885
-1.72662
-0.498316
0.0090166
0.0962114
-0.0318737
-0.0643378
-0.467985
2.28237
-0.0337156
-0.481553
1.57795
-1.0964
-1.63796
1.63796
-0.0248393
0.044733
-0.0258097
-0.00360631
0.340044
0.0680574
-1.1381
-0.525039
1.66314
2.1478
-0.442239
-1.70557
1.72918
0.547256
1.73351
-2.15555
-2.19451
0.414121
-0.000586936
-0.492882
-1.01952
-1.74444
-1.46073
1.46073
-1.20227
-1.74287
-1.704
2.17716
-0.473157
-0.313791
-0.0263987
-1.84849
2.35528
-0.170126
-0.143664
0.0355626
-1.5514
0.0700195
0.0265385
1.48511
-0.965566
0.425627
0.00822462
0.0564241
0.0135422
0.446145
-2.22443
1.77828
-0.927425
1.8873
0.069099
-0.00380343
0.0796797
-0.205827
-0.0492392
-0.268495
0.149454
-0.836683
-0.0837788
-1.31782
0.00927185
0.0294053
0.141473
0.0462269
1.32493
0.235277
0.0029622
0.0343722
-0.0301452
0.0512334
-1.00356
1.30796
1.63347
0.188547
-0.400682
2.13419
0.197004
-1.6782
0.584148
1.48223
0.00850257
-0.237787
0.257013
-0.208476
-0.0282399
0.236716
0.440014
1.99056
0.0199147
0.0790065
-0.0989208
1.53532
-0.297668
-0.0385223
0.0277229
-0.00147281
0.00980445
-0.20542
0.227992
0.0693189
-2.66888
0.037532
0.00329763
0.392651
-0.0358017
0.843228
0.337677
1.48968
1.21021
0.00303933
0.0189502
0.0251818
-0.0505768
-2.1845
0.023006
-0.214456
-0.0573441
0.0475074
-1.63292
0.0406308
-0.221014
0.182785
-0.0477512
-0.0326769
-0.0251295
0.0342045
-0.00907494
-2.3585
-2.3693
0.646405
0.0052682
0.0810479
0.154904
-0.235952
0.00840116
-0.0305242
0.0221232
-0.0325234
-0.00150184
-0.0502729
-0.0320444
0.00061003
0.076789
-0.553524
2.60286
0.0320394
0.0257318
0.0104498
0.0564333
1.26056
-1.317
0.0626328
2.59852
0.0428514
-0.0311503
0.0278854
0.508538
0.134557
-0.152269
-0.417081
0.00285143
0.0804024
-2.07516
0.242877
-1.56244
-0.0286388
-0.00222337
0.0308622
-2.43041
0.223734
-1.59984
-0.279751
1.48296
-1.20321
-0.269608
0.20477
-0.315172
1.30161
-0.986442
2.30042
0.0178365
0.0512625
-0.672379
0.000180561
0.0322912
-0.0043292
0.28598
0.0272674
-0.029821
0.00255364
1.51169
0.394849
-1.31725
1.53855
-1.96795
-0.18273
0.16168
-0.0210168
-0.140663
-0.0401796
-0.018097
-0.0136946
-1.55098
-0.524184
-1.37601
0.198893
1.17712
-1.07505
0.067455
0.0345964
0.0162083
-2.31238
1.40395
0.241003
0.791725
1.11811
-0.0671464
0.0859997
0.125736
1.97255
-1.26039
-0.712154
-0.0428804
0.0274697
-0.0314442
0.856953
-1.2456
1.08172
0.258186
-0.179989
0.0231297
-0.0721665
-1.95166
0.00653324
-0.0267364
-1.63011
0.389475
1.24063
-1.31722
-0.297497
0.164941
-2.44249
2.27755
-0.0332869
0.00654962
-0.586322
-2.29238
-0.000117357
1.60589
-1.33603
-0.269856
0.0366505
-0.00461088
0.067543
-0.0298553
-2.25477
0.569455
-0.0634874
0.0145853
-0.133309
0.125796
0.0753006
0.190075
-0.3727
-0.278683
-0.669824
1.43843
-0.880611
1.30316
0.326365
-0.0455103
-0.913195
-0.997715
-0.0312253
0.0501739
-0.876273
0.0632684
1.19729
-0.858219
-0.186777
0.218098
0.00371162
-0.0232527
-4.59642e-05
-0.630846
0.747746
0.293723
0.60194
-0.0365254
-0.0194811
-0.0212313
-0.521404
1.90965
0.0660948
-1.50552
0.0426729
0.0122273
0.505409
-1.88023
-1.35716
-1.92228
0.372707
0.0514711
0.007903
-1.8581
0.0682621
-0.0990437
1.29473
0.216085
-1.51081
-0.275445
0.131472
-0.117302
-0.0620661
0.0158323
1.6637
-2.23133
0.439851
-0.645795
0.698866
1.35026
-0.0889322
-0.0983953
0.0348563
-0.0372503
0.0700034
0.0248074
1.21818
-0.00582362
0.033091
0.326949
1.20039
-0.00134953
-0.000218302
0.000889706
1.2808
1.27345
0.0588872
-0.0239639
0.0874696
1.39345
0.377856
-0.0392855
-0.139451
-1.9226
-0.011459
0.757937
-1.47009
0.618449
0.819984
0.592822
-0.0552117
-0.53761
-0.623684
0.082254
0.233132
-0.0710213
0.404183
-0.44197
2.03486
0.536686
-1.72156
0.856227
-0.0267985
0.00818433
0.00674557
-0.11291
0.291682
0.148332
-0.0271981
-0.0108836
-0.0236264
-0.0044202
0.0541302
-0.0717248
0.0406184
0.0486837
-0.634072
0.00322734
-1.52461
1.24486
0.0310919
1.56759
1.73629
-1.56167
1.80467
0.0339766
-0.498857
-1.02576
-1.47429
-0.448313
-1.42194
-0.540394
-2.30664
-0.827227
-2.30664
-1.42194
0.323009
0.960888
-0.722416
1.43442
-0.140769
-2.21195
-0.0410219
0.00442516
-1.85994
-0.00846211
0.0649176
-0.0209212
0.0321105
-0.00637871
-1.11781
0.303615
0.814192
0.424272
0.146926
-1.65455
2.15996
-0.905579
-0.543893
-0.0629065
0.0347665
-1.68729
1.23435
-0.63777
0.272782
2.29238
0.457674
-1.70843
1.25076
-0.337242
0.686981
0.365945
-0.349027
-0.0417646
-0.0123282
-1.66024
1.37204
1.59234
0.0662299
-0.015609
-0.660471
-1.75126
1.07888
-0.0271097
0.375117
-0.0223082
-0.00094477
-1.42256
0.481534
-1.57777
1.08423
-0.181245
0.2493
-0.0680544
-0.0647617
0.0396891
0.0914355
-0.131125
-0.0206792
-0.4801
-0.210729
0.243573
-0.0182694
0.0182693
0.200282
-1.45044
1.13527
-0.0621785
-0.107947
0.0182831
-0.0182831
-0.00840091
0.063925
-0.0555242
0.0751042
0.150345
-0.225448
0.00424784
0.0146767
-0.0146768
-0.0156012
0.0156012
1.79998
-2.14586
-0.0380639
0.000423151
-0.00374324
-0.777851
-0.035737
-0.00528469
-0.0170788
0.0170788
0.0222083
-0.0222081
0.0740881
-0.0181327
0.0181327
-0.272329
0.136226
0.136103
-0.00510263
0.0233529
-0.0233529
-0.0247061
0.0227596
-0.0294548
0.00669513
0.0187925
-0.0187923
-0.0282997
-0.000216675
0.397747
-0.106066
-0.0179788
0.0179791
0.017832
-0.017832
1.11073
-0.0143966
0.0143965
-1.26858
0.0200425
-0.0200423
1.46082
-0.0394377
-0.00571859
-0.0156116
0.0156118
-0.0168018
0.0168019
-1.27077
-0.0137914
0.0137915
-0.0181965
-0.407826
-0.146721
-0.0105881
0.0524491
-0.041861
-0.1196
-0.0187236
0.0187236
0.0191454
-0.0191453
-1.71083
2.1351
-0.0218526
0.0218526
-0.0349389
0.0408805
0.0204578
-0.0204577
0.0485461
0.0479636
-0.0965099
-0.0418039
-0.0208384
-0.0668919
0.0168507
0.0711999
-0.0714166
0.0220866
-0.0220866
-0.769151
-0.319137
-0.0188391
0.0188391
-0.0217034
0.0217034
0.0186057
-0.0186057
-0.0180612
0.0180613
-0.0159266
0.0159266
-0.0206325
0.0206325
0.0201136
-0.0201135
-0.0179093
0.0179096
-0.021841
0.0218412
0.0214952
-0.0214951
-0.167199
0.0203758
-0.0203757
-0.018159
0.0181591
0.0175143
-0.0175141
-0.0204064
0.0204067
0.0183693
-0.0183693
0.0258806
-0.0258804
-0.0269293
0.398165
0.019287
-0.0192869
-0.0283644
-0.0212636
0.0212637
0.1466
-0.296685
0.020811
-0.020811
0.0217741
-0.0217738
-0.0206334
0.0206339
0.0225968
-0.0225964
-0.474702
-0.0254173
0.0254176
0.0162768
-0.0162771
0.0950943
0.0159108
-0.111005
-0.0159178
0.0159177
0.0212598
-0.0212599
-0.0223256
0.0223254
0.0183491
-0.018349
1.80548
-0.564844
0.0219462
0.0185289
-0.0185289
-0.0295075
-0.0384688
0.0679763
0.0586973
0.0273025
-0.0371054
0.0295683
-1.46269
0.366292
0.0190716
-0.0190715
0.0342813
-1.57939
0.0524916
-0.0805672
-0.0165617
0.0165616
0.017208
-0.017208
0.0191144
-0.0191143
-1.56827
0.042575
-0.0160853
0.0160852
0.00744861
0.13539
-1.65027
0.0219022
-0.021902
-1.2419
0.0765886
0.361958
0.00474301
-0.0769094
-0.285575
0.176373
0.122123
-0.015059
-0.0148591
0.014859
1.19096
-0.0149712
0.547577
0.00270639
-0.0213953
0.0213952
0.0201105
-0.0201105
0.0183113
1.91495
0.11177
-0.0166759
0.0221815
-0.0221815
0.245914
0.101951
0.0119796
-0.0119796
-0.0655341
0.0127588
-0.574661
0.509309
1.53957
-1.17927
0.0642021
-0.029074
0.029074
-0.0114208
0.0238852
-0.0151138
0.0151138
0.396982
-0.44386
-0.0165742
0.0165744
-1.36892
0.165707
0.0215625
-0.0215628
0.0158531
-0.0158529
0.119219
-1.43532
-0.025631
0.0256311
0.0197835
-0.0197835
0.0217558
0.0744555
-0.137093
-1.33842
1.47552
-1.75919
0.315122
0.986492
0.0187162
0.021421
-0.021421
0.487412
0.0820749
0.222651
-0.0464152
0.0546177
-0.00820245
-0.111826
-0.0694184
-0.0329745
-0.22969
1.41353
0.125155
-0.0205285
0.0205286
-0.0186981
0.0186981
0.0207774
-0.0207775
-0.00304808
0.0372963
0.0794474
0.0305392
0.241182
0.019594
-0.019594
1.25833
0.280222
-0.0242903
0.0242902
-0.0209006
0.0209006
-0.0293136
0.0293137
0.0167
-0.0167
0.0226983
-0.0226983
-0.656628
0.765301
0.022337
-0.022337
0.0334175
-0.00378293
-0.413495
0.0228568
-0.0228568
0.0538765
-0.0321207
0.0198699
-0.0416255
-1.25114
-0.0143693
0.0143688
-0.584342
0.110002
0.474341
-0.0218533
0.0218533
0.0224295
-0.0224295
-0.0124428
0.0124429
-0.729681
0.0174605
-0.0174605
0.250558
1.49739
-1.74795
-0.0209208
0.0209208
-0.00479261
0.0379475
-0.687737
1.03221
-0.344469
-0.0286271
0.145241
0.0202855
-0.0202855
-0.0417964
0.00161686
-0.0807809
0.0172936
1.73982
-2.26548
-0.0125554
0.0125556
-0.0208631
-0.00287938
-0.0168013
0.0168012
0.102138
0.0624035
-0.561357
0.416176
0.130621
0.00816162
0.0293704
-0.0312961
-0.0278409
-0.264322
0.339427
0.014126
0.0242132
0.0168087
-0.0168088
0.0354582
-0.0384457
0.00298748
0.0137412
-0.0137412
0.0261486
0.430866
-0.172368
-0.0543002
-0.0852032
-0.00274322
-0.0398544
-0.927273
0.944464
0.440919
-0.385146
-0.0181482
-0.0395916
-0.0332036
-1.37841
0.0330987
0.36669
-1.13584
0.319449
1.04402
-0.988961
-0.104935
1.01347
-0.908536
0.0924807
-0.0552601
-0.01548
0.0154793
-0.828443
0.514865
-0.0220292
-0.0882597
-0.0197946
2.30475
-0.0329859
0.01809
-0.01809
0.101658
-0.835866
0.716047
-0.0374742
0.521078
-1.01994
-0.0123078
0.0128971
0.0104803
-0.802684
0.0133404
-0.0133405
-0.0665099
-0.248429
0.0378411
1.54529
0.0775639
0.311677
0.874044
-1.18572
0.515867
-0.782926
0.252313
0.59225
0.153162
0.0419346
0.000738361
-1.48668
1.34959
0.129694
-0.971097
0.841406
-0.201239
-0.652457
-0.0145346
-0.0707492
-0.918212
-0.0368861
-0.0205354
0.0205354
-0.0292584
0.0816733
-0.367812
1.44669
-1.41374
-0.0119851
0.0119851
-0.0553775
-0.137751
0.227464
0.00606449
0.024333
0.0398002
1.05734
-1.15395
-1.09845
0.371646
0.0138758
-0.0138758
0.0023106
-0.0422262
-0.62723
0.930845
0.015504
-0.015504
-0.706172
-0.0677752
0.0379199
0.0651911
-0.0160642
-0.281684
0.162084
-0.704801
0.708029
-0.016991
-0.0742568
-0.0907409
-0.00377845
-0.00412249
-0.0327636
1.42708
0.0445682
-0.0144194
0.0144193
0.0156385
0.00457511
-0.00204253
0.0491049
-0.0470623
0.163825
-0.0105934
-0.153232
-0.171624
0.0394629
-0.37738
0.315202
0.0154213
-0.0154213
-1.59082
0.322238
-0.112396
-0.0013553
-0.018396
-1.45733
-0.122112
0.164625
-1.36273
0.189929
0.0034117
0.0417278
-0.0656917
0.0571524
-1.19739
0.0117637
1.22453
-0.0146001
0.32291
-1.97746
0.0705593
0.104314
0.0149965
-0.0149965
-1.13447
1.65135
0.0674221
-0.003845
0.0284467
0.753351
-0.000632183
0.0255002
0.00222278
0.0470094
-0.217286
0.0578409
-0.0635595
-0.0792808
-0.0209364
0.0209363
0.220257
-0.124478
-0.0435965
-1.41112
1.73336
-0.0366582
0.0320474
-0.0604021
0.0748534
-1.43435
-1.17642
0.156906
1.03563
0.90329
-0.906507
0.00321725
-0.156244
-0.025289
0.889912
-1.45476
0.0148786
0.0766602
0.0555362
0.00864444
-0.0641804
-0.141552
0.0548936
-0.075815
1.55133
0.254363
0.0200931
-0.020093
-0.282779
-0.135221
-0.0671436
0.0792105
0.0156385
-1.4725
-0.00138519
0.904675
1.3557
1.79659
0.0822899
-0.0676759
0.123275
-0.114772
-0.0507644
-0.0124122
0.063177
1.01637
0.962757
-0.0866877
0.00404023
0.0826474
1.11996
-0.0694773
0.060693
-0.0477148
-0.123084
0.128352
0.119603
-0.023881
0.0284019
-0.0291931
0.00079119
0.93419
-0.0482843
0.0631182
0.0158323
-0.0663735
0.0221784
-0.00138896
0.0270896
-0.104865
0.0330938
-0.793756
0.68136
0.0647386
-1.15475
0.527519
-1.07817
-0.0253923
-0.00333552
-0.0463151
-0.0522338
-1.14948
0.134432
-0.0116745
0.382929
-0.433505
-0.367263
0.114364
0.0129282
-0.0219474
0.236466
-0.0561965
0.026938
0.0683768
-0.051526
-0.0103607
0.0325867
0.0467479
-0.03356
0.0673764
0.026856
-0.00122607
-0.0256299
0.0290292
0.0043885
-0.119882
0.120771
-0.62624
0.728192
0.0365276
0.0218168
-0.0218168
0.0139146
-0.0139146
0.433509
-0.323506
-0.0218371
-0.00443927
0.0262764
-0.0122433
0.0202952
-0.0150627
-0.0307763
-0.222293
-0.0146001
-0.0154381
0.0154381
-0.0252633
0.0252634
-0.12025
0.120431
0.0951638
-0.053429
-0.388541
0.0206464
0.0187759
0.0527256
-0.0508976
0.0817888
-0.0257209
0.0257209
-0.0141008
-0.0609309
-0.0162601
0.0162602
0.0221784
-1.74422
0.0203505
-0.0203505
0.0278854
1.81848
0.0181071
-0.0181072
0.0163146
-0.0163146
0.391249
-0.436759
-0.0164526
0.0164526
0.0163821
-0.016382
-0.017606
0.017606
-0.0831609
-0.0332244
-0.182681
0.0165681
-0.0165681
-0.200827
-0.176552
-0.032593
0.0682951
-0.284428
0.00491245
-0.0173901
0.0173901
-0.116578
0.0144852
-0.0144852
0.0223263
-0.0223263
0.0116392
-0.0749516
-0.0147716
0.0147716
-1.1215
1.36268
-1.30679
0.00342081
0.0220344
-0.0220343
0.416632
-0.0599031
0.0322944
0.0244725
-0.024438
0.0198401
-0.5363
-0.0247703
0.0247703
0.022002
-0.0191487
0.0191487
0.000753279
0.00437637
0.0272535
0.0265057
-0.43839
0.411885
-0.0782925
0.0925805
-0.0142881
0.000110243
-0.0158448
0.0158448
-0.324366
0.392425
-0.0395197
-0.0339027
0.320318
0.0861164
-0.0449683
-0.0353223
-0.0169147
-0.024576
0.024576
-1.31525
-1.55759
-0.00413839
0.075889
0.0092924
-0.632977
0.000883306
0.0154354
0.00375058
0.0270608
-0.00354609
-0.000633238
0.0591878
-0.596797
0.0023437
-0.0740943
0.00173427
0.000662435
0.00511341
-0.000208096
-0.107834
-0.00242446
-1.8656
0.000328946
0.000697507
0.684731
-0.000970631
-0.0150608
0.000279131
0.0255945
-0.0255945
0.0850928
-0.111865
0.00349224
-0.0150651
-0.0219061
-0.0135882
0.0135881
0.00532297
0.000358794
-0.0433277
-0.224673
-0.633545
0.962118
0.000215583
0.0435157
-0.0181964
-0.035545
-0.174322
1.27241
0.0457919
0.000284464
0.0178377
0.0918218
-0.000167636
-0.0275021
0.000308048
0.533529
0.0204739
0.0042142
-0.0357673
-0.025623
0.025623
0.0387915
-2.5701
-0.0115421
0.0115421
0.000135215
0.284516
0.000128521
0.0102761
-0.0102762
1.6689
-1.38867
0.267347
-0.0453514
-0.112847
-0.0743366
-0.662589
0.00433986
-0.00358551
0.0251978
0.0183177
0.092003
0.106739
0.0656866
-0.0468288
0.0389461
-0.389193
-0.491511
-0.11819
-0.0952223
-0.802975
2.72173e-05
0.0187367
-0.0187367
-0.0143854
0.0101622
-1.14796
0.0600977
-0.101021
0.0127937
-0.0415944
-0.035193
1.66001
0.475083
-0.0254496
-0.0221555
0.0408376
0.000516785
-0.0857956
-0.0132558
0.0132559
-0.0333131
-0.0534778
-0.00112452
-0.0158765
0.0158765
0.0261102
-0.000785055
-0.0358733
0.194454
0.875998
-0.858717
0.0386106
-0.078202
1.13374
-0.161247
0.119444
0.245084
-0.367196
0.0229755
-0.0229755
-0.0139105
0.0139104
-0.00111718
-0.000189478
-0.0279968
0.0279968
-0.12496
-0.0339105
0.0207017
-0.0207017
0.000239681
0.0016494
0.290487
-0.00264999
0.00789303
0.0001585
0.318929
-1.60535
0.00371932
-0.0539935
-0.0218543
0.0218543
-0.000519776
0.00243696
9.24734e-05
0.509004
0.0131829
0.02141
-0.0272208
0.0272208
0.0239718
-0.0239718
1.32761
-0.000576179
-0.0418947
0.0593311
-0.00476174
0.55391
-0.612128
-0.0274562
0.0320883
0.000615179
0.425519
0.032826
-0.0703001
-0.924885
-0.000604706
-0.029001
-0.130368
0.0326879
0.00159338
0.221607
0.00132686
-0.347221
0.316216
0.0569021
0.00346267
-0.0319679
0.00981236
0.965991
-0.0144158
0.0144158
-1.03868
-0.0499243
0.301818
-0.0672734
-0.000106751
-0.590792
0.474215
0.468808
-0.0940272
-0.0672202
-0.0131954
0.0131954
1.58321
0.0141732
0.0190734
0.00917413
0.0251622
-0.0248034
0.0136253
-0.0136254
0.0955578
-0.110617
0.0279474
-0.0330236
0.0330236
0.125612
-0.122573
-0.00169069
-0.0298231
0.0315138
-0.0214577
0.0214577
-0.345858
0.313335
0.550043
0.00837251
-0.558416
-0.337234
-0.21629
0.0367641
-0.0360642
0.0503535
0.0688593
-0.364335
-0.380916
-0.0301922
0.0304716
-0.0296436
0.0299517
-0.104471
0.107322
-0.0196705
0.0196705
0.74799
-0.843099
-0.111387
0.130813
-0.00557191
0.0366947
0.936197
0.0809059
-0.0623114
-0.00870983
0.0148096
-0.0148094
0.0106647
-0.0106648
-0.211077
0.283567
-0.00556611
-0.0516005
-0.0208561
-0.0381848
0.048391
-0.0731707
0.0150716
-0.0150715
0.310798
0.0213402
0.0172652
-0.0172652
0.0264639
-0.0264639
-0.0158679
0.0158679
-0.0576537
-0.0409112
0.0526065
-0.16985
-0.0294009
-0.0109623
-0.0232485
0.0283785
0.00582596
0.00535616
-0.0460068
0.0638617
0.030923
-1.78604
0.541242
0.140119
0.0012812
-0.0181458
0.0181458
0.0515761
0.0267598
-0.0288023
0.0141934
-0.0450023
-0.0337418
0.00623977
0.0140368
-0.0140368
0.0277495
-0.0277495
0.0168561
-0.0168561
-0.035347
0.0112649
0.387823
0.0030612
-0.0122436
0.0122437
-0.0332659
-1.33898
0.025108
0.0174191
-0.0174191
0.0300425
-0.029884
0.817388
0.0156367
0.104831
-0.10112
0.1067
-0.0931582
-0.539818
-0.195437
0.26176
-0.0663232
0.029625
-0.0295325
-0.0616768
-0.0289238
0.0906006
-0.0298523
-0.0121797
0.0121797
-0.381658
0.0336917
-0.749485
0.678736
-0.0848473
0.181514
-1.33546
-0.28108
0.471765
0.0411459
0.00795897
-0.0285779
0.086031
-0.0335819
-0.102258
0.112063
0.0275128
0.0425375
0.0274371
0.14357
-0.0324863
0.0160714
-0.0160716
0.652002
0.231807
-0.954223
-0.19707
0.144836
0.0217587
-0.0217587
-0.0181479
-0.0229731
0.0329662
-0.0322583
0.0322583
-0.0318402
0.000543999
0.161259
-0.262545
0.101287
-0.13251
0.132292
0.0262355
-0.0262354
0.0210344
-0.0912815
0.101443
-0.33287
0.860389
-0.00922796
0.017105
0.0128971
-0.0443861
-0.106845
0.131087
0.0857463
-0.00134107
-0.0240513
-0.0364406
0.0344002
-0.0350271
0.000627054
-0.00374081
-0.0146553
0.0144351
-0.0390328
0.0245977
0.00246343
-0.00828136
-0.0104996
-0.0669499
0.0305093
-0.0259491
-1.0189
0.019544
-0.0195441
-0.25627
0.0890705
0.709869
0.41009
0.0190734
0.0170283
-0.0170283
-0.0476156
0.0154663
-0.0154663
0.186893
-0.29974
0.0241127
0.00963231
-1.19236
0.189249
-0.166809
-0.0224404
0.00360755
-0.0339857
0.0247578
-0.035538
-0.0155276
0.0155276
-0.0424774
-0.00535321
0.309197
-0.0204373
0.27745
0.779892
0.134354
-0.135704
-0.00100195
0.00675709
-0.152423
-0.361013
0.0129423
-0.0129423
0.0762118
-0.0795904
-0.0637328
-0.98265
-0.00895601
0.000869084
-0.847321
-0.118628
0.0068025
-1.57545
-0.0703672
0.00458906
-0.219778
-0.0553906
0.275169
-0.0166701
0.105335
0.00489176
-0.0238888
0.00871024
0.0299693
-0.0291781
-1.08236
-0.0188593
0.0188593
0.0806395
-0.859081
-0.0150504
-0.226843
0.025515
0.00528925
-0.0308043
0.761499
0.0305873
-0.0113449
-0.133545
-0.0164538
0.0913168
0.0535144
-0.00595865
-0.26513
0.0527408
-0.0445791
-0.0225312
0.0281541
-0.00562292
-0.0399877
-0.00943724
-0.0142023
0.0142023
-0.00534522
0.0454773
0.0513572
0.0346738
0.00630307
0.0252107
-0.0132159
0.0132159
-0.0178347
0.0178347
-0.0140759
-0.101087
0.033253
0.0678335
-0.0519588
0.037681
-0.00328082
-0.00805128
0.136872
-0.0185777
-0.00738417
0.0357627
-0.0912816
0.0634097
-0.0348631
0.0492982
0.605708
0.0433919
0.238523
-0.0337522
-0.331032
-0.369146
-0.195408
0.153814
0.0605733
0.019736
0.00871054
0.00432397
-0.022784
0.0683129
0.578779
-0.00461527
0.027752
0.000240998
-0.027993
-0.0105103
-0.00685975
0.0167971
-0.0167971
0.133658
-0.0560255
0.0268464
-0.00912651
0.0091265
-0.0349937
0.0495789
-0.100949
0.245971
-0.145021
0.420792
1.03501
-0.78311
-0.332532
5.44965e-05
-0.0389379
-0.0259177
0.000115475
0.0230677
-0.0237009
-0.0018968
-0.0602358
0.0521233
0.366985
-0.0126234
0.234663
-0.2551
0.486685
0.0268462
0.0313406
-0.0950737
-0.0621105
0.00240848
0.0635845
-0.00451902
-0.0578148
0.00141651
0.00562172
0.0101918
-0.279128
0.0285091
-0.00709908
0.00991479
0.0168711
-0.0168711
0.0192715
-0.0316928
0.00475837
0.0224953
0.0201731
0.00597788
0.03258
0.0537236
0.103885
0.0307142
-0.232915
0.0253934
-0.0596158
-0.0427597
-0.0740907
0.00339491
0.930643
-0.0582109
0.0224438
0.0346897
0.00299141
-0.0271638
0.0274838
-0.0102724
0.674351
-0.0776244
0.0626531
-0.00350978
0.040605
0.0121358
-0.0556198
0.113786
-0.0210238
-0.00334905
-0.0194351
0.0234039
-0.0236119
0.00328146
-0.0859611
0.0257671
-0.0256383
-0.0302835
0.0308003
0.0287192
-0.00685995
-0.0199771
-0.024833
0.0250486
0.0790997
-0.0829031
-0.0329392
0.024333
-0.0291622
-0.00101751
-0.0615898
-0.598111
-0.0969573
-0.0371948
-0.0200205
-0.00478306
-0.0613509
0.0188735
0.0243127
-0.0248324
-0.00595266
0.188374
0.0269845
-0.0281017
0.0251926
-0.0257688
0.0255181
0.00147355
0.117114
-0.126551
0.0516672
-0.356547
-0.0184136
-0.00557131
-0.0032701
0.0619889
-0.00704542
0.014409
-0.0223511
-0.00165325
0.0895967
-0.0215961
0.0214066
0.0239723
0.0577013
0.00523539
0.0148487
-0.00584102
0.000236937
-0.0270354
0.07437
-0.0381523
0.00737611
-0.027982
-0.141353
-0.0271843
-0.0235492
-0.00218382
0.0504965
-0.0253409
-0.0295595
-0.00265384
0.544672
-0.0298331
-0.0323762
-0.0455903
-0.0788877
-0.00296078
-0.0316646
-0.242233
-0.00927797
0.0198016
-0.0241185
0.0187733
-0.0701867
0.00873246
-0.12235
0.0932284
0.00363652
0.0974544
-0.0820675
0.185008
-0.027968
0.0235478
-0.00853315
0.00334783
0.038234
-0.107551
0.00274702
0.0265983
0.0251014
-0.00632814
0.0459772
0.0386781
0.0656163
-0.0143054
-0.0214462
0.0331513
1.48087
0.00365517
0.438731
-0.0329941
-0.13012
-0.0770114
-0.0167041
-0.0386373
-0.000157244
0.117525
-0.0724188
0.0246045
0.0186005
)
;

boundaryField
{
    frontAndBack
    {
        type            empty;
        value           nonuniform List<scalar> 0();
    }
    upperAndLower
    {
        type            symmetry;
        value           uniform 0;
    }
    outlet
    {
        type            calculated;
        value           nonuniform List<scalar> 10(2.61619 2.79608 2.189 2.37182 2.47924 2.94514 1.96233 3.13387 2.69989 2.55426);
    }
    inlet
    {
        type            calculated;
        value           nonuniform List<scalar> 10(-2.57539 -2.5743 -2.57581 -2.57643 -2.57308 -2.57382 -2.57469 -2.57502 -2.57154 -2.57779);
    }
    airfoil
    {
        type            calculated;
        value           uniform 0;
    }
}


// ************************************************************************* //
