/*--------------------------------*- C++ -*----------------------------------*\
  =========                 |
  \\      /  F ield         | OpenFOAM: The Open Source CFD Toolbox
   \\    /   O peration     | Website:  https://openfoam.org
    \\  /    A nd           | Version:  10
     \\/     M anipulation  |
\*---------------------------------------------------------------------------*/
FoamFile
{
    format      ascii;
    class       volVectorField;
    location    "100";
    object      U;
}
// * * * * * * * * * * * * * * * * * * * * * * * * * * * * * * * * * * * * * //

dimensions      [0 1 -1 0 0 0 0];

internalField   nonuniform List<vector> 
3042
(
(29.0721 -0.96791 -6.69535e-18)
(24.6842 0.466186 -9.74396e-18)
(24.5309 4.68425 1.50058e-18)
(28.1577 1.80387 3.56674e-18)
(25.0204 -1.51539 0)
(27.0637 0.697792 0)
(28.512 0.0825273 0)
(28.2558 -0.889944 0)
(26.6514 3.68348 1.43084e-20)
(30.6156 4.13827 -2.1141e-18)
(21.8482 -1.92163 -9.76627e-18)
(27.2668 0.568727 7.44918e-17)
(24.233 0.911251 2.38772e-17)
(25.0243 0.0519312 7.7566e-18)
(24.9946 0.618396 0)
(22.6043 3.33912 1.12065e-18)
(26.8319 1.06062 3.61492e-18)
(29.8834 -0.599047 0)
(25.4948 2.29964 0)
(27.6105 0.5091 7.52915e-17)
(28.0669 -0.913748 5.65315e-18)
(23.7883 0.392903 0)
(25.1386 0.772306 9.27583e-18)
(25.082 -4.57075 2.09373e-18)
(27.8734 2.37261 0)
(25.731 2.66505 8.88928e-17)
(22.8502 3.53359 0)
(26.1163 3.75571 0)
(26.5712 5.74219 -3.81145e-18)
(24.9035 2.35096 -5.37512e-18)
(30.2854 -3.12201 0)
(22.8709 2.8508 -5.31472e-18)
(27.3622 1.7788 -6.07545e-18)
(27.1413 -2.018 -7.92225e-18)
(27.5573 1.73899 0)
(26.3708 0.229555 1.71457e-17)
(27.5137 1.81382 -2.30883e-18)
(29.1675 -1.08349 -1.47469e-18)
(27.4873 3.44135 0)
(29.2933 1.24565 -2.36769e-18)
(28.863 -1.88319 -4.6641e-18)
(29.3558 -0.911708 -6.35141e-18)
(23.3822 -3.30411 6.00333e-18)
(25.1008 0.137598 2.46378e-17)
(28.8958 -1.57496 -2.38589e-17)
(26.4066 1.27248 6.67217e-19)
(28.1649 5.4144 0)
(25.605 2.4976 -1.3001e-16)
(24.7435 -3.53282 -6.39587e-18)
(25.7272 2.81336 1.2338e-16)
(28.122 1.87356 -3.36209e-18)
(11.7273 -1.43354 -2.23028e-18)
(29.0418 0.0329873 1.92594e-18)
(23.8332 -3.12258 -7.12899e-18)
(27.9821 0.785095 -2.70429e-16)
(25.4909 0.92736 0)
(28.0984 0.0985309 3.66532e-18)
(23.0417 0.0285056 0)
(24.0741 0.950617 0)
(23.0301 0.132078 1.65173e-17)
(24.0352 3.38918 0)
(25.5938 -1.41206 -2.36557e-18)
(29.3699 -0.388286 0)
(29.9521 0.0808236 2.61184e-17)
(26.4469 1.41377 1.34258e-16)
(29.023 0.29894 -2.30731e-17)
(27.0657 0.163664 -7.84447e-18)
(25.1639 -1.88129 0)
(27.3235 3.92378 3.76234e-18)
(25.706 0.277634 1.07361e-17)
(25.9238 1.61625 1.60528e-17)
(29.1375 1.93113 -8.45606e-18)
(28.1558 3.32651 -5.11247e-19)
(23.9123 4.37213 -2.57849e-18)
(26.0566 1.6163 -9.17087e-19)
(27.2122 0.0618311 -6.77856e-19)
(28.1604 3.39061 6.51031e-19)
(26.5614 0.205246 -1.29158e-17)
(24.8664 2.60088 5.15211e-18)
(29.1482 -0.621664 1.11241e-17)
(24.1671 0.831431 0)
(25.3431 1.49181 -2.1793e-18)
(27.5782 -1.99456 -6.30594e-18)
(26.4128 3.50511 -1.15211e-19)
(26.5101 1.02382 -8.20162e-19)
(28.8792 -1.1631 -4.2236e-18)
(29.1076 0.0218459 8.18806e-18)
(26.6166 1.29362 2.02283e-18)
(30.5234 4.05417 0)
(25.8654 2.69247 1.73076e-16)
(29.457 0.302094 3.90128e-17)
(24.2269 -4.12846 0)
(21.8572 -1.36433 9.25976e-18)
(24.5708 -2.56797 0)
(25.3661 1.21303 0)
(27.0864 1.89305 1.52226e-17)
(27.8599 -1.38055 -5.06816e-18)
(25.0263 1.0919 3.20571e-18)
(29.5377 1.32988 3.39745e-18)
(24.8846 2.20185 -1.30118e-19)
(26.2322 -2.88853 -1.24752e-18)
(29.9435 0.756689 -1.39412e-18)
(25.7474 2.83146 -6.94779e-17)
(25.4632 1.53793 2.1769e-18)
(25.4867 0.445352 -1.42931e-18)
(25.7972 0.251232 -1.98437e-18)
(28.5451 2.37087 1.75763e-18)
(25.1436 -2.0318 0)
(24.9322 0.537082 -1.00941e-17)
(28.8359 2.74433 0)
(23.1921 0.692743 -1.32309e-16)
(28.8007 0.219677 2.94217e-17)
(28.9692 1.81686 5.13907e-18)
(27.9932 4.97761 0)
(28.3226 0.0754306 -9.16729e-19)
(20.298 -2.71893 1.36146e-18)
(22.4186 3.56448 1.27261e-17)
(26.8609 -1.96737 7.68919e-18)
(31.353 1.08857 -1.41093e-17)
(25.3104 -4.27576 -3.06152e-18)
(29.9433 0.637609 1.40551e-18)
(25.6666 -1.07025 9.68114e-19)
(25.9277 2.43392 -8.94513e-17)
(26.2513 -1.66986 -3.52003e-19)
(25.3986 -0.77172 3.80384e-18)
(26.3502 1.63081 -9.42832e-19)
(25.4265 0.302618 -4.25916e-19)
(27.2503 0.111796 9.51728e-18)
(22.1121 3.18133 -6.04715e-19)
(24.9967 0.626735 -1.24024e-17)
(24.4055 2.6831 7.10049e-18)
(28.5538 -2.00631 0)
(27.7477 -2.59564 -5.14135e-18)
(23.4516 0.117037 -1.38353e-17)
(26.0318 2.19605 0)
(25.1616 -3.85661 -1.39398e-18)
(24.8812 2.24004 0)
(26.1827 1.5116 -2.05345e-17)
(28.4612 1.83985 0)
(25.4695 0.856889 0)
(25.5059 0.162301 -7.58101e-19)
(21.8205 0.0828686 0)
(25.1 0.538091 -1.56683e-18)
(24.3998 -0.0762813 -6.11999e-18)
(25.0956 0.148406 0)
(28.0618 -1.28612 0)
(26.3938 0.0389736 -5.88887e-19)
(27.8821 3.2844 7.68517e-19)
(28.6289 2.39106 -1.67608e-18)
(25.1924 0.954772 -1.12947e-18)
(29.2536 1.22188 -5.38656e-18)
(26.0151 1.67133 0)
(25.7746 1.56335 7.52666e-18)
(24.9207 -2.94184 0)
(25.9886 0.694205 1.17169e-18)
(27.0514 0.507654 -8.47244e-18)
(25.8178 2.54024 0)
(25.9146 -1.71519 3.86674e-19)
(31.2738 0.00705064 0)
(27.3136 5.6209 6.81784e-18)
(24.6748 -4.49288 -1.50595e-19)
(28.178 4.1279 -1.50453e-17)
(23.5466 0.016157 0)
(25.8309 0.263145 1.98779e-18)
(15.0337 -2.06889 5.21906e-19)
(27.9206 0.460709 -3.75524e-17)
(29.7761 0.128441 0)
(24.7753 2.02351 8.94358e-19)
(25.4836 -2.3124 0)
(25.3817 1.36831 -8.05433e-18)
(25.5905 5.73711 -2.0631e-19)
(26.0746 1.72324 6.03053e-17)
(25.9253 2.04615 2.4808e-18)
(27.1649 0.521436 -5.71518e-17)
(27.9097 -3.30381 2.12274e-19)
(26.9602 -1.70836 4.7721e-18)
(27.991 1.0377 0)
(29.2182 0.592815 0)
(22.3753 -3.14087 9.05642e-19)
(26.2973 0.316916 9.53516e-18)
(25.2054 2.70929 -2.22563e-18)
(24.7866 0.392617 1.63897e-17)
(30.8027 0.135022 7.97788e-17)
(27.1124 3.83067 0)
(27.9298 -1.88753 -6.73369e-19)
(28.5654 -1.62113 0)
(22.7632 -2.48356 -1.52478e-17)
(24.9872 0.119585 -1.45484e-18)
(25.9268 1.56365 0)
(27.2927 1.68614 1.37239e-18)
(25.1082 2.16424 1.48712e-18)
(30.0691 -3.16045 0)
(28.416 -2.87507 -5.08966e-18)
(26.9824 2.26884 0)
(29.8056 0.026514 -1.62678e-17)
(26.543 -2.82112 2.80396e-18)
(24.7994 1.96985 -8.19038e-18)
(26.9461 -1.08338 7.66087e-18)
(16.2944 -2.06832 -1.79337e-17)
(21.1798 0.088504 2.34022e-17)
(29.1183 0.811777 1.49318e-18)
(27.3259 -1.67481 -5.57177e-18)
(26.0542 3.33913 1.53726e-18)
(25.6733 3.10406 0)
(25.341 0.326546 0)
(26.2819 3.51636 -7.62058e-19)
(28.1496 -2.57891 6.02978e-18)
(26.2637 1.25114 -4.10101e-18)
(21.8175 0.0382254 -9.41566e-18)
(23.3466 3.53121 0)
(25.9288 2.54493 -1.30602e-18)
(24.5364 0.414669 7.40153e-18)
(25.2681 0.0420033 0)
(28.9255 -1.48826 0)
(25.4321 2.92929 1.46911e-18)
(23.3232 0.279733 8.78461e-18)
(29.0131 -0.678282 0)
(28.6639 0.0304254 2.58134e-18)
(25.7958 3.09543 1.81895e-16)
(29.7779 0.179843 6.41272e-18)
(25.77 0.865126 -4.16059e-18)
(24.8088 0.157154 -3.49939e-18)
(25.9678 0.776119 -9.3476e-18)
(25.5848 0.803587 0)
(24.6025 0.570999 0)
(25.966 1.55731 2.17288e-18)
(24.1621 0.529808 0)
(25.5595 3.117 3.81425e-19)
(29.6941 0.0429838 3.05648e-18)
(27.1377 3.61828 0)
(26.0675 0.509056 0)
(25.4302 0.733918 -9.90485e-19)
(26.385 -1.36592 -7.40698e-19)
(25.2753 0.665565 2.05288e-18)
(23.3988 0.48497 -4.1404e-17)
(31.0454 4.75319 5.96233e-18)
(25.9645 0.94189 -5.23872e-19)
(30.5927 -0.35485 0)
(29.3732 -0.536462 1.58532e-18)
(21.3232 -0.346688 0)
(27.2849 0.0192754 0)
(27.7051 0.890482 6.86828e-17)
(30.9841 0.0963573 -6.66322e-17)
(28.6523 1.84541 -2.56474e-19)
(30.1922 0.440642 -5.77184e-18)
(24.8828 0.575488 1.499e-17)
(26.3309 0.185195 -8.57446e-18)
(27.7536 0.664197 3.72358e-18)
(26.2194 3.6931 -4.97916e-19)
(27.6582 0.555956 -3.40067e-18)
(29.9595 -0.0300096 -1.54304e-18)
(20.7365 -2.75827 2.14518e-18)
(29.2069 0.00788479 -7.38427e-18)
(25.0839 0.596377 8.03481e-19)
(27.698 1.75566 0)
(28.4686 2.23217 6.38118e-18)
(29.2655 -1.15183 6.28293e-18)
(28.968 6.34157 0)
(12.5577 -1.05705 -8.71456e-18)
(25.9471 0.256642 -9.74356e-18)
(16.0209 1.99263 3.96125e-18)
(28.5411 -1.36689 -1.33523e-17)
(27.375 3.7447 -2.18936e-18)
(26.3453 0.569194 0)
(25.0962 -0.245166 -4.64586e-18)
(26.1592 -4.12721 0)
(24.5924 0.911281 0)
(28.7218 2.09979 1.1533e-18)
(27.5097 3.35685 -6.04117e-19)
(27.0782 0.0567191 -2.80008e-17)
(25.8465 5.64373 1.95106e-18)
(27.5968 0.0094879 -2.3465e-21)
(29.6684 0.0343284 -1.02596e-18)
(25.4501 1.38194 3.4502e-17)
(25.4661 0.483933 1.0181e-17)
(24.3111 -1.03186 1.5312e-17)
(28.7503 3.09156 3.93897e-18)
(26.9745 0.720315 3.9309e-18)
(29.4197 0.325395 -3.90185e-18)
(21.6478 3.56101 -1.60684e-17)
(26.5054 -0.303264 0)
(24.994 0.639906 0)
(21.7743 0.338437 -4.5562e-17)
(26.031 1.12393 1.39161e-18)
(20.4883 -3.87587 2.64985e-18)
(27.6377 0.199551 0)
(27.1274 2.36254 -2.85748e-18)
(28.8893 0.862934 0)
(29.4761 1.88716 1.85826e-17)
(23.6814 3.58433 3.5427e-19)
(27.9387 2.29019 0)
(29.1119 -0.273422 -3.478e-18)
(28.2694 0.858131 0)
(24.8907 0.590339 -4.53006e-18)
(28.1797 -0.106141 3.53954e-18)
(25.735 2.73431 1.12352e-17)
(30.4403 5.28553 -7.71722e-19)
(28.654 1.481 5.25796e-18)
(26.334 1.81336 -1.83238e-19)
(24.2975 0.135884 1.07437e-17)
(27.1629 3.38709 0)
(21.7384 0.00797538 0)
(25.5372 1.47748 -3.87326e-17)
(29.0506 1.05647 2.7441e-18)
(22.1407 -3.42585 3.38605e-18)
(25.3988 0.175588 -1.57494e-19)
(24.2839 -3.58661 8.63319e-18)
(25.9274 2.40721 0)
(27.6067 0.919693 0)
(28.0399 2.87616 2.75602e-18)
(25.3279 1.13936 5.01111e-18)
(25.3536 0.735122 1.48669e-18)
(26.6668 1.4967 1.14768e-17)
(26.2701 1.50699 1.23687e-17)
(23.7992 -4.23417 -9.28549e-19)
(28.9919 -0.486019 -1.64561e-17)
(25.3413 0.030493 0)
(25.4168 1.31488 -7.27981e-18)
(24.6848 0.781544 7.50626e-18)
(27.2735 -1.12215 -7.45594e-18)
(26.7501 1.24071 -7.32043e-18)
(28.9649 0.43614 1.749e-16)
(27.2717 0.0496324 1.25253e-18)
(25.487 0.425289 3.09221e-18)
(22.2122 -2.38814 3.72161e-18)
(28.758 1.65666 -8.14962e-18)
(25.3937 0.711686 -4.3998e-18)
(26.3869 3.82359 2.10839e-18)
(28.4108 2.17998 -4.21751e-18)
(27.8769 0.985994 4.694e-18)
(29.4069 -0.924532 9.08136e-18)
(25.8949 -1.90325 2.30576e-18)
(27.3369 1.46469 -3.0798e-18)
(25.5252 0.392617 0)
(26.8998 0.0617277 3.22085e-18)
(29.9289 1.28166 2.09815e-18)
(26.3683 0.969972 7.08862e-19)
(29.0326 1.74245 -3.11676e-19)
(28.6452 -1.21767 2.73215e-17)
(26.5842 1.22886 0)
(25.9097 0.64397 0)
(29.1938 0.482886 -1.61731e-17)
(29.2423 2.0602 -2.37236e-17)
(25.4725 0.42255 0)
(25.8247 0.507669 1.88636e-18)
(24.0251 -2.61002 -2.10329e-20)
(26.0131 1.56394 -1.13298e-17)
(19.2558 3.47027 -1.48615e-18)
(27.3151 0.105794 6.86067e-18)
(28.7415 -0.0819358 -1.35899e-17)
(26.9724 1.88243 8.79954e-19)
(27.7498 0.361628 3.5074e-18)
(30.979 0.548775 0)
(30.0532 -0.274014 -2.36278e-19)
(26.0957 0.93156 5.36041e-18)
(25.5396 0.43218 -6.06787e-18)
(25.9006 -2.88964 -2.57964e-18)
(26.5479 0.115654 -6.60452e-18)
(25.7438 2.29501 0)
(26.6613 0.0379957 8.45767e-19)
(27.5629 -0.188466 0)
(28.9344 0.140695 -8.81606e-17)
(30.3306 -0.691187 1.10234e-17)
(24.7212 -2.13099 4.04454e-18)
(26.1719 1.11826 -6.22571e-18)
(25.3755 0.431535 1.83652e-18)
(26.2589 -1.62953 -3.12914e-21)
(26.4706 2.237 0)
(25.0819 0.0979505 -2.88598e-18)
(25.4792 -0.488249 2.61179e-18)
(28.2812 2.73735 1.03496e-19)
(25.2071 -1.54066 2.38751e-18)
(27.9837 -0.49879 0)
(22.894 1.86686 8.47921e-18)
(22.446 -3.14338 0)
(25.6718 0.820053 -4.41852e-18)
(25.4998 0.758313 -7.26976e-19)
(26.1752 0.609316 0)
(30.4225 4.51774 3.86314e-19)
(25.9383 1.76566 1.26519e-18)
(25.3424 0.702872 3.52429e-18)
(27.3594 1.58019 -1.36702e-18)
(24.2923 0.518293 1.66816e-17)
(27.4618 -2.28529 6.72698e-18)
(26.7753 1.15082 9.54048e-18)
(23.6855 0.473934 3.671e-17)
(25.8709 0.869514 4.24684e-19)
(25.1667 0.635348 -1.22969e-17)
(25.8661 0.792422 6.8202e-18)
(19.9513 -3.3184 0)
(29.4143 1.12215 -2.87644e-18)
(27.6451 -0.380095 -3.46243e-19)
(25.6447 0.437508 -1.05277e-18)
(14.6867 0.203369 0)
(22.3306 0.344466 5.39407e-18)
(24.7346 -5.00159 4.52719e-18)
(30.1409 -0.678047 -8.77845e-18)
(27.9524 -1.49714 0)
(27.4572 1.22782 1.47413e-19)
(24.6812 0.549935 0)
(25.5791 4.01929 -3.21371e-18)
(27.6011 -2.97117 -4.47186e-18)
(29.7284 0.812621 3.00543e-19)
(28.3043 2.41384 0)
(23.4156 3.28035 0)
(27.5639 1.17786 -7.08356e-18)
(21.354 -0.939871 -5.66028e-18)
(27.1516 1.69989 0)
(30.5077 0.607204 1.26644e-18)
(24.7305 0.623854 -1.66806e-17)
(25.662 3.3341 -2.25687e-18)
(26.1091 0.398512 -1.54433e-18)
(26.7739 2.06247 6.55404e-18)
(17.8304 4.34878 -2.63788e-18)
(25.0643 -2.93623 -3.49717e-19)
(24.8911 0.90847 -5.75433e-18)
(24.9305 0.560588 0)
(28.8323 2.00369 -2.61183e-17)
(22.4115 0.218388 -1.34066e-17)
(27.6506 -5.57797 -6.30804e-19)
(31.5345 3.07155 -1.05164e-18)
(24.8914 0.0611447 1.44158e-18)
(25.7713 3.14904 -1.49135e-16)
(28.3214 2.15587 2.51426e-20)
(29.8976 1.05781 3.39732e-20)
(30.4236 -0.36563 -1.62287e-17)
(27.8502 3.43779 -7.71476e-19)
(25.9961 0.113138 0)
(21.9362 0.123205 -2.66312e-17)
(25.5096 -2.68383 0)
(25.2045 0.111225 2.89547e-18)
(25.0799 1.97934 1.12509e-19)
(25.9341 0.560901 3.25009e-18)
(25.3025 0.667188 -4.23119e-18)
(27.7277 1.34613 -2.26478e-18)
(27.1481 3.45355 0)
(25.8917 3.55675 0)
(22.7938 0.655145 -1.88091e-19)
(27.7778 -3.68171 -2.98625e-18)
(25.5822 0.991614 -7.90908e-19)
(25.6229 1.38031 0)
(18.3005 -2.27627 -1.47326e-17)
(26.7853 1.36595 -1.8603e-17)
(22.9574 -3.02943 3.33676e-18)
(28.9658 -2.82659 -2.814e-18)
(24.3614 -5.64052 4.47213e-18)
(27.8951 -0.336997 0)
(21.5648 0.00607004 -5.21361e-18)
(25.9383 1.03033 0)
(26.442 0.729252 0)
(26.7635 -1.37857 0)
(26.8723 0.140893 0)
(23.866 -4.74813 1.2428e-18)
(27.4781 -4.27277 -3.86984e-18)
(28.4302 2.02711 -3.73888e-18)
(29.354 -1.60868 6.75296e-18)
(28.8578 1.44714 -6.8194e-18)
(25.529 0.989317 2.30771e-19)
(22.7403 -3.93994 -6.98016e-18)
(23.9056 1.02346 -1.91808e-18)
(26.4089 0.270401 0)
(28.176 0.21953 -3.59481e-18)
(26.5169 3.37311 6.55416e-19)
(30.0031 -0.576335 -2.33137e-18)
(27.4253 1.51976 0)
(29.3108 -1.07315 -6.52413e-18)
(28.3838 0.0197068 -3.18322e-18)
(26.7468 -0.280626 -6.71968e-18)
(25.32 0.470574 -1.46708e-18)
(26.869 1.10022 0)
(27.4775 3.27234 2.03374e-19)
(26.7927 -1.66765 0)
(26.122 0.244173 2.46252e-18)
(29.3565 6.06347 3.77143e-18)
(27.8708 3.57126 0)
(26.7154 0.183133 5.52314e-18)
(25.5755 0.122654 -1.24969e-19)
(28.073 2.96259 -3.71965e-18)
(27.7748 -1.07636 -2.18721e-17)
(19.8731 0.0238928 0)
(25.3884 0.709229 4.07583e-18)
(28.3544 -2.146 1.334e-17)
(25.7937 3.13679 -9.33388e-19)
(28.716 2.40211 -4.12342e-18)
(28.2093 -5.44054 2.21762e-18)
(25.922 3.32702 -7.38924e-19)
(26.7316 2.16401 -4.46084e-18)
(24.9154 2.35161 0)
(28.6359 2.61247 -1.40464e-18)
(25.1289 2.50912 3.13253e-18)
(25.9759 1.21646 4.78401e-18)
(27.4159 3.28695 0)
(29.0791 1.97057 1.96038e-18)
(28.3352 2.55187 -1.11205e-18)
(25.4445 0.6878 -6.35196e-19)
(26.425 1.46939 -3.26301e-17)
(23.5575 3.01295 0)
(26.2527 -1.05125 5.78221e-19)
(26.2273 3.85262 0)
(25.2834 2.11396 0)
(25.2179 1.25315 9.50343e-18)
(26.9445 0.967678 -1.51758e-18)
(24.913 -0.379917 6.28613e-18)
(30.1341 -0.00771789 4.6847e-18)
(25.9721 0.0369839 0)
(28.202 -2.02851 -3.65782e-18)
(25.56 2.54582 0)
(25.8376 0.444983 -6.74856e-18)
(31.0867 -1.47749 0)
(25.4219 0.523377 0)
(28.0059 3.24652 -1.62504e-18)
(29.0625 1.90237 -1.64923e-18)
(29.8253 0.381085 1.71735e-18)
(19.8446 0.0548138 -6.45794e-18)
(29.1775 1.79129 0)
(21.8016 -4.54241 -1.58268e-17)
(28.0034 -0.145239 8.94149e-18)
(20.3142 0.173435 -3.16451e-18)
(30.5895 0.234223 -1.34972e-16)
(25.153 0.73255 0)
(25.3416 1.34533 -8.12913e-18)
(28.835 -1.71141 9.80765e-18)
(27.7206 0.796881 0)
(26.8208 0.0807892 6.96217e-18)
(28.6303 2.41688 -1.04169e-18)
(24.4238 1.39522 -1.82144e-17)
(20.1661 0.0861244 1.69023e-16)
(25.4689 0.545615 0)
(29.2835 0.982128 -2.78808e-18)
(28.2741 -1.44377 2.78844e-18)
(14.5567 -1.92419 0)
(23.513 0.987263 0)
(28.494 2.84473 0)
(28.0298 2.65271 -1.47359e-18)
(25.2702 2.236 -1.48003e-18)
(28.3051 -3.32416 0)
(25.5816 0.837741 0)
(25.1017 0.953418 -8.86328e-18)
(26.1772 3.29649 -1.04035e-19)
(29.1418 1.78736 0)
(25.0149 0.905104 0)
(18.231 0.874483 -3.33438e-18)
(25.4928 0.826388 0)
(27.4638 3.45416 0)
(25.5537 2.17842 8.2435e-19)
(20.8334 -3.24366 0)
(30.2412 5.70308 0)
(27.4702 0.479602 -5.47415e-17)
(26.1126 0.252336 -2.46998e-18)
(30.5206 0.227274 3.65082e-18)
(24.8985 0.64055 0)
(28.2121 -4.00147 2.60868e-18)
(31.5083 3.9878 1.06786e-17)
(26.0745 1.78324 -4.5758e-17)
(26.4992 1.52151 -1.55301e-19)
(26.4342 0.448523 0)
(27.205 3.14709 -1.73781e-18)
(21.859 0.214896 -3.07911e-17)
(26.7768 1.0388 -2.82443e-18)
(27.0806 0.746125 2.51505e-18)
(25.288 0.668267 0)
(29.747 5.94369 -7.91569e-18)
(27.5725 3.09229 -3.51456e-18)
(25.7472 2.23564 1.78428e-17)
(21.1389 0.0526746 -1.70947e-17)
(26.7578 -0.838811 0)
(30.5274 0.0664919 -5.83278e-18)
(30.7079 -2.71645 -6.31135e-18)
(25.2813 0.638948 3.26443e-18)
(30.9765 1.50513 9.93492e-19)
(24.7138 1.86691 0)
(26.5321 5.37764 1.95057e-18)
(28.9896 0.319571 -9.23436e-17)
(21.1956 -3.41538 5.77379e-18)
(28.534 -1.02956 3.70259e-18)
(25.6651 0.190108 0)
(28.1002 2.10832 -7.11336e-18)
(26.5974 3.43047 -1.02634e-18)
(24.2043 1.0236 1.51462e-17)
(28.5366 1.77698 3.85858e-18)
(26.8313 -2.00425 5.06133e-19)
(27.6407 4.1141 -4.84459e-18)
(26.2835 0.279849 1.92028e-18)
(24.9119 4.46431 3.9833e-18)
(18.91 6.85245 -8.07222e-18)
(28.2272 -0.923148 2.67313e-17)
(30.5165 1.48431 -1.23949e-17)
(28.3902 1.61295 6.34102e-18)
(28.9151 1.59286 2.78817e-18)
(30.6925 5.45188 -4.34787e-18)
(28.7022 -0.658237 0)
(27.002 2.17067 -1.36657e-17)
(24.92 1.87441 -3.4435e-18)
(28.373 2.29822 -2.14522e-18)
(25.3313 1.83951 -6.41085e-18)
(24.3637 0.615487 0)
(25.028 0.0924814 1.68382e-17)
(26.7451 0.345669 -3.50898e-18)
(29.4799 1.49034 0)
(30.1022 4.79796 2.8209e-18)
(28.0388 -1.72411 1.14125e-18)
(30.0062 0.195406 5.37065e-18)
(18.3107 -0.265699 -1.65373e-17)
(28.8022 -0.317923 -1.43639e-17)
(27.9404 0.357552 -4.69588e-18)
(26.7589 3.65318 1.57705e-18)
(18.9007 -2.35475 1.23982e-17)
(27.1248 -0.51913 6.58842e-18)
(25.8129 1.35213 1.0752e-18)
(26.3807 2.34814 8.39917e-19)
(29.6919 1.26948 -1.83563e-18)
(23.6574 -3.20763 -5.40478e-19)
(26.5256 3.80661 -2.13748e-20)
(24.7139 0.0931815 0)
(27.9901 2.3368 8.93845e-19)
(27.2279 5.4106 -4.47547e-18)
(31.2247 0.0737816 9.89856e-18)
(28.6182 1.02706 0)
(25.1046 -0.858684 -4.43264e-18)
(19.9503 2.33997 -8.6839e-18)
(19.7159 0.060083 -1.67755e-16)
(31.2487 0.0693827 -1.27458e-17)
(28.7359 1.2 1.12056e-17)
(24.5167 3.56718 -4.25208e-19)
(28.8706 0.0022318 4.5057e-18)
(27.3812 -0.951898 0)
(25.7595 3.40464 0)
(30.674 0.247904 0)
(20.3487 0.125237 0)
(25.7415 3.3716 0)
(31.6547 0.0320748 0)
(19.4094 0.0301647 0)
(29.4885 1.41633 -1.63464e-18)
(26.2186 1.47675 1.97333e-17)
(23.6437 0.939159 -2.15426e-17)
(25.7295 1.62566 -1.39788e-17)
(28.1596 0.380837 0)
(22.3432 -4.92341 8.68792e-18)
(22.5456 -3.54161 6.7378e-18)
(28.5614 0.183012 4.6352e-17)
(26.9336 2.01389 4.98792e-18)
(25.49 0.456732 -4.88297e-18)
(27.6847 2.76223 7.80532e-19)
(21.9436 0.606549 -5.75396e-16)
(28.9826 0.260186 -4.9307e-18)
(24.3508 -0.715182 -1.10018e-17)
(31.3461 4.49934 -5.92251e-18)
(28.7193 2.16491 1.18551e-18)
(26.0783 1.91692 -2.51709e-18)
(22.5045 0.457099 -8.08655e-19)
(25.4081 0.149283 9.60057e-19)
(23.489 0.0182388 4.3134e-18)
(25.7563 0.931979 3.0877e-18)
(28.3027 -0.695092 -2.85521e-17)
(19.7423 0.0659613 3.28745e-18)
(19.6101 -0.00308599 0)
(25.24 1.02607 0)
(29.0135 0.497752 -5.51068e-18)
(25.1784 0.425728 1.09348e-18)
(27.3204 -0.140001 -8.09933e-18)
(28.7461 1.95039 0)
(26.8905 -0.00690794 2.01536e-18)
(21.1538 -2.76811 -8.58189e-19)
(22.7818 0.0206653 5.19204e-18)
(27.661 4.96862 -5.95986e-18)
(29.5796 -0.018613 -6.90933e-19)
(25.3097 0.558375 0)
(21.6762 -0.00295267 -3.4122e-19)
(26.8335 3.20073 1.66594e-18)
(27.2461 2.0291 1.71117e-18)
(30.6817 1.15966 -2.09882e-17)
(25.252 1.62338 -2.24379e-17)
(23.7516 0.66149 0)
(26.6381 0.466789 0)
(25.4202 2.74837 6.59774e-19)
(26.8497 0.376317 -8.26763e-18)
(23.6856 0.553679 8.32856e-17)
(28.0776 -4.41836 4.75363e-18)
(25.8184 -1.2103 0)
(28.5771 -1.83917 -2.0529e-17)
(21.8984 -2.9828 3.20599e-18)
(28.7848 2.25492 -3.61285e-18)
(24.5355 0.0410873 -2.12681e-18)
(25.1006 1.23663 -9.22067e-18)
(25.4477 5.10386 5.65828e-19)
(28.2834 2.84949 6.47685e-19)
(27.2446 0.187422 -3.49623e-18)
(28.9025 2.16087 -1.61734e-21)
(25.3351 -0.247918 -2.77857e-18)
(26.7128 1.15543 0)
(21.3826 -2.94453 -4.76122e-18)
(31.2129 -0.0193443 1.2062e-17)
(22.6418 0.571503 1.32816e-16)
(25.378 0.675143 0)
(25.877 0.228154 0)
(28.33 1.43426 -1.98919e-18)
(21.0156 0.0209412 1.08273e-17)
(27.8735 0.869595 0)
(30.7301 -2.47201 0)
(27.4177 0.227779 4.95821e-18)
(26.855 0.941193 2.09288e-19)
(25.7621 3.18506 -4.00303e-18)
(29.5038 0.567684 4.41566e-18)
(25.5567 1.28926 0)
(27.1119 1.85411 -5.25854e-18)
(27.6633 1.41462 -3.4752e-18)
(19.3977 0.0514688 0)
(26.1182 2.29999 -2.66614e-18)
(31.1758 2.88453 1.8375e-17)
(25.4565 0.549363 5.07719e-18)
(30.4577 0.712559 0)
(25.3536 0.274794 -4.66382e-19)
(29.7959 2.55908 0)
(26.6986 1.13598 -2.89884e-17)
(25.1293 0.275337 4.03444e-18)
(25.0725 1.30828 0)
(25.0291 0.240543 -1.32645e-18)
(27.6993 -5.38571 1.09624e-18)
(25.7238 2.42597 -1.56572e-17)
(26.3154 -2.09042 -1.53723e-18)
(16.4353 -1.11037 0)
(25.9839 1.57632 2.17172e-17)
(25.3086 0.752434 3.46493e-18)
(26.0148 0.226774 3.09694e-18)
(28.5866 1.71829 0)
(26.9271 0.655198 0)
(31.3486 -0.00185478 0)
(25.5987 2.32179 -1.8608e-17)
(25.4006 3.09106 5.86717e-18)
(27.453 0.562559 0)
(25.7512 0.756167 0)
(30.5358 -2.58469 4.62088e-20)
(24.625 2.15869 -3.08848e-18)
(27.4587 1.366 7.06639e-18)
(28.5547 0.82498 -4.40324e-18)
(29.6578 0.0322606 -1.36829e-18)
(28.7281 -0.875165 -1.27704e-18)
(29.6256 -0.50793 0)
(28.1181 -5.1021 -2.28893e-18)
(27.4918 6.26969 2.71569e-18)
(29.3729 -0.134085 0)
(25.5677 0.165079 -1.1333e-17)
(24.0301 2.95035 1.2434e-18)
(19.6628 0.0244866 -1.64595e-19)
(29.4232 0.054576 -3.38599e-17)
(21.0381 0.0305422 -1.49645e-17)
(27.4214 0.867904 -9.74396e-18)
(29.4071 0.355086 0)
(30.3589 0.0503374 -3.37619e-18)
(24.8576 0.774076 -5.06729e-18)
(28.5805 2.74823 -2.37308e-18)
(31.3057 0.00124405 0)
(26.2455 2.38811 3.03037e-18)
(29.9859 -0.236903 0)
(29.102 -1.55814 1.05982e-17)
(29.2796 1.82679 7.65237e-18)
(25.0522 1.15238 2.14049e-17)
(25.4375 0.746458 -4.18534e-18)
(30.1732 0.083413 -2.49622e-18)
(27.3211 1.1348 -4.9166e-18)
(26.7586 -1.81494 -4.17654e-18)
(30.0899 1.94978 9.36427e-18)
(24.8761 1.20519 -6.1404e-17)
(27.1814 -0.105018 0)
(28.4247 -0.979689 -6.83714e-18)
(25.5075 2.48263 0)
(30.2976 -0.00857424 0)
(26.1199 1.63954 2.40827e-17)
(31.1229 0.104234 1.32469e-16)
(29.2444 -0.893053 9.53587e-20)
(26.5446 1.3309 0)
(19.989 0.101203 -2.24078e-16)
(24.7188 0.729515 0)
(26.5818 2.54666 -1.287e-18)
(29.9533 0.0204741 0)
(30.6486 0.390492 6.68036e-18)
(24.6255 -0.0955431 -7.22028e-18)
(28.1179 3.24946 6.50175e-18)
(25.5217 0.366621 -1.99215e-17)
(24.434 0.0993692 -3.08182e-18)
(25.9889 -3.82615 -6.11879e-19)
(27.1877 1.38841 1.10878e-17)
(26.7189 0.296333 0)
(27.0062 0.184706 2.44987e-19)
(25.6314 2.95517 0)
(26.2691 1.73064 -8.63169e-17)
(29.3957 -3.01202 4.35542e-18)
(26.8625 1.13528 7.23326e-17)
(30.7456 -1.63177 -5.06635e-18)
(26.9343 1.67866 3.58186e-18)
(25.4041 1.40205 2.88065e-17)
(26.4618 1.41813 4.08215e-18)
(19.6212 0.0116416 1.49319e-17)
(23.089 0.583075 0)
(30.3836 0.390456 -1.05662e-18)
(25.1234 0.576608 9.3482e-18)
(20.8011 0.170681 0)
(24.6417 -5.81822 2.03305e-18)
(27.613 2.71304 0)
(26.4454 1.3278 -1.052e-17)
(25.7708 0.67218 0)
(29.0715 0.696902 4.9777e-16)
(27.0456 1.59865 8.71691e-18)
(26.5221 1.88831 -1.36208e-17)
(19.2761 0.0170646 0)
(31.6846 0.0048612 0)
(27.0244 2.12106 7.21779e-18)
(25.2551 0.575539 -1.14675e-18)
(21.0466 -0.0112011 0)
(20.581 0.187964 1.91169e-16)
(28.559 2.57078 -4.53793e-18)
(28.9156 2.02745 2.9339e-18)
(25.7124 0.569023 7.01456e-18)
(28.9355 1.38289 1.93629e-17)
(29.3604 1.63483 0)
(27.6305 -1.7436 0)
(27.9155 3.94299 1.08583e-17)
(27.717 0.0205519 0)
(24.9931 2.30702 -2.91409e-18)
(30.9457 1.73595 7.17707e-18)
(28.5537 -1.57336 0)
(23.9472 -5.35427 1.36064e-18)
(20.9292 0.0143563 1.04259e-17)
(25.4439 3.41249 -5.0461e-19)
(26.8557 1.77332 3.7797e-18)
(26.967 1.48466 0)
(28.1113 2.02315 3.81694e-18)
(25.9535 -0.938705 1.62126e-19)
(29.0124 -1.05816 -1.26024e-18)
(18.9432 -2.6036 -1.22146e-18)
(29.6102 0.0969562 0)
(27.1716 2.11675 -9.94421e-18)
(20.1323 -2.73967 -1.33862e-17)
(19.9874 0.0189235 -5.911e-18)
(25.7989 3.41025 1.25689e-16)
(26.6335 0.7324 8.84678e-18)
(25.685 3.27553 -1.11931e-18)
(30.5403 2.689 5.94641e-18)
(26.846 2.29498 0)
(27.4685 -2.4582 0)
(26.2191 1.01185 0)
(26.6506 1.30012 -6.94138e-18)
(29.4866 2.73161 -8.20849e-19)
(30.1179 -0.0474588 -1.81174e-18)
(28.5322 -0.236699 -1.17504e-17)
(28.5754 -1.70205 -1.80188e-18)
(27.6054 0.259518 0)
(27.1723 -3.96445 -2.59864e-18)
(26.6474 1.95503 -1.13016e-17)
(25.2232 0.543527 1.04879e-18)
(25.5165 2.94429 -7.99829e-19)
(23.5014 6.15236 7.3918e-18)
(24.926 1.02824 -3.09797e-17)
(29.2538 0.175636 0)
(26.3338 -3.15193 -2.30237e-18)
(25.7558 3.25344 2.69208e-18)
(26.4979 0.25916 0)
(26.2616 1.66478 8.42606e-18)
(20.8561 -2.13461 2.29948e-18)
(22.0253 0.713105 0)
(27.919 2.6424 3.86137e-18)
(24.5222 0.940756 -5.5516e-18)
(20.9807 -0.0069416 0)
(25.2688 0.971384 -1.11117e-17)
(26.6747 1.35057 -8.32674e-17)
(27.3372 -0.633092 0)
(27.6808 3.54747 3.44188e-18)
(23.2172 -3.11535 0)
(27.2236 0.664532 0)
(24.4606 1.43548 0)
(28.0067 -1.87665 0)
(26.4031 6.3288 -9.29603e-19)
(26.0381 1.34443 -2.89246e-18)
(26.7436 1.62653 2.66323e-16)
(24.1268 -3.23375 6.14344e-19)
(28.3005 -2.03302 -3.29807e-18)
(31.4462 0.0776248 0)
(25.3629 1.70637 1.09569e-17)
(28.1601 1.97438 -3.55925e-18)
(25.5753 2.31978 0)
(23.1936 -2.0944 -8.72622e-18)
(29.8515 0.531683 -3.32544e-18)
(29.9051 1.21837 -8.81945e-20)
(25.2364 1.01903 0)
(27.2321 1.37802 -3.60933e-18)
(26.415 -0.187298 5.22262e-18)
(29.1621 0.75981 8.957e-18)
(25.6321 3.72665 2.26932e-19)
(28.0397 2.24619 2.67687e-18)
(20.07 2.57526 -2.19823e-18)
(30.237 0.882597 -2.36922e-18)
(26.6115 -2.06168 0)
(26.797 0.198186 -1.80955e-17)
(28.0144 -1.0763 4.03169e-18)
(31.0627 0.237733 -1.2921e-17)
(26.3948 2.08923 2.13824e-18)
(25.7402 2.09556 0)
(22.5647 -1.20148 -1.07157e-17)
(27.7758 3.06064 0)
(26.8875 3.59083 0)
(25.8521 2.22668 4.94324e-17)
(24.63 0.392742 9.06155e-18)
(19.3465 0.0314803 0)
(25.43 0.718357 -4.29903e-19)
(30.0222 0.432303 0)
(25.7931 2.09613 1.6478e-18)
(25.3784 0.728319 7.59408e-19)
(28.7188 -0.65456 -5.14993e-18)
(26.0991 2.14148 -3.29044e-18)
(27.9678 -1.59306 -5.59749e-18)
(25.9779 2.0666 6.89842e-17)
(25.8816 3.12116 5.99658e-20)
(31.5625 0.00584403 0)
(26.3975 3.12332 4.0937e-18)
(25.7477 0.397186 5.29733e-19)
(29.3067 -1.41393 1.66701e-17)
(25.5361 -3.69147 1.33539e-18)
(26.5729 3.70742 1.94316e-18)
(25.3067 0.780848 0)
(19.2642 -0.00267465 0)
(28.3151 3.1729 1.4827e-18)
(28.5639 2.12477 -1.64872e-18)
(28.0302 2.53595 0)
(21.778 0.0421279 3.13505e-17)
(23.2547 1.77335 2.24245e-17)
(24.2943 -3.24776 -5.87406e-19)
(28.1193 1.96205 2.4466e-18)
(21.9874 3.15512 0)
(25.3858 -1.13123 0)
(29.2612 0.167738 -2.63046e-17)
(28.9337 -1.3856 0)
(27.2699 6.29576 -4.28553e-18)
(27.6283 1.037 0)
(30.1575 0.0283635 -1.20033e-17)
(19.5977 -0.00556771 6.80803e-18)
(27.6985 2.63045 3.24322e-18)
(24.6519 1.3727 -2.00341e-17)
(28.2686 0.314321 7.04836e-18)
(25.2562 2.76834 0)
(25.7238 1.37921 7.92418e-20)
(29.0004 -0.262879 1.97261e-17)
(24.0986 0.0397526 1.3519e-20)
(27.3885 1.81099 0)
(25.2726 2.5619 0)
(22.0112 0.140903 1.67571e-17)
(27.6282 6.40231 -1.74722e-18)
(19.2548 0.0039911 -1.46885e-17)
(19.5977 0.000550938 8.11033e-18)
(27.3567 1.88209 -1.80864e-18)
(26.0424 -4.40382 0)
(22.9466 0.883318 4.38083e-16)
(27.228 1.93791 2.22293e-18)
(26.6099 2.25532 0)
(23.8932 -5.48207 -5.35549e-18)
(25.3429 0.552855 1.88589e-18)
(26.0815 2.24958 4.56109e-17)
(25.1519 1.01527 5.98473e-18)
(28.7893 0.0505355 1.83214e-17)
(25.5742 0.91461 2.47862e-19)
(20.8304 -3.40356 0)
(27.2561 3.04141 4.76371e-18)
(28.8451 2.25048 -1.83762e-18)
(21.2705 -2.33843 0)
(26.5555 -0.0862861 7.12827e-18)
(27.0387 4.7194 3.41302e-19)
(28.5097 2.96177 -8.58098e-19)
(22.4299 1.08735 -1.27811e-17)
(20.3781 -1.15454 -2.29611e-17)
(26.8868 3.07053 -1.66567e-18)
(27.6247 2.98052 2.98812e-18)
(25.5929 0.521057 3.39272e-19)
(26.6652 1.2378 -5.02684e-18)
(26.2341 -0.128713 -1.01256e-17)
(25.7316 3.26206 -5.79343e-16)
(25.787 3.21307 0)
(25.7803 1.23356 -9.16501e-19)
(28.7936 -2.02917 6.48669e-18)
(25.9847 3.81649 -4.98027e-19)
(21.6722 0.0345476 -1.06754e-17)
(26.2701 3.28229 -2.32532e-19)
(25.5007 2.02446 4.41939e-19)
(25.7038 2.4531 -2.23328e-18)
(25.612 1.62631 7.36628e-18)
(26.7816 3.95166 2.34899e-20)
(25.3225 0.393119 0)
(30.7305 -1.85861 -5.31336e-18)
(26.1275 1.53256 0)
(28.6239 2.69059 0)
(29.6684 1.65813 0)
(30.1701 0.720888 0)
(25.0942 2.63764 2.27151e-18)
(26.7038 2.66123 1.98042e-18)
(27.0522 0.291405 -6.54274e-18)
(26.4394 -0.838322 -7.33955e-19)
(28.7141 2.00165 0)
(27.7885 0.0493406 -2.52957e-17)
(28.2449 1.67079 -6.21688e-18)
(28.0091 0.214868 2.25229e-18)
(26.1834 0.0727481 3.94773e-18)
(26.6709 3.33222 2.34048e-18)
(14.9736 -2.3538 -2.99874e-18)
(28.8159 2.07844 3.75204e-18)
(25.1845 0.0773726 -1.57912e-18)
(25.9052 1.95623 0)
(31.7032 -0.0251343 -1.43504e-17)
(25.5671 1.49272 9.4692e-19)
(22.1492 0.460191 0)
(24.5969 0.737906 1.18686e-17)
(25.4534 1.36106 7.28456e-18)
(25.9206 -0.586481 -3.3399e-19)
(27.5868 -2.26161 -5.10121e-18)
(21.1831 0.327151 1.81454e-19)
(26.4077 0.0470691 0)
(28.1913 1.50083 1.86076e-18)
(22.4949 0.317315 -3.62447e-17)
(31.2902 5.05844 0)
(28.2639 -1.19857 3.14909e-18)
(21.324 2.80775 4.49239e-18)
(25.2195 0.679001 2.77001e-19)
(26.188 -3.20573 3.00793e-18)
(24.5497 0.0778692 -3.77755e-18)
(24.3145 0.651455 0)
(16.0806 -1.89523 1.03491e-17)
(28.7985 1.75294 6.71798e-19)
(26.6968 1.70307 1.43321e-17)
(25.5172 0.361158 -3.75007e-18)
(28.5339 -1.88932 3.84477e-18)
(29.0979 1.60639 4.5586e-18)
(25.648 0.870555 0)
(19.241 0.00159275 -1.5367e-17)
(30.0535 -1.32822 -6.66583e-20)
(26.5705 2.04316 -9.64457e-18)
(25.7791 3.35549 -2.02585e-16)
(21.0878 0.00370603 1.42046e-18)
(22.5036 -0.141405 5.83509e-18)
(29.0323 -1.67954 0)
(24.3125 0.861068 0)
(26.8591 -0.60994 -5.90935e-18)
(29.7005 0.854471 -3.81637e-18)
(31.8552 3.43106 -7.79748e-18)
(27.0069 3.47457 -1.43562e-18)
(28.48 -0.819009 3.26871e-18)
(23.0877 -4.12149 0)
(24.1907 3.03508 -1.22911e-18)
(25.9073 2.06748 0)
(29.3429 -0.162526 8.08287e-18)
(25.7109 1.56643 -1.55518e-17)
(31.4552 -0.000926598 0)
(19.6353 -0.00557044 0)
(19.3123 0.00619708 0)
(26.1601 0.00451827 0)
(19.3281 -0.00280203 0)
(19.2536 -0.0079666 0)
(27.9538 0.0480635 4.25318e-19)
(31.6494 -0.0171166 0)
(31.3666 -0.00946031 2.15261e-18)
(31.6538 -0.00105609 -2.12006e-18)
(31.5673 -0.00735586 9.2493e-19)
(31.3363 -0.0178637 -9.68834e-19)
(21.928 -0.0186097 0)
(23.7343 0.057645 -1.57112e-18)
(24.8006 -0.00373762 0)
(22.9606 0.0328181 -1.69929e-20)
(24.3265 0.0260217 1.40167e-18)
(27.1237 -1.8436 0)
(28.6232 -0.481336 6.22276e-18)
(25.2352 0.725748 -1.04393e-17)
(21.2454 0.0296327 0)
(26.6049 0.0266948 4.9644e-19)
(21.7082 0.266943 1.32537e-16)
(28.4468 1.10462 -4.53647e-18)
(25.7547 3.48877 0)
(26.7208 0.0430563 0)
(27.5387 0.0498762 1.24865e-18)
(26.2478 1.49101 0)
(25.6153 0.32638 1.22915e-17)
(27.0057 1.40827 -1.14259e-16)
(29.7678 0.432728 -4.65098e-16)
(25.5852 0.383094 6.10802e-19)
(29.9843 -0.846533 5.24464e-18)
(25.8736 2.81493 0)
(26.3849 1.44334 -7.10363e-18)
(25.2592 1.25416 1.53219e-18)
(24.9532 -0.627847 0)
(28.6226 1.31305 -2.16265e-18)
(28.6533 -0.158562 4.73956e-18)
(15.3758 -1.52574 -3.39016e-18)
(25.2935 0.0885284 1.58255e-18)
(28.3199 0.0302059 0)
(29.8028 0.0105292 -3.78286e-18)
(27.7691 0.0064957 0)
(28.4183 0.906025 4.40513e-18)
(28.4451 1.94919 -3.82202e-18)
(24.8279 0.0724826 6.69395e-18)
(24.1572 0.0229192 0)
(27.1346 -0.29332 8.08022e-18)
(25.7236 3.45604 0)
(25.228 0.749081 0)
(25.2822 0.0344978 0)
(25.6579 0.765356 5.01483e-18)
(27.0737 0.0191755 -1.00835e-18)
(25.3353 0.642178 -6.15664e-19)
(22.3663 0.0306248 -1.4052e-18)
(25.6285 3.68237 9.19889e-19)
(25.4438 0.568089 1.14109e-18)
(11.2861 -1.94997 -3.97948e-18)
(27.2702 0.0170873 -3.02799e-19)
(26.0046 6.6448 -1.34054e-18)
(25.3225 0.694487 -5.87119e-18)
(27.5322 0.499097 0)
(30.9563 2.09958 -4.08233e-18)
(19.8117 0.0441481 -6.48213e-17)
(28.7485 0.12994 -4.45809e-18)
(26.7389 0.0366405 -1.35752e-18)
(26.3835 1.54719 0)
(27.1812 0.0489752 1.32944e-18)
(28.0618 0.0479839 9.6902e-19)
(21.2079 0.364118 0)
(23.4739 0.015809 0)
(26.9051 0.0271596 1.05551e-18)
(25.3845 0.507514 -1.89862e-18)
(24.788 0.0490077 -2.13561e-18)
(26.4561 1.57383 1.10232e-17)
(24.3513 0.0141028 0)
(24.5122 0.025108 4.91084e-19)
(28.1368 0.0505387 0)
(30.2722 -2.86607 0)
(24.8745 1.88943 3.06009e-18)
(25.3071 1.25128 -1.5738e-17)
(25.0327 0.0338948 1.64982e-19)
(28.6192 0.0146669 0)
(28.7987 0.394769 4.84103e-18)
(25.439 5.63255 -4.75103e-19)
(26.1068 1.96079 9.21334e-17)
(25.6043 0.0439334 -2.31289e-19)
(27.5217 0.163159 0)
(25.1578 0.0392552 -6.69668e-19)
(25.0491 0.0490592 -1.53924e-18)
(27.0661 0.0282435 -6.67415e-19)
(26.3775 0.144373 3.00679e-18)
(27.374 0.044049 -1.24793e-18)
(25.1078 5.58644 2.38443e-20)
(25.6557 1.56684 -3.32787e-19)
(28.823 0.671528 1.05723e-17)
(26.5865 0.0385791 -5.40926e-19)
(27.9809 3.57593 1.38219e-18)
(26.0922 0.828733 -2.96322e-18)
(28.6694 1.69713 0)
(25.9328 0.0442713 -6.3984e-19)
(26.8958 0.0392988 5.33394e-19)
(25.4407 2.99015 2.59672e-18)
(26.3404 1.40951 2.54463e-17)
(30.3454 0.289744 0)
(28.8184 0.953029 -3.65383e-17)
(25.4927 0.0388542 1.96666e-19)
(25.7365 3.03976 0)
(26.1872 0.0410108 0)
(28.1471 -0.517511 -2.78446e-17)
(25.786 1.86353 -2.95942e-17)
(26.4671 -0.156742 1.37323e-18)
(27.9625 0.0269077 0)
(24.3827 0.0284405 -9.70074e-19)
(26.0467 0.0502658 5.07952e-19)
(25.4626 0.70099 0)
(27.9432 3.05333 0)
(26.3153 0.0263286 -1.78841e-19)
(27.2625 0.0619673 1.97827e-18)
(31.2764 0.00298389 2.84598e-18)
(27.3777 0.703701 4.82094e-17)
(24.7192 3.30608 -2.37263e-18)
(27.5577 0.0294223 9.60317e-19)
(25.8069 0.0566082 0)
(27.7437 0.0332091 0)
(25.6103 0.0316361 5.11509e-20)
(24.1341 0.0447532 -4.75557e-18)
(25.7511 0.270702 0)
(25.3937 0.0731385 1.23563e-18)
(25.8154 -1.75933 -1.39277e-18)
(25.4058 1.11753 5.60121e-18)
(28.3703 0.0203352 0)
(16.3804 -0.911733 -5.32649e-18)
(26.1466 1.55311 -2.80136e-19)
(24.4344 3.61735 1.25519e-18)
(28.8465 2.09407 -4.45597e-18)
(27.7351 0.937654 2.60769e-17)
(26.1696 6.29372 0)
(25.9318 -3.21674 2.38471e-19)
(25.4518 0.770418 5.74507e-19)
(24.0161 -3.36989 1.93978e-19)
(31.7657 -0.00187158 0)
(26.5684 0.0475225 -2.52885e-18)
(25.9189 0.0649129 0)
(26.3426 0.809275 -1.148e-18)
(24.9501 -2.69287 0)
(25.8385 0.0299656 0)
(24.9501 2.36041 0)
(26.9317 0.272992 1.5201e-17)
(19.6486 -0.00940707 0)
(19.622 -0.0113457 0)
(29.232 -1.55504 0)
(27.722 2.72812 1.07568e-18)
(25.371 0.708746 -3.44882e-18)
(26.8231 0.246153 -2.46596e-17)
(25.7929 0.0838684 5.96217e-19)
(24.6684 0.0596432 -2.36815e-19)
(25.6011 1.48877 8.25925e-18)
(25.5091 0.127391 2.49764e-19)
(25.3877 0.0476962 6.73156e-19)
(27.048 1.39834 0)
(25.7188 0.0370258 1.76538e-19)
(25.2549 1.3213 1.10454e-17)
(25.4981 0.0564185 -6.74105e-19)
(19.2501 0.00268767 0)
(29.4344 -0.00946741 0)
(27.3602 0.142992 -9.79468e-18)
(24.0955 0.286937 -7.18115e-18)
(31.3337 0.0312775 0)
(26.3273 0.0345451 5.1429e-19)
(23.8946 0.204602 -1.14934e-17)
(28.7067 2.53702 3.36621e-18)
(28.2631 0.0533235 -1.15528e-18)
(26.4776 1.34399 1.80032e-17)
(30.2092 0.107866 9.63107e-18)
(26.6724 0.286461 0)
(26.0615 0.0376427 -5.79805e-19)
(25.2848 0.063791 -1.23358e-18)
(26.8131 2.4282 -3.31599e-18)
(27.3373 0.391209 -4.90714e-18)
(26.4404 0.119857 0)
(24.6344 0.642141 -7.01434e-19)
(26.1925 0.0305078 -5.23661e-19)
(30.2357 4.10107 0)
(25.7743 2.64739 -2.85412e-20)
(25.4165 0.230611 4.16769e-18)
(28.2333 2.36986 -1.04443e-19)
(28.5956 2.89225 0)
(26.5458 0.238208 0)
(24.845 1.28345 1.40042e-16)
(31.5999 1.37771 0)
(24.9391 0.0566921 -5.73459e-19)
(26.107 -0.456075 0)
(25.4454 0.506922 -4.69859e-18)
(23.5381 0.271194 -2.8433e-17)
(25.6903 0.0738168 0)
(28.4758 -3.15079 4.9776e-18)
(21.6467 -4.01019 0)
(29.6501 -1.21121 -4.05687e-18)
(26.5721 0.274472 7.5624e-18)
(23.8945 0.0373877 8.65705e-18)
(25.2122 0.587275 -2.56626e-18)
(25.6868 0.108844 6.96588e-19)
(27.6897 0.963895 -3.8103e-17)
(25.8432 2.41044 -8.88891e-17)
(27.864 0.0498416 0)
(27.3563 0.688686 9.43257e-18)
(25.5901 1.15802 0)
(25.751 -0.172721 -5.12526e-19)
(27.286 1.30171 0)
(24.2528 0.032609 -6.57754e-18)
(27.0622 -2.60481 4.96387e-18)
(25.4578 0.2508 1.58789e-18)
(28.4839 3.29266 0)
(24.7885 -5.70413 0)
(27.2944 0.977089 2.19142e-18)
(26.8545 -1.61743 1.30076e-17)
(24.9047 0.040588 2.49083e-18)
(25.8163 5.39307 1.82114e-18)
(26.3041 0.0641077 3.70403e-18)
(29.6849 -0.0767333 -4.38465e-18)
(25.1571 0.991179 2.96893e-19)
(24.1647 0.456722 -1.67654e-17)
(26.5513 0.0373725 -2.61047e-18)
(27.4507 0.0100916 -4.79575e-18)
(27.1822 1.21198 5.27459e-18)
(27.2753 -1.94082 0)
(25.7151 0.702599 0)
(25.7881 0.0211099 0)
(25.6241 0.915401 -1.24267e-18)
(26.9475 -2.9932 0)
(26.4097 0.068523 -5.6071e-20)
(27.5522 3.68828 -1.83005e-19)
(27.7142 -0.858458 6.95095e-18)
(25.5502 2.76021 -4.55976e-19)
(31.1177 2.51844 0)
(27.6063 0.0458046 -5.44137e-18)
(26.4756 0.0278594 5.11975e-19)
(28.6023 0.0432004 0)
(27.0576 1.44695 -1.69863e-17)
(27.8715 1.4465 2.57493e-17)
(25.9391 1.42336 0)
(29.9886 0.109955 -1.36041e-17)
(25.6092 -2.72499 0)
(28.4338 0.0452499 0)
(25.6842 0.617485 -4.21022e-18)
(29.5282 -1.86768 0)
(24.5756 -5.10308 -3.18446e-18)
(29.4912 0.0101118 0)
(25.3969 0.715136 2.23e-18)
(31.6186 0.0226667 -1.49862e-18)
(29.6783 -1.17312 1.98376e-18)
(27.312 -1.90489 -4.23331e-18)
(24.1564 0.318357 1.75566e-17)
(25.831 -2.1984 6.07794e-19)
(25.7654 0.0240525 0)
(31.5041 1.58776 -4.45112e-19)
(27.3502 -0.469543 1.04356e-17)
(27.6364 0.148105 1.63399e-17)
(25.0782 1.39576 -1.4001e-18)
(25.5965 0.143015 2.30075e-19)
(26.8968 1.63304 -3.14669e-18)
(24.8466 1.73474 1.14218e-17)
(30.4734 2.2591 -1.74326e-17)
(26.078 0.074328 -7.37645e-18)
(25.7591 2.67142 0)
(25.9954 -1.763 -1.34772e-18)
(31.7639 0.000136381 0)
(25.7146 3.1802 0)
(24.0181 0.0299411 2.97435e-18)
(24.6025 0.115735 1.49781e-17)
(24.2156 0.223376 -1.06047e-17)
(28.5468 0.447312 2.98715e-17)
(25.4786 1.81971 0)
(26.5116 1.15572 -6.80267e-19)
(25.9733 2.80302 0)
(30.6101 3.95636 7.53138e-18)
(27.5459 0.113619 -1.73431e-17)
(28.6923 0.197192 3.04109e-17)
(26.7053 1.78783 7.28481e-18)
(29.9782 1.13495 -6.22165e-18)
(25.2826 0.428484 4.63868e-18)
(28.2349 -1.99031 0)
(24.9215 -2.2327 0)
(28.1685 0.0409304 6.38181e-18)
(25.5864 0.30748 -4.1444e-18)
(27.1876 0.968803 1.15756e-17)
(25.4543 2.14208 -6.23802e-19)
(22.9271 0.0165539 3.17654e-19)
(25.6005 -0.019613 -1.05315e-18)
(26.9239 0.753341 0)
(25.1191 2.70318 1.19864e-18)
(26.8101 3.66196 4.26339e-19)
(26.1938 0.0903704 3.862e-18)
(27.1926 0.379343 0)
(28.6915 0.295715 1.00539e-16)
(27.8691 1.8512 6.64467e-18)
(25.2902 -2.95541 0)
(19.2853 -0.00581891 0)
(25.8533 1.17663 0)
(24.6328 0.0267857 0)
(24.5814 0.505783 7.30767e-18)
(24.4811 0.348067 -8.62038e-18)
(27.7256 -1.38608 0)
(19.58 -0.00189443 0)
(28.5276 0.0182968 1.49716e-18)
(24.4359 0.145788 -1.1059e-17)
(27.1103 0.445933 9.24484e-18)
(28.783 2.32865 0)
(26.197 0.186332 -4.79848e-18)
(24.2971 0.391795 -9.11949e-18)
(29.2847 0.0777815 1.6894e-18)
(26.6475 0.952446 -3.1339e-18)
(28.283 -2.3585 0)
(27.0827 -2.32114 -6.69749e-19)
(25.947 0.101924 -1.21204e-18)
(28.4881 -1.0565 1.28937e-18)
(15.4763 -1.27947 0)
(26.0449 0.180109 -6.42928e-19)
(25.526 0.207736 -6.69069e-19)
(28.6721 2.5744 1.99445e-18)
(30.3009 0.00541332 -3.82627e-19)
(26.6869 6.33256 0)
(24.7048 0.0177608 0)
(31.4059 -0.0129508 2.73688e-18)
(27.3061 -3.63453 5.28757e-18)
(26.6887 0.273358 0)
(24.2735 0.179618 1.70209e-17)
(30.2386 -1.09197 0)
(27.8424 2.08359 1.04016e-17)
(25.7716 2.93293 0)
(26.4903 -2.01499 0)
(25.5946 0.0952748 -1.88036e-19)
(21.7945 0.708567 1.41328e-17)
(25.2243 1.82822 -3.46772e-18)
(25.9186 -2.92699 0)
(25.7649 3.19084 0)
(24.8787 1.58433 2.80325e-17)
(25.732 1.58655 4.96235e-18)
(25.66 2.02337 1.92074e-18)
(25.922 0.214186 2.88812e-18)
(25.6203 0.558008 -3.22219e-18)
(19.8015 0.00991185 -3.10979e-17)
(27.1586 3.67133 7.11597e-19)
(27.5353 0.0661658 1.64244e-18)
(23.9378 0.275602 -3.20976e-17)
(25.5196 1.4721 0)
(28.7498 0.473815 6.88735e-17)
(25.3901 0.225747 3.02206e-19)
(26.4901 1.93655 3.58432e-18)
(21.8909 2.39881 2.41293e-18)
(25.2445 0.782396 6.88142e-18)
(25.2202 1.14507 8.91872e-18)
(25.876 2.32496 -7.10746e-17)
(26.6952 0.827638 -7.0004e-18)
(27.6121 6.32716 0)
(22.6866 -0.0258623 -4.96756e-18)
(27.3533 -2.27153 1.36401e-17)
(25.5761 1.45157 0)
(26.0556 0.117168 -3.23452e-18)
(27.7089 -2.49184 -8.77491e-18)
(27.8246 0.156726 6.69892e-18)
(25.4039 0.357529 0)
(26.5241 0.124756 6.16986e-18)
(28.4632 0.102012 -1.88612e-18)
(24.3051 0.122034 -6.85349e-18)
(25.3933 4.75626 -5.32018e-19)
(29.9421 -1.46129 -5.10199e-18)
(30.0682 0.372841 0)
(25.9435 0.0314151 0)
(22.918 0.79752 0)
(20.5496 -2.8449 1.0227e-17)
(25.2836 1.84782 0)
(27.8485 0.290883 0)
(24.1844 1.06228 5.49076e-18)
(23.3481 -1.38437 4.1591e-18)
(20.9345 -0.00538497 5.20579e-18)
(28.9682 0.0510325 0)
(26.9926 0.245126 1.36462e-17)
(25.2956 0.723908 -3.91064e-18)
(23.0983 0.232319 0)
(29.0103 -1.26244 -1.89007e-17)
(24.964 -1.24056 5.36147e-18)
(24.1977 2.3405 -1.19128e-17)
(24.7211 -0.280166 -7.16615e-18)
(29.1851 1.94145 1.95547e-18)
(24.7152 1.07184 1.90091e-17)
(26.3805 -2.3805 0)
(26.4841 0.194645 0)
(25.6736 1.9805 3.44108e-20)
(25.9476 2.05165 -1.637e-18)
(26.2275 2.03352 7.63058e-19)
(25.8175 0.0233191 0)
(25.2454 0.0330728 0)
(27.7227 2.32758 0)
(25.1032 0.837768 2.69648e-18)
(27.5883 0.406593 0)
(27.3359 3.79056 0)
(24.1028 0.139726 6.71285e-18)
(29.3086 1.74697 0)
(25.7153 -0.425876 3.22468e-19)
(25.7509 1.53616 6.13174e-19)
(25.83 0.131985 2.74611e-18)
(23.7596 -2.1586 8.80548e-18)
(24.7757 0.176814 3.76326e-19)
(25.6495 1.90875 -4.56627e-19)
(25.2708 0.878235 1.84056e-18)
(25.1314 0.675531 -4.91204e-18)
(25.1672 1.91626 1.51966e-17)
(27.689 1.2529 -2.64421e-18)
(25.3358 0.713046 0)
(25.6316 2.88266 0)
(24.6398 1.23534 0)
(25.8221 2.98064 0)
(26.7703 1.11786 0)
(25.4734 6.36445 0)
(29.5821 0.159929 -1.24543e-17)
(27.332 1.06619 2.0665e-17)
(27.346 -2.09703 4.04504e-18)
(23.3445 -5.20663 -2.62653e-18)
(26.664 2.88302 7.09509e-19)
(22.6016 2.53787 0)
(26.1396 0.196424 -3.24742e-18)
(25.0445 3.38708 2.08124e-18)
(25.1819 0.83442 -3.18049e-19)
(24.5643 0.248376 0)
(29.3858 1.4198 2.68245e-18)
(25.6591 2.27143 0)
(27.0138 0.0343954 3.55431e-18)
(27.0039 1.18529 -1.07737e-16)
(25.2261 1.11182 -1.00336e-17)
(24.6565 0.281246 0)
(25.9201 0.150342 0)
(19.6208 0.0288234 0)
(31.3503 0.0253805 0)
(31.6718 -0.0205374 0)
(19.248 -0.0420033 0)
(25.3887 0.71012 0)
(26.5767 1.22466 -1.61966e-17)
(21.5101 0.0197896 -2.20377e-18)
(30.1199 0.0251599 6.19954e-18)
(30.2447 -0.723921 5.79486e-19)
(28.1266 0.499568 4.30922e-17)
(28.8478 1.37223 2.89507e-18)
(27.4004 2.73208 0)
(26.2129 -2.03944 5.93158e-18)
(25.4668 1.60007 -1.0121e-17)
(25.7224 0.0278481 0)
(27.4378 0.642615 -3.65617e-17)
(26.2102 1.6168 -7.37905e-18)
(24.0266 0.182839 -4.99244e-18)
(26.9772 0.0212664 5.03994e-18)
(28.4327 0.111876 0)
(25.6388 1.58482 7.9932e-18)
(27.1351 0.377145 1.92643e-17)
(27.9181 1.70959 3.18417e-18)
(24.4742 1.1448 -8.10811e-17)
(25.5372 2.12688 0)
(24.2425 0.0272489 0)
(26.8102 1.00033 -2.57213e-18)
(31.4106 0.0224642 1.81619e-18)
(26.1365 2.32414 -5.59836e-16)
(27.3636 0.208745 0)
(25.503 0.389854 4.37726e-18)
(28.1725 3.14573 0)
(25.9927 1.97016 -1.68178e-17)
(25.6142 2.12182 0)
(26.2184 -0.819214 -2.1048e-18)
(22.3996 4.98287 0)
(25.731 0.171417 0)
(25.5601 0.328841 9.53269e-18)
(27.4354 0.360001 0)
(26.527 3.09358 0)
(27.496 0.00959039 9.33964e-19)
(28.057 0.282378 -2.87071e-17)
(24.962 1.24946 -4.21329e-18)
(25.5073 0.804977 -1.35037e-18)
(26.8642 5.16342 -3.56272e-19)
(20.9335 2.6509 2.18267e-18)
(27.6948 0.188148 -6.69057e-18)
(27.511 0.707732 -5.1957e-17)
(24.3501 0.451788 7.51153e-18)
(22.8282 -0.124788 -2.35783e-17)
(25.7313 2.94053 0)
(26.1514 4.64078 -7.01895e-18)
(25.3401 0.801821 -8.14215e-19)
(25.4644 1.04308 -7.82166e-19)
(16.9786 1.69 0)
(25.7001 0.922582 0)
(25.3725 1.79944 6.01241e-17)
(24.0881 -0.153284 2.41575e-17)
(17.1369 1.51828 8.11089e-18)
(24.213 -3.19612 7.857e-19)
(25.3393 0.915097 0)
(25.6764 1.16246 0)
(31.3994 0.00936382 0)
(16.2596 1.61097 -3.37922e-18)
(14.6366 -1.42628 -1.02008e-17)
(24.5047 1.60015 1.42199e-16)
(29.9903 0.991421 4.22473e-18)
(28.6292 -1.7316 1.36669e-17)
(24.9667 0.173365 4.3845e-19)
(30.3145 -0.837172 -9.2581e-18)
(15.837 2.25673 -2.24774e-18)
(17.2547 2.21872 6.44377e-19)
(30.0879 1.60144 0)
(16.7929 -4.18724 0)
(24.7232 1.90489 0)
(30.6546 -2.71084 0)
(17.0768 -0.878618 0)
(18.593 0.932895 3.72708e-18)
(25.573 -5.26443 -1.92414e-18)
(16.9383 1.959 -7.89505e-19)
(28.8434 2.01551 3.5761e-18)
(29.1342 -0.0990522 9.94259e-18)
(29.7623 5.28903 0)
(27.2271 0.875468 -3.17432e-17)
(16.5761 2.17921 -7.76331e-19)
(16.1589 2.11284 0)
(23.4523 0.438882 -3.67301e-17)
(12.0709 1.80764 0)
(27.2823 0.226213 1.62715e-17)
(17.8811 0.858163 4.17271e-18)
(24.7515 0.222795 -2.03943e-18)
(26.754 -3.9087 8.13101e-19)
(15.0426 2.28432 0)
(16.9557 1.2363 -4.20211e-18)
(25.8152 0.185104 8.95146e-19)
(12.8782 1.92237 -1.91291e-18)
(21.9181 -2.75313 7.34921e-19)
(25.4204 0.612961 0)
(28.0603 -2.02624 0)
(27.307 3.21313 0)
(17.0423 1.35364 0)
(17.5242 1.20833 4.78241e-19)
(25.4136 0.0314186 0)
(20.8419 -2.46915 4.92423e-18)
(29.5272 1.54114 3.64965e-18)
(17.473 1.32796 0)
(23.8621 -0.49987 -3.09982e-19)
(24.1107 3.48469 2.57024e-18)
(25.5026 0.57572 0)
(28.1675 1.34408 1.78243e-18)
(29.2908 5.04925 5.93238e-18)
(17.8349 1.31211 2.4645e-18)
(25.9251 1.61932 -3.55051e-17)
(27.4319 -1.45072 0)
(17.4083 1.03224 -3.49977e-18)
(19.6759 -0.126462 -5.01917e-18)
(17.4485 1.15684 8.30552e-18)
(17.0248 1.40277 3.48519e-18)
(16.476 1.45131 -3.833e-18)
(16.3363 2.52617 0)
(17.4023 1.48308 0)
(16.7661 2.00704 2.37787e-18)
(17.915 1.23846 4.44299e-19)
(19.6632 -0.255225 5.14084e-18)
(26.0552 2.92956 0)
(18.232 0.660008 0)
(16.971 1.83509 3.76078e-18)
(18.2626 0.152275 0)
(15.828 2.414 5.35672e-19)
(17.049 1.25714 3.14276e-18)
(20.0075 0.252618 -1.34771e-19)
(25.4147 0.696555 0)
(17.8882 0.718528 -5.92025e-19)
(28.9206 2.02874 -5.3221e-19)
(17.8547 1.17982 0)
(25.8741 3.75011 5.19815e-20)
(24.7121 1.13874 1.09504e-17)
(17.3578 1.42624 0)
(19.7515 -0.38337 5.18392e-18)
(15.9207 2.42536 -1.38685e-18)
(17.2581 2.17776 2.31207e-18)
(25.1328 0.64211 7.02517e-18)
(19.5161 0.494069 0)
(14.4691 2.40018 -4.89725e-19)
(23.39 -3.88428 -4.37822e-18)
(29.9209 1.04023 -3.39195e-18)
(14.2667 2.39093 -5.63904e-20)
(19.5943 0.0991245 7.95545e-20)
(18.5959 0.599313 4.38417e-18)
(17.2486 1.059 0)
(26.3039 0.158892 2.17975e-18)
(27.0852 3.71054 -1.39835e-18)
(24.5491 1.59959 0)
(17.3244 0.916431 0)
(31.1176 3.52142 0)
(27.7934 -1.14475 0)
(25.5364 -1.98646 -2.07052e-18)
(22.5511 1.42828 6.8779e-18)
(27.1196 0.293239 -1.63416e-17)
(17.7394 0.808943 4.45516e-18)
(25.5053 -4.96697 1.82554e-18)
(23.437 0.143523 2.13075e-17)
(28.9647 -0.9581 0)
(14.7344 2.29791 -1.15638e-18)
(18.6653 0.0172235 -5.8949e-18)
(14.2427 2.29041 2.23719e-18)
(25.6633 0.209571 -4.9177e-18)
(29.3671 -0.609007 -2.22369e-17)
(14.1833 2.4079 0)
(30.0847 0.478744 0)
(23.798 0.0498536 8.37712e-19)
(19.7782 -0.510737 -4.93538e-18)
(25.7167 0.228842 -2.18827e-18)
(26.2171 5.14555 6.6805e-19)
(25.0488 0.591809 4.59781e-18)
(26.9949 -2.64634 4.10675e-19)
(27.0487 0.32758 0)
(25.7781 0.171659 0)
(27.9539 0.346951 0)
(23.1232 -1.47478 1.10085e-17)
(13.827 2.30842 -3.79936e-19)
(24.6396 0.20157 6.96403e-18)
(22.7606 -0.530192 0)
(26.0883 2.10655 5.82488e-17)
(29.1781 1.69549 -5.26349e-19)
(19.6656 -0.0655431 -4.96119e-18)
(16.7781 -4.07001 2.15192e-18)
(27.0758 0.101045 4.66915e-18)
(29.6499 0.842828 2.20845e-17)
(20.744 -2.62823 5.74995e-18)
(26.6973 1.10926 5.17708e-17)
(25.2233 0.752892 3.35937e-18)
(28.4858 2.72347 0)
(12.7497 2.2434 5.43183e-19)
(29.3477 1.40898 -4.99367e-18)
(25.1794 0.0295674 0)
(28.4052 0.737026 0)
(27.0033 1.09282 -1.66935e-17)
(25.6352 0.276937 2.09268e-18)
(26.4472 2.54211 -1.01476e-18)
(25.4341 1.24433 1.08125e-18)
(21.5861 -1.44847 -6.48716e-19)
(27.0596 6.20561 -4.54982e-18)
(25.5915 0.255447 5.15938e-18)
(16.6578 -4.19396 4.64541e-18)
(25.801 1.95974 1.45749e-17)
(25.5636 0.747225 -8.89869e-19)
(28.39 -1.87303 5.46948e-18)
(26.2222 0.140142 -9.78781e-18)
(13.1865 2.31547 8.74569e-19)
(23.9667 0.232322 9.98007e-18)
(19.8415 -0.822795 5.00754e-18)
(12.5619 1.94027 0)
(29.7162 0.545297 1.37642e-17)
(25.7913 2.6331 4.72602e-17)
(21.163 -2.10527 4.56916e-18)
(18.2936 -4.23106 -3.28265e-19)
(24.5616 -2.54925 4.3597e-18)
(23.2377 0.0513228 9.79167e-18)
(27.0297 1.2293 1.41829e-16)
(25.4422 1.68798 0)
(31.8812 2.8195 1.52711e-17)
(19.4356 -3.96339 2.82525e-18)
(27.2607 1.00382 -8.06095e-17)
(21.6203 0.0270431 -9.55004e-18)
(26.1242 0.67542 1.89995e-18)
(25.39 0.684777 -1.20132e-18)
(29.9065 -1.08221 0)
(23.2335 -0.54155 2.24195e-17)
(27.337 -1.7701 2.61201e-18)
(25.98 0.33653 4.64551e-18)
(23.4338 0.233043 -2.0522e-17)
(26.8502 0.833341 0)
(20.2048 -1.99902 -1.29029e-18)
(17.2998 -4.20586 -1.61031e-18)
(19.7225 -0.715271 -1.11162e-17)
(23.8673 2.61197 -5.48989e-18)
(30.3416 0.944377 1.65618e-17)
(27.8242 -1.76281 -7.93213e-18)
(29.8973 0.0438763 -1.43278e-17)
(26.913 0.783321 1.83366e-18)
(17.9682 -4.28494 -1.2387e-18)
(27.4206 0.834368 6.21715e-17)
(19.946 -3.95829 -4.62001e-18)
(25.2996 0.81794 0)
(18.7302 -4.21788 -2.973e-19)
(21.4644 -1.9307 9.0115e-18)
(18.6164 -4.13573 0)
(20.6822 -2.8585 0)
(25.1141 0.51828 0)
(20.2638 -3.2714 -1.75016e-19)
(28.469 3.00628 -7.9422e-19)
(26.4032 0.253478 -4.96103e-18)
(23.055 4.484 0)
(20.5231 -3.05215 5.05601e-18)
(23.4053 -2.71699 2.14295e-18)
(26.91 -2.92638 2.55922e-18)
(26.8394 0.318208 -5.55915e-18)
(11.8319 1.7726 3.88561e-18)
(25.3153 0.994199 -8.63433e-19)
(19.8211 -3.67405 3.13212e-18)
(20.0229 -3.4229 3.08065e-18)
(13.9093 -1.28181 -5.78912e-18)
(25.3988 0.344297 -4.20883e-18)
(16.2941 -4.00613 -2.80387e-18)
(24.8242 1.50062 0)
(17.8556 -4.34395 9.66478e-19)
(28.6921 -4.01009 0)
(25.1403 0.452538 7.95196e-19)
(26.3855 -2.22187 0)
(18.9255 -4.13362 -3.3697e-19)
(25.1192 2.92112 -1.60455e-18)
(26.3969 -2.31856 -1.19167e-18)
(28.551 0.0296519 0)
(11.9407 2.03792 0)
(23.2088 3.74264 0)
(22.3738 2.76771 -4.23435e-18)
(29.6231 -0.309236 0)
(19.0243 -1.20572 0)
(26.2055 3.79253 -1.2444e-18)
(27.5524 1.44748 5.04113e-18)
(29.9658 -0.89244 9.85688e-18)
(25.5165 1.49066 -1.67569e-17)
(25.5367 0.302895 -6.83738e-18)
(27.275 0.511798 0)
(29.8601 -0.00646168 3.64983e-19)
(30.4079 -2.01069 4.26155e-18)
(30.6454 -0.0884111 7.5637e-18)
(22.7003 -3.21027 5.45716e-19)
(29.1739 -2.02302 -6.08577e-18)
(25.3972 0.879835 -2.28721e-18)
(27.0737 -2.20222 -1.97718e-18)
(15.7384 -3.70619 -8.09529e-18)
(30.127 -0.182389 7.69311e-18)
(15.5645 -3.84853 -9.12217e-18)
(24.6189 -1.31323 -4.69077e-18)
(24.1655 0.416003 -1.27392e-17)
(26.8771 0.533579 -9.36216e-19)
(25.4168 -0.0666073 2.19837e-18)
(23.8436 2.51878 7.16454e-18)
(28.9566 5.64061 -7.63344e-18)
(25.1709 0.385213 1.59382e-18)
(25.4228 0.728079 4.94927e-18)
(26.1182 -2.38463 -3.38576e-19)
(27.903 -0.694468 -5.23235e-18)
(27.8882 0.586695 0)
(27.789 2.15941 -4.42795e-18)
(25.9931 1.67351 3.43527e-17)
(27.0447 0.965154 9.48676e-17)
(25.8025 1.64663 -1.09639e-17)
(24.9117 0.393668 6.5947e-18)
(25.056 0.53737 -4.44611e-18)
(27.2125 -2.96722 5.65547e-18)
(12.0153 1.72068 1.76653e-17)
(25.3359 1.16466 -2.64627e-18)
(22.4365 2.97156 -5.89828e-18)
(28.0534 -1.55949 -2.20037e-18)
(27.771 0.0364896 0)
(30.0984 -0.000348722 -2.69222e-18)
(25.488 0.736205 5.34486e-18)
(15.5036 -3.5573 0)
(26.7025 0.287599 -7.69965e-19)
(25.4213 1.3357 4.06441e-18)
(27.2176 -2.85821 6.53422e-18)
(24.8736 0.307925 0)
(25.3931 1.86914 2.02061e-18)
(20.5067 -2.87622 -2.04984e-18)
(25.4906 1.70598 1.01304e-17)
(9.88265 1.49473 1.84685e-17)
(25.1596 5.44331 2.29188e-19)
(27.6617 1.34425 0)
(26.084 -1.56529 5.79583e-18)
(27.7019 2.42047 -3.01004e-18)
(25.084 1.6243 0)
(25.0497 0.473856 0)
(25.4075 1.91933 -6.03944e-17)
(29.6961 1.52253 -7.05716e-18)
(27.3223 0.827471 -3.08445e-17)
(26.8548 1.03245 -2.20091e-17)
(25.4061 0.674167 4.3767e-19)
(26.4128 0.242706 0)
(27.9054 0.0377232 -1.03725e-17)
(24.8652 0.524648 -1.19174e-17)
(26.287 2.21494 -3.59018e-18)
(25.088 0.414712 -2.68383e-18)
(27.2309 -2.64743 4.34247e-18)
(23.7084 0.0675406 -8.55606e-18)
(24.6743 0.489291 4.62644e-18)
(25.3792 1.39444 1.68373e-17)
(25.3989 0.715896 0)
(25.2388 0.475533 -1.21988e-18)
(12.1949 1.41323 -8.50833e-18)
(25.7808 1.70372 2.041e-17)
(27.4118 -4.58708 1.33039e-18)
(25.801 2.81978 0)
(16.4506 -0.939101 1.12791e-17)
(24.0972 1.55184 0)
(27.7924 0.267204 0)
(28.1244 0.0858114 0)
(12.7929 -1.7465 -8.82244e-18)
(27.0625 -3.26146 0)
(24.3933 1.21427 1.04683e-16)
(26.9236 4.39355 -3.91575e-18)
(25.078 1.50755 -5.20263e-17)
(25.3115 6.91875 8.69269e-18)
(27.3569 2.83476 -2.39445e-18)
(24.7743 1.01404 -3.13635e-17)
(23.9129 0.0792558 2.11751e-18)
(26.3573 1.38748 -5.23416e-17)
(14.8281 -3.27755 0)
(25.2203 0.885246 -7.4587e-18)
(24.2634 0.686885 0)
(27.996 1.63948 6.8165e-18)
(25.5153 1.6018 -1.59439e-18)
(14.6423 -1.07428 4.88778e-18)
(25.4352 1.41875 -8.23906e-19)
(27.6178 1.99011 -2.09842e-18)
(30.0754 -0.84915 6.72089e-18)
(24.9137 1.78271 0)
(27.0558 2.82599 2.74835e-18)
(25.0847 0.834434 -1.05506e-17)
(25.2845 3.0416 -2.85508e-18)
(21.6152 -0.000250417 0)
(31.7176 0.0106612 -7.12231e-18)
(27.8819 2.69146 1.05373e-19)
(29.0216 0.679117 0)
(26.8791 -4.50999 -1.25946e-18)
(26.6055 -4.18586 0)
(26.6242 0.258605 7.29058e-18)
(25.1632 0.22113 2.46613e-18)
(26.431 3.16307 0)
(13.8667 -2.49687 2.09434e-17)
(22.0311 -2.17107 9.9665e-18)
(24.4643 -1.37009 -5.43274e-18)
(27.6519 -2.18558 -5.67414e-18)
(29.783 2.12494 0)
(27.3575 -1.43243 -2.06673e-18)
(24.1409 0.263159 1.4632e-18)
(29.3607 1.58594 0)
(25.1901 -0.161947 -1.29493e-17)
(25.3857 0.352396 -5.53274e-18)
(14.5738 -2.97432 -1.76471e-17)
(25.5847 2.60612 2.87831e-20)
(27.4749 0.244325 -2.71861e-17)
(25.3641 1.24564 -3.2692e-18)
(17.9304 -1.30221 0)
(24.8328 1.63745 0)
(25.0529 1.49923 -1.87341e-18)
(26.3488 -0.544509 6.53488e-19)
(25.1936 1.48683 4.83571e-17)
(25.8608 1.61621 -2.72665e-18)
(27.4893 2.22417 1.34234e-18)
(26.1668 -2.81224 -5.57503e-19)
(24.4657 0.293351 6.59468e-18)
(27.7132 6.10418 0)
(27.5432 0.305393 0)
(16.7139 -2.83639 3.83753e-18)
(28.836 0.102466 -8.41661e-18)
(26.2987 1.54199 1.3209e-18)
(14.4537 -1.32962 -6.02332e-18)
(26.6384 1.58587 6.40187e-18)
(26.945 -2.89809 -3.89986e-18)
(25.5525 3.95857 -1.09783e-18)
(27.7296 0.0392867 2.13837e-19)
(29.1925 -1.47536 -1.2052e-17)
(25.2302 -5.9292 3.67189e-18)
(26.0221 0.147426 0)
(26.5048 -3.53954 -2.61908e-18)
(24.5971 0.33295 -6.58525e-18)
(18.2901 0.617674 8.91374e-18)
(25.8406 1.02545 4.23749e-18)
(27.3725 0.278388 0)
(23.7197 2.16495 -8.93693e-18)
(28.2897 1.2777 -1.78459e-18)
(27.782 0.21937 8.98425e-18)
(31.1171 -1.09762 -2.91901e-18)
(25.5308 1.08494 5.22863e-19)
(28.203 0.905074 6.27889e-18)
(25.2189 1.59468 -7.0231e-17)
(21.4545 0.109796 7.54869e-18)
(25.3184 1.44324 -1.78676e-17)
(26.2451 2.0017 -1.16476e-16)
(24.869 0.895876 -2.30484e-17)
(26.9194 -0.120889 4.86049e-18)
(30.0725 0.933167 0)
(26.6213 0.163667 6.00753e-18)
(24.6641 1.6339 2.23568e-18)
(28.1676 0.554945 0)
(26.0716 -0.232075 3.67317e-18)
(27.1257 2.56147 -3.60143e-18)
(26.9553 0.171166 1.1297e-17)
(15.5237 -1.21173 0)
(25.3531 1.50643 1.31421e-17)
(30.5897 -0.262205 -7.68237e-18)
(28.0446 -1.0385 2.58269e-18)
(14.5035 -1.39654 -3.39423e-18)
(23.0625 0.154462 -2.58506e-17)
(24.9065 0.854493 2.32405e-17)
(21.5653 0.125427 3.53241e-17)
(27.0186 0.931932 -5.95598e-17)
(26.6552 0.0908287 2.85329e-18)
(28.3554 -0.400058 1.55501e-18)
(27.1795 0.676433 0)
(26.1463 2.79768 1.46597e-18)
(23.3671 0.112672 -6.46594e-19)
(28.6021 4.54593 -1.63716e-17)
(26.8324 1.0205 2.36317e-17)
(25.3225 1.07912 1.56592e-18)
(28.4977 0.148834 0)
(26.9175 1.35572 0)
(24.1837 -0.480677 -7.26368e-18)
(26.6803 1.34203 1.57148e-18)
(27.0338 -5.38037 7.9719e-19)
(24.8293 0.35763 0)
(28.5333 0.648613 -1.71923e-19)
(26.931 2.54248 4.04903e-18)
(15.0576 -0.901237 -6.17929e-18)
(26.3483 2.88029 0)
(26.8396 1.44024 3.6687e-18)
(29.5338 0.991915 6.51438e-18)
(28.3311 -0.200689 2.10981e-17)
(25.4273 0.657171 0)
(25.321 1.21561 0)
(27.3086 2.2317 -4.29679e-20)
(25.5789 1.71796 4.31946e-18)
(25.3274 1.53434 2.38049e-17)
(26.868 0.155 -5.98976e-18)
(26.6926 -1.61818 1.69001e-18)
(26.4877 4.32723 3.56643e-18)
(28.7279 1.6339 8.91482e-18)
(26.8256 0.352752 -2.6022e-18)
(25.2046 1.63974 1.25636e-18)
(22.9544 0.337264 -5.71422e-18)
(25.0391 0.88464 2.15113e-17)
(25.6003 0.70833 0)
(26.7616 -0.495188 0)
(26.5958 1.44114 -5.14632e-18)
(28.5383 2.02044 -4.94085e-18)
(25.8107 1.09204 -3.26469e-18)
(22.6675 1.64156 0)
(27.9713 1.30723 1.54907e-18)
(21.158 -2.58649 0)
(29.5999 -2.56365 0)
(28.6134 5.40702 4.72928e-18)
(23.8881 3.84019 0)
(28.4286 3.08835 -2.45848e-20)
(26.1929 1.86179 4.271e-19)
(25.1039 0.74992 4.30136e-18)
(22.0019 -4.0156 0)
(16.0153 -1.18127 0)
(29.6627 -2.3195 4.06228e-18)
(13.0439 -1.82845 2.20301e-18)
(27.991 0.229218 0)
(25.3086 0.988821 -5.36189e-18)
(22.7775 -5.14964 -5.59598e-18)
(26.4522 2.80477 0)
(29.0192 -2.57211 0)
(31.2439 0.633529 -9.88815e-18)
(25.6621 1.05989 -1.5909e-18)
(10.9144 -1.93782 0)
(14.4584 -1.16911 4.51137e-19)
(17.7988 -0.622719 1.01713e-17)
(26.6119 1.674 5.23378e-18)
(25.9065 -0.105991 -2.93371e-18)
(26.6556 -3.02777 3.01275e-18)
(25.3195 0.825995 5.05203e-18)
(29.3883 4.63244 -1.34939e-17)
(29.9465 -0.934218 -2.71299e-19)
(29.2279 2.50701 7.81041e-19)
(19.9005 -2.3618 9.18403e-18)
(25.0341 0.781314 -2.86353e-18)
(18.2171 -0.487224 0)
(25.5885 1.50972 0)
(23.7226 0.418045 0)
(25.5356 0.716782 0)
(15.2767 -1.03465 0)
(18.0714 1.04484 -3.84477e-18)
(23.3529 0.0218465 0)
(15.3611 -1.2688 -2.14927e-19)
(18.57 -0.218234 0)
(23.2738 0.0297049 -4.52066e-18)
(25.392 1.47452 -9.18891e-18)
(28.1937 4.53731 9.26294e-18)
(15.6508 -1.03905 -6.69758e-19)
(15.312 -1.02115 5.08926e-18)
(25.5322 0.642717 2.00695e-18)
(17.7401 2.51609 0)
(30.0092 -0.992913 -9.71075e-18)
(15.7536 -0.696522 -6.09645e-18)
(16.6668 -0.40313 0)
(30.0691 2.87303 -1.11361e-17)
(26.7549 -2.73232 0)
(25.9418 0.242616 -6.03352e-18)
(17.6371 2.546 -2.57377e-18)
(25.3336 -0.310166 4.87336e-18)
(27.5421 2.14657 -1.32297e-18)
(28.2367 0.694524 0)
(27.2048 0.197408 3.50265e-18)
(24.5636 3.82516 0)
(25.9207 -1.99753 -1.20542e-18)
(16.3525 -0.427932 -7.29314e-18)
(24.7692 0.700878 1.61359e-17)
(24.4289 2.50774 0)
(15.5964 -0.768972 4.71677e-18)
(18.9879 0.889338 -3.78286e-18)
(24.5346 2.30407 -1.65847e-18)
(26.1811 1.37939 7.62986e-18)
(30.3166 -0.637279 4.57848e-18)
(15.0358 -0.924722 0)
(26.9779 0.69749 6.97438e-18)
(23.488 0.199302 3.27175e-18)
(31.4196 3.69459 4.02404e-18)
(29.8624 -0.120684 -3.10062e-18)
(17.8583 -0.104735 -1.31388e-17)
(25.3023 0.620578 3.66519e-18)
(28.0372 5.82226 0)
(29.8247 -1.14861 7.42661e-18)
(19.2272 -1.59544 0)
(25.5941 1.81503 -1.83014e-18)
(19.5296 0.87689 1.47323e-17)
(25.4447 0.954024 2.84783e-18)
(25.7098 1.55015 8.53068e-18)
(22.774 3.18157 0)
(29.5074 0.0349673 6.97985e-18)
(18.2698 0.663405 9.92009e-18)
(19.5472 -0.0221014 0)
(23.5745 3.32822 2.04827e-18)
(24.5358 3.26553 0)
(27.0006 3.67285 0)
(25.8369 -0.450654 7.84691e-18)
(26.8769 1.28905 -2.48754e-18)
(23.6553 0.487745 6.16142e-18)
(25.252 2.59822 -4.39933e-18)
(24.3486 -3.08993 0)
(25.2789 2.32253 -3.19369e-18)
(15.3078 -0.763627 -2.70475e-19)
(25.3971 0.724084 0)
(26.9154 -4.83266 1.59198e-19)
(23.594 -4.85889 -8.08572e-19)
(25.2091 1.22192 -9.93669e-18)
(25.541 0.0457103 0)
(25.2507 0.895421 1.13217e-17)
(27.8896 -2.38661 0)
(19.7347 2.77242 1.34077e-17)
(23.8037 3.51819 2.53014e-20)
(22.8392 0.0484426 0)
(23.2116 0.0291047 -6.00891e-18)
(27.0696 0.151106 -9.41262e-18)
(26.1673 3.84019 -1.14065e-20)
(24.8725 -2.14506 -5.35358e-18)
(25.0953 0.690023 0)
(24.8907 2.95697 7.41676e-19)
(20.7817 -2.81053 1.25361e-18)
(27.5453 2.18351 4.46328e-18)
(26.214 0.208123 0)
(25.0157 2.90547 7.60798e-19)
(24.719 3.10144 -3.07039e-18)
(25.2818 0.9362 -1.47486e-18)
(25.5025 3.23795 0)
(25.3391 1.82284 3.53158e-18)
(26.0984 2.63777 1.18176e-18)
(25.4547 2.046 7.69699e-19)
(23.1445 3.5773 0)
(24.9416 3.19536 -2.55281e-18)
(13.3718 -1.70757 6.44378e-19)
(25.0349 2.08826 7.89136e-19)
(27.6439 2.01421 4.72661e-18)
(26.1018 1.96307 -3.16823e-18)
(25.758 1.6245 -1.6891e-19)
(28.8235 -0.205613 -7.01052e-20)
(22.9341 3.45557 0)
(26.6914 1.46847 1.36567e-16)
(26.0756 1.63083 -2.02276e-19)
(24.7343 2.06312 -3.36511e-18)
(29.6347 0.0561608 -2.60527e-17)
(25.8573 1.87932 0)
(30.026 -3.48753 0)
(25.8227 2.16875 0)
(25.4739 1.70971 0)
(24.9477 0.508494 4.98125e-19)
(26.3558 1.24118 0)
(25.4278 0.783639 -6.09293e-18)
(26.4324 1.77712 4.28522e-19)
(24.9363 2.12823 2.8833e-18)
(28.8736 -0.398268 -4.96502e-18)
(19.554 3.0585 0)
(28.0086 0.515444 4.80801e-18)
(23.5337 3.5839 1.34222e-18)
(26.7601 2.23768 1.79629e-18)
(25.7714 1.76189 0)
(27.4729 0.505732 0)
(27.9968 -1.77304 2.67794e-19)
(27.2641 0.88076 -5.39171e-19)
(14.5097 -0.86714 0)
(25.6685 1.54913 -3.92614e-18)
(24.1475 -5.85825 9.7881e-19)
(29.8378 1.35908 -7.90937e-18)
(20.2367 3.09894 -1.72831e-18)
(28.0632 0.345824 0)
(30.442 -3.29942 -8.51221e-18)
(21.3433 3.55759 0)
(27.654 1.9149 2.04277e-18)
(25.5414 1.52654 -8.04728e-18)
(26.0752 1.61826 -3.59848e-17)
(26.3123 1.18279 -4.19347e-18)
(22.9324 -2.65984 -3.02018e-18)
(28.0892 0.16949 3.56653e-18)
(14.4952 -1.81841 3.72053e-18)
(22.562 3.51325 -2.1064e-19)
(26.7538 2.79208 -7.16639e-19)
(24.0914 -6.03785 -1.88645e-18)
(25.4172 -0.533854 9.05824e-18)
(29.4977 0.348243 -2.08143e-19)
(26.5352 0.0851043 -1.05195e-17)
(31.2071 4.19687 -3.0095e-18)
(21.6384 3.55668 4.56552e-19)
(28.6309 2.34485 1.05682e-18)
(25.4213 2.21055 6.95667e-16)
(26.1496 2.00328 1.14479e-16)
(24.8955 1.70915 2.67835e-18)
(27.73 0.198917 4.49205e-18)
(21.1188 3.55446 6.06238e-20)
(29.9716 -0.299189 -2.34343e-18)
(22.774 -2.97533 -2.95944e-18)
(28.7046 -0.0623225 0)
(25.3066 0.933263 -1.64787e-18)
(20.8352 -4.3309 -2.74868e-18)
(24.2572 -4.99404 -1.21736e-18)
(27.7533 1.68431 -8.4733e-18)
(18.495 2.7246 0)
(17.9081 4.31622 -3.9717e-18)
(19.547 -0.0324607 0)
(30.1762 0.0449596 0)
(19.249 3.21681 1.53168e-18)
(12.0675 -2.0188 -2.68269e-18)
(28.6788 0.0266257 4.78536e-18)
(25.1325 1.11843 1.22889e-17)
(29.0246 -0.581791 4.88031e-18)
(10.1636 -1.70886 -1.71957e-19)
(27.8039 0.700164 1.05978e-16)
(29.8532 -1.22558 1.16229e-17)
(25.0593 1.58131 0)
(25.5676 0.230411 -2.48648e-18)
(27.8928 -0.537128 1.56242e-17)
(31.5172 3.87608 -1.00933e-17)
(28.5256 0.851784 1.9214e-17)
(24.4646 -1.72881 -4.17948e-18)
(20.6202 3.47814 0)
(24.966 0.68555 -1.44449e-18)
(28.2975 -4.34842 -3.51576e-18)
(27.4286 -5.49902 -7.75959e-19)
(23.1973 -2.25465 3.66115e-18)
(25.3259 0.845681 1.13279e-18)
(30.3798 -0.525937 1.50305e-17)
(28.2644 -1.39851 -9.64942e-18)
(20.0346 3.26313 -1.22427e-18)
(22.8407 0.0187602 4.5118e-18)
(23.0899 0.200357 1.83725e-17)
(25.2044 -3.24316 6.54989e-19)
(23.6383 0.765596 -1.71035e-17)
(25.4531 0.754522 -1.52037e-19)
(29.0405 0.000237034 1.93183e-18)
(26.9455 1.24599 9.25505e-18)
(25.3466 2.68641 0)
(25.7253 2.87548 0)
(17.8576 2.68347 8.47885e-19)
(25.3293 1.29191 -1.03774e-17)
(17.2636 -0.0024162 -1.25783e-19)
(29.0544 2.05937 -2.37516e-18)
(25.3996 0.800387 5.31948e-19)
(25.2203 -3.12713 -1.02033e-18)
(25.1921 0.177334 4.55847e-18)
(23.4673 1.38225 -6.74529e-18)
(19.6898 3.30429 -9.95985e-19)
(30.5344 3.46956 -1.16919e-17)
(27.1453 -1.31717 0)
(21.1213 2.74092 1.92082e-17)
(25.3135 0.028984 -4.40618e-19)
(17.2201 4.45975 4.49641e-19)
(20.779 -1.46185 -1.00997e-17)
(20.2618 -2.0721 0)
(29.9965 -3.82231 -4.28476e-18)
(24.0294 -1.77119 7.12179e-18)
(28.3458 1.99333 0)
(15.9257 1.24313 -4.63962e-18)
(27.1945 2.47114 0)
(27.444 2.52666 0)
(29.9852 -2.77859 0)
(28.9064 -0.789666 5.14027e-18)
(30.1138 0.0622432 3.8663e-17)
(28.7787 5.03616 9.38755e-18)
(16.718 3.96506 -2.61142e-18)
(25.2346 -5.66436 -2.96799e-18)
(30.9093 -1.22052 5.87212e-18)
(26.1554 1.53854 7.8403e-18)
(25.1916 0.317566 0)
(27.712 -0.741671 1.02591e-18)
(22.9094 0.0488551 0)
(24.5938 3.32191 3.05575e-18)
(25.0443 1.33814 2.28687e-17)
(28.4285 -5.56214 -7.725e-19)
(18.1475 4.20334 -6.07993e-18)
(14.0445 -1.54967 0)
(27.3673 -5.70946 -1.59906e-18)
(26.7669 -6.03329 3.38431e-20)
(29.8789 -2.61019 0)
(24.3556 -5.94012 -1.82764e-18)
(26.2363 -6.02858 -5.23738e-19)
(20.3705 2.35655 -7.25086e-18)
(25.4944 1.71104 -5.95081e-19)
(25.8656 2.93721 0)
(19.0192 1.24176 -7.88247e-18)
(31.3215 3.31465 0)
(31.5415 -2.35539 -8.57428e-18)
(27.1577 0.957432 -8.27112e-18)
(26.6687 1.02015 -4.20806e-18)
(29.0686 -1.09175 5.23483e-18)
(28.1147 0.573645 3.66493e-17)
(23.8188 -5.86814 9.40774e-18)
(28.9626 0.390616 2.76439e-17)
(28.1312 0.802013 -6.5259e-18)
(29.8832 -4.13836 -2.94349e-18)
(31.3664 -0.0178275 0)
(20.9113 0.0364737 5.64671e-21)
(22.6191 -5.27343 7.89318e-18)
(27.0169 2.89821 0)
(18.0727 4.07366 -2.00604e-18)
(29.589 -4.42438 3.49617e-18)
(25.0513 0.297082 -4.11276e-18)
(29.3801 1.60273 8.51573e-19)
(28.9277 -5.43653 5.07942e-18)
(25.499 1.51893 4.42027e-19)
(29.2711 -4.72045 -3.39652e-18)
(27.5479 0.834276 -1.45261e-17)
(24.8741 0.802197 0)
(28.3644 6.39054 1.09507e-18)
(20.0977 1.91349 -1.44481e-17)
(23.3023 0.991052 7.65644e-18)
(29.4201 -1.71505 0)
(19.6598 1.59038 -7.97254e-18)
(21.472 0.100867 -3.26456e-17)
(28.9087 -4.93761 -7.17235e-18)
(27.9824 1.4839 -3.69608e-18)
(28.1992 -1.27892 -7.08675e-18)
(26.6458 0.0814294 -1.1729e-18)
(27.4485 3.20778 1.39258e-18)
(22.3915 -4.46506 0)
(26.9874 -5.78512 0)
(18.7702 3.16885 -8.45927e-19)
(27.2341 -5.97181 2.50147e-19)
(18.3166 2.86692 0)
(25.423 0.660079 0)
(27.4548 -2.66613 -5.29963e-18)
(24.8234 0.417552 -7.15407e-18)
(21.5588 -2.09532 8.76778e-18)
(27.8011 2.33817 1.45921e-18)
(28.1442 0.0223849 5.46449e-19)
(25.3798 -6.11994 -1.96604e-18)
(26.6881 2.8826 -1.37332e-17)
(25.9585 -5.07073 1.61961e-19)
(25.1593 0.192311 -6.59829e-18)
(25.9697 -6.17098 1.30543e-18)
(25.9523 1.55688 1.93828e-18)
(25.7144 1.80372 0)
(31.2641 0.826981 -1.12811e-17)
(20.3032 -1.26858 2.70818e-17)
(24.0307 0.0579925 7.76925e-18)
(25.9658 1.83226 0)
(14.4352 -1.12446 -1.35983e-19)
(26.841 0.075788 6.7421e-18)
(26.0882 3.097 1.02273e-18)
(27.5568 -0.564407 3.52218e-19)
(27.8855 1.3782 1.44462e-18)
(27.1776 2.48446 1.81541e-18)
(29.4831 -1.40576 0)
(28.2631 0.452016 0)
(24.0658 1.86468 3.54629e-18)
(24.8891 0.724514 2.10624e-17)
(25.1986 1.96712 0)
(24.6872 2.7616 -8.75908e-19)
(12.1675 -1.93348 -1.2714e-18)
(26.202 1.92163 -1.83273e-16)
(25.7241 1.04521 1.24116e-18)
(25.5835 1.70807 -2.76992e-18)
(24.9013 6.02138 3.58563e-18)
(24.582 3.93686 -1.37516e-19)
(11.2839 -1.81837 -1.81897e-18)
(23.5927 -1.15932 0)
(25.7507 2.98887 -1.29613e-17)
(30.7752 -1.44731 1.49741e-18)
(20.3159 3.86925 -1.22867e-17)
(24.4055 1.82045 -3.04835e-18)
(27.0446 1.15296 3.99998e-18)
(25.014 -2.45239 4.07828e-18)
(13.9584 -2.0418 6.2753e-19)
(25.5946 0.660781 0)
(22.6449 -5.56594 6.83422e-18)
(25.1808 0.414784 0)
(25.3801 0.705249 -7.69532e-20)
(29.597 -1.35903 3.86564e-18)
(25.332 2.4412 0)
(28.2485 1.10211 0)
(27.8213 -1.92029 1.0759e-17)
(25.9693 0.0399594 3.57144e-18)
(30.5851 -0.459402 0)
(30.3601 -0.124514 6.64667e-18)
(26.7924 1.5444 2.70378e-18)
(17.8982 4.21618 2.53622e-18)
(27.1045 0.839401 0)
(27.305 0.0491339 -4.31326e-18)
(22.956 0.0316604 -3.81444e-19)
(26.7032 -0.402723 4.37959e-18)
(17.8315 2.52235 -1.84187e-17)
(24.1572 -1.21582 -1.00648e-17)
(22.3535 -5.33537 0)
(15.9943 0.517074 0)
(24.078 0.0293868 7.21093e-19)
(23.3524 0.179248 7.67797e-18)
(28.3571 3.08531 -1.46142e-18)
(27.7872 1.17339 2.65497e-18)
(25.2514 0.520914 -1.22912e-18)
(17.1808 0.313876 1.34761e-17)
(10.6113 -1.77126 0)
(27.5426 1.98487 1.48261e-17)
(27.5026 2.32231 -1.7592e-17)
(26.0687 0.787044 -2.31353e-18)
(24.9119 1.13967 -2.45615e-17)
(25.0309 3.89167 1.24185e-20)
(26.9788 0.623541 -4.05675e-18)
(28.5409 0.403792 0)
(25.2777 0.874369 3.45949e-18)
(15.3302 -0.514279 0)
(27.9506 0.184994 0)
(19.782 1.94807 -1.02923e-17)
(15.8397 3.83946 0)
(18.9808 0.0417226 -6.28422e-18)
(17.3078 0.309127 -2.49401e-19)
(27.981 0.790312 0)
(28.4611 -0.114151 -2.29484e-18)
(25.9387 1.754 -2.48121e-17)
(24.7826 3.05118 1.28154e-18)
(27.1756 3.72554 -1.96139e-18)
(30.9116 2.47593 0)
(26.0579 2.85723 -1.50141e-18)
(28.2638 -0.737185 -3.6584e-18)
(30.8063 -0.920891 -6.45579e-18)
(30.4502 -0.0148459 1.42498e-19)
(25.2963 1.14275 2.61222e-18)
(22.3864 -5.24306 -1.38974e-20)
(18.2996 1.76357 2.467e-18)
(25.2724 -3.21778 -4.33496e-18)
(26.2563 -2.20894 0)
(27.1645 0.0858083 -8.01588e-18)
(26.8897 2.63841 1.002e-18)
(25.3417 5.78839 -1.50308e-19)
(30.3365 -0.347574 -6.9522e-19)
(14.451 -1.1792 -1.12254e-18)
(19.5534 3.20359 6.30032e-18)
(16.7975 4.09759 0)
(29.9802 5.90442 0)
(25.4018 0.706716 -7.29077e-19)
(20.904 -1.82415 0)
(25.2994 0.883437 -6.66526e-18)
(13.2142 -1.62154 1.20865e-18)
(27.7263 3.60506 -1.74663e-18)
(25.5501 1.862 3.94538e-18)
(26.2629 1.47386 3.57631e-17)
(25.0769 -2.23163 0)
(28.8277 0.0109789 0)
(20.9915 -4.11787 0)
(16.6565 -0.131341 6.86156e-19)
(29.8359 -3.97281 -6.9903e-19)
(25.3314 0.364349 -9.40916e-18)
(20.8204 -0.00480329 -5.63514e-21)
(30.2181 0.0134858 0)
(27.288 2.31148 6.03895e-18)
(26.4308 1.82064 2.03828e-18)
(24.774 1.57208 -1.93054e-18)
(25.1426 0.708213 2.85592e-18)
(25.4849 2.23231 -8.44387e-19)
(27.4811 2.41601 1.6769e-18)
(29.3125 -4.5578 0)
(28.773 3.90774 -1.56127e-17)
(25.2982 1.05917 3.68811e-18)
(27.8322 1.92764 -3.77298e-19)
(28.7541 2.27093 0)
(11.492 -1.72782 -1.4484e-18)
(25.6609 2.0508 3.40944e-18)
(28.7329 -5.08857 -3.18558e-18)
(25.6974 1.69671 1.64506e-17)
(27.4875 1.62982 0)
(23.614 0.101364 -1.10024e-17)
(25.8192 1.77498 -1.77804e-19)
(25.1936 1.31887 0)
(25.2987 1.06894 -1.3104e-18)
(27.9414 -2.21928 8.3994e-18)
(29.1849 0.261007 -3.25935e-17)
(27.0075 -5.65054 0)
(21.3676 -2.18833 4.3201e-18)
(27.9825 -2.17996 -2.73853e-18)
(27.1434 0.946519 -2.383e-18)
(28.5597 0.141834 3.61915e-17)
(29.9884 1.07898 -3.1251e-18)
(28.2022 -2.08338 0)
(25.7682 -5.8212 -5.15971e-19)
(25.5481 2.51466 -7.60588e-19)
(17.4768 2.2727 7.51942e-18)
(26.1489 -2.43096 -1.90908e-18)
(12.3352 -2.00456 1.35373e-19)
(25.561 2.00835 -8.55758e-19)
(21.3083 -4.81297 0)
(26.5904 1.21815 -2.45785e-17)
(28.3357 1.59028 -2.86276e-17)
(23.3329 -5.48085 -5.02551e-18)
(27.1221 0.867036 1.59555e-17)
(18.2806 3.99956 0)
(31.5436 1.69674 5.922e-18)
(26.9877 3.87563 2.14698e-18)
(28.5943 0.0749625 1.16177e-17)
(17.2015 -1.69293 -2.52429e-17)
(19.9654 4.33861 0)
(21.9163 -3.14621 0)
(27.1489 -0.607246 -7.4228e-18)
(25.956 1.88025 0)
(18.912 0.130369 6.06573e-18)
(28.8646 2.03574 1.97023e-18)
(25.7255 -2.70679 2.97527e-19)
(27.088 2.79302 -1.17492e-18)
(25.6086 1.68224 -2.42654e-18)
(28.3535 -1.91349 -6.33235e-18)
(26.4859 -0.414174 -3.62947e-18)
(26.1486 -0.273926 1.02012e-17)
(27.89 1.54739 -6.95708e-18)
(12.8717 -1.71851 0)
(24.377 0.41336 1.6308e-18)
(29.2814 1.29708 4.95277e-18)
(25.0955 0.350173 1.33422e-18)
(27.745 -1.56948 0)
(29.123 -1.11114 -8.22553e-18)
(28.0299 2.42791 2.63005e-18)
(31.1826 0.920348 5.30279e-19)
(18.1744 0.0798863 1.23788e-17)
(31.6603 1.92119 8.63847e-18)
(28.5262 -0.591084 0)
(25.5236 0.0123244 5.56575e-19)
(26.9077 0.22241 0)
(26.6461 -3.23342 1.92248e-18)
(28.123 0.987057 0)
(26.7295 1.13321 6.68646e-18)
(24.0036 -1.09717 2.11532e-18)
(29.8728 5.92019 7.03898e-18)
(29.4674 -1.16769 1.02475e-17)
(25.1579 -2.60775 -2.26088e-18)
(24.0738 0.641247 -6.39535e-17)
(25.2678 1.00895 1.20629e-18)
(15.7743 3.56539 1.4641e-19)
(20.7568 0.00686517 -1.37319e-19)
(26.0572 2.65019 1.0565e-18)
(26.9155 0.931117 8.16522e-18)
(16.3226 4.2662 0)
(15.7236 3.74438 0)
(18.7237 -3.22716 7.65246e-18)
(28.1027 1.97391 0)
(26.193 0.790442 -2.65427e-18)
(17.4275 0.941393 0)
(28.2305 1.07474 1.32671e-17)
(26.7074 6.21846 2.14946e-18)
(27.6248 -0.952972 -1.02498e-18)
(26.1913 3.07081 -7.38836e-19)
(26.4823 1.31932 1.63788e-17)
(26.9268 0.43701 8.91138e-18)
(25.0027 2.30862 0)
(24.9438 0.0244546 0)
(27.4038 3.66541 -1.35778e-18)
(27.9175 0.629949 -9.6113e-18)
(26.1764 -0.605383 1.79199e-18)
(23.2242 0.0662562 4.00872e-18)
(28.7904 2.25361 -1.80515e-18)
(29.4904 -0.169026 -7.89343e-18)
(25.3282 1.98742 0)
(29.8419 0.892347 -2.14553e-18)
(12.1924 -1.90893 3.12768e-20)
(26.6651 0.176505 -3.04152e-19)
(21.6951 -4.59779 1.09831e-17)
(28.0631 -0.856727 2.46093e-18)
(29.5725 -1.05258 7.13071e-19)
(20.9339 -4.54498 1.07893e-17)
(28.3032 -0.252849 0)
(25.4945 1.57655 6.24418e-18)
(23.5491 -1.28665 4.9917e-18)
(28.0134 0.810935 0)
(25.2405 0.672775 1.16421e-18)
(26.5499 -1.41356 -1.85678e-17)
(24.6621 0.931109 -4.43181e-17)
(26.4331 1.65072 1.23803e-16)
(28.4166 0.260791 0)
(26.9171 1.21799 4.50091e-18)
(24.9999 2.60976 0)
(25.6993 1.82038 -3.26937e-20)
(20.1151 -3.95628 -1.1732e-17)
(28.145 1.17319 -1.09605e-18)
(24.3112 2.59059 -1.6285e-17)
(26.7993 1.39895 -4.70253e-18)
(25.3708 0.488799 -6.54477e-18)
(13.9886 -1.16653 -4.27275e-18)
(28.4699 1.7106 1.64753e-19)
(23.7604 0.113462 0)
(26.8662 -2.55018 -4.74416e-18)
(26.7463 -0.204799 -4.9669e-18)
(24.7993 1.14847 -1.24177e-17)
(22.347 1.91508 9.42609e-18)
(26.988 0.776783 -2.98141e-18)
(22.796 -1.66233 -5.3666e-18)
(27.0894 0.793382 0)
(25.5277 0.653914 7.8284e-19)
(29.8869 1.16442 4.81856e-18)
(24.9127 0.455169 0)
(21.7171 -0.674232 1.27366e-17)
(27.7573 1.07048 -5.59427e-18)
(27.9642 0.708644 -1.1784e-16)
(30.1021 3.26765 1.27075e-17)
(22.1074 -1.79022 -5.50357e-18)
(27.5629 -0.290986 8.43684e-18)
(25.5564 0.681993 0)
(10.9773 -1.54538 -6.38029e-18)
(28.4273 0.50273 -5.09036e-18)
(21.1329 -1.91619 4.6078e-18)
(27.177 0.428045 4.41055e-18)
(23.5293 2.46458 5.09853e-18)
(28.4023 0.028104 2.25194e-18)
(28.2193 -0.519706 0)
(22.1845 0.126952 1.70705e-17)
(25.0293 0.413402 0)
(26.6603 1.54941 0)
(27.532 -1.07584 -2.60667e-18)
(27.359 -2.73355 1.32985e-18)
(26.4704 -5.04208 3.88376e-19)
(25.6771 1.75778 -1.16491e-17)
(17.618 0.237202 0)
(25.0693 1.01492 0)
(26.2987 1.77085 4.84197e-19)
(25.6467 1.62347 2.82015e-18)
(27.7018 5.85439 0)
(23.9447 -1.29689 -3.07858e-18)
(26.2005 -3.49521 3.87532e-19)
(25.6981 1.83183 0)
(22.7876 0.0256981 -9.30249e-18)
(24.791 1.3663 1.31377e-17)
(19.5683 -3.17907 0)
(27.5475 -2.3452 -3.3163e-18)
(26.4841 1.69397 -7.76681e-18)
(18.4277 8.23787 0)
(28.2987 -1.59663 1.16974e-17)
(27.0001 0.60379 0)
(19.8795 1.29523 1.70321e-17)
(25.0704 3.94364 -1.69197e-18)
(22.9546 -3.16189 0)
(27.9229 -1.38194 9.80422e-18)
(26.0656 1.79838 0)
(25.9749 5.83885 -8.54031e-19)
(27.7936 -0.245371 5.59068e-18)
(30.8727 0.00171263 1.03148e-17)
(28.7669 6.34943 0)
(22.3576 -0.945028 1.60395e-17)
(27.1128 0.544497 -4.96311e-19)
(25.3253 0.129672 2.25053e-18)
(24.9933 10.0787 -2.93365e-18)
(22.8712 -1.41983 0)
(15.8691 4.04736 0)
(26.8812 0.888641 -1.01703e-17)
(25.5532 5.66357 2.03582e-19)
(28.3596 5.96145 -8.06344e-19)
(27.2759 -2.47132 -6.52237e-18)
(27.9023 -2.22945 0)
(25.1327 -2.38294 0)
(14.6331 3.48062 8.61543e-20)
(26.4868 1.42877 -2.47478e-18)
(29.5622 -1.30801 -5.99942e-18)
(17.8008 3.47317 -4.5279e-18)
(25.4906 0.804885 2.33694e-18)
(29.7763 0.735169 0)
(27.4317 -0.0167099 6.0998e-18)
(21.7318 -2.25274 0)
(26.6564 2.40529 3.31354e-18)
(23.9678 -1.72667 -9.46543e-18)
(26.2195 2.56899 -8.32829e-19)
(26.6751 -2.61996 -1.34104e-18)
(30.1285 0.629878 1.06478e-18)
(13.5425 4.27712 -1.27035e-17)
(22.9965 -1.84538 2.7936e-18)
(24.3639 1.59982 0)
(31.8426 2.45787 -9.34811e-18)
(23.8577 1.41927 7.14249e-18)
(31.6034 2.69328 -2.43746e-17)
(31.6957 2.0013 9.4537e-18)
(25.2658 0.712249 -1.86727e-18)
(31.1874 -1.45303 2.7782e-18)
(28.8564 -1.61106 0)
(25.5993 1.61587 3.10062e-18)
(28.288 0.320066 -2.59759e-17)
(25.3751 0.592951 -1.26295e-18)
(27.2009 -1.0611 -9.40663e-18)
(25.3076 1.18844 1.45638e-18)
(24.0324 0.331999 1.70426e-17)
(27.468 1.98711 0)
(25.9853 4.03801 -2.41978e-19)
(19.5763 -3.02355 -2.45994e-18)
(25.1148 -2.36811 -2.02321e-18)
(30.9939 0.341712 4.19564e-18)
(25.3138 0.70356 -1.19787e-18)
(22.7382 -1.73385 -3.78427e-18)
(29.3928 -0.228399 0)
(25.6193 1.72306 5.60308e-19)
(29.1658 -3.59327 6.36557e-19)
(24.9504 0.969377 0)
(27.4093 2.06664 0)
(27.0349 1.02075 -7.73592e-18)
(30.358 -0.450829 2.14442e-18)
(15.1941 3.47629 0)
(26.6769 6.19906 0)
(28.2348 -0.000272259 0)
(31.4942 2.19322 -5.63847e-18)
(19.1312 0.23037 1.35735e-17)
(9.17917 -1.39725 -2.45555e-18)
(24.9183 -0.881901 0)
(22.2683 -1.83112 1.49556e-19)
(21.2906 1.05644 -5.79439e-18)
(24.128 -2.03538 0)
(24.9302 -0.819764 0)
(27.398 -0.524772 0)
(23.8219 0.634568 -5.20608e-17)
(24.5743 0.786058 -7.43011e-17)
(22.6202 -1.58944 -6.22613e-18)
(25.2284 2.19084 -1.18121e-17)
(21.2764 3.0496 1.71458e-18)
(25.1539 5.9134 -9.66516e-19)
(28.9418 1.25842 0)
(25.9668 3.45357 0)
(27.5304 3.08173 -2.95495e-18)
(25.2726 -0.855278 0)
(25.4068 0.372959 1.31778e-17)
(23.3526 -1.14616 1.06932e-17)
(27.0201 -0.438792 0)
(27.9036 1.20846 3.38894e-18)
(25.8385 2.51758 3.51285e-18)
(24.1548 -0.740287 7.34973e-18)
(24.0075 -0.79222 -1.04361e-17)
(22.6505 -1.50528 -2.64923e-18)
(22.5978 -1.39883 5.38057e-21)
(25.3092 1.4291 -4.63907e-18)
(26.2165 1.45851 1.30079e-19)
(31.5763 1.39718 0)
(25.4602 0.650163 -1.45294e-18)
(27.4422 -0.874155 0)
(28.3437 1.24997 1.73376e-18)
(26.6975 -1.00508 6.05306e-18)
(25.5264 0.866956 4.20963e-19)
(26.4709 -4.77026 -4.58226e-19)
(26.3535 -2.5658 0)
(26.2081 -0.138973 0)
(24.7498 1.19897 1.58197e-17)
(28.6585 -1.8433 6.79724e-18)
(27.1312 5.85397 2.9537e-18)
(25.3183 0.603965 8.11017e-20)
(19.3762 -0.417878 -1.42842e-17)
(27.8354 -2.44143 3.73776e-18)
(22.4105 -1.46159 -1.24256e-18)
(25.7514 -0.012509 -1.3994e-17)
(17.1831 1.2843 -4.4428e-18)
(21.6885 -1.66858 6.04528e-18)
(27.6689 1.02516 -1.76615e-17)
(24.6073 -0.845247 -1.4768e-17)
(24.8134 0.17865 -5.99305e-19)
(27.994 6.19383 3.83789e-19)
(28.4982 3.83159 1.13279e-17)
(27.5596 3.74757 0)
(25.5382 -3.30498 -9.86295e-20)
(30.312 5.28842 7.80672e-19)
(25.7725 4.49676 1.38266e-18)
(15.553 3.56471 1.48501e-19)
(26.8772 3.86397 -1.21588e-18)
(24.4996 3.30385 -1.28227e-18)
(25.4682 0.659903 -1.70007e-18)
(27.3803 3.7566 -1.31265e-18)
(25.4766 -3.29479 -1.16742e-18)
(27.9476 6.29795 2.71213e-18)
(26.903 0.495865 8.43741e-19)
(28.1685 1.34878 -8.94549e-18)
(24.8489 0.477496 4.98328e-18)
(19.7385 -2.51598 -2.75065e-18)
(27.8288 1.83856 9.24812e-18)
(25.3212 1.04345 -4.8429e-18)
(28.8049 4.287 -4.35289e-18)
(28.1675 3.15108 2.03823e-18)
(27.3172 3.99644 -3.257e-18)
(24.1834 0.640398 0)
(29.0453 -3.30454 0)
(18.802 -2.8018 2.58941e-20)
(24.9656 0.889445 -3.54412e-18)
(27.9652 2.29666 -6.32991e-19)
(26.6695 -2.64261 1.33838e-18)
(28.7163 -1.67196 0)
(16.1045 -2.71272 8.09657e-19)
(20.6573 -1.67511 -2.24135e-17)
(20.4098 -2.34323 0)
(22.2436 -1.56381 5.22335e-18)
(24.3946 0.837552 -1.15137e-18)
(27.6754 1.59986 1.0378e-19)
(27.6156 0.846742 0)
(22.3877 -1.73925 1.873e-17)
(27.7856 3.60519 -2.74688e-19)
(27.7754 -1.25561 7.84474e-19)
(30.0316 0.630777 -9.60575e-18)
(30.2467 -3.44828 0)
(25.1319 1.09339 -9.33252e-18)
(27.7132 2.88708 5.71656e-19)
(26.3699 2.65568 0)
(24.6401 5.43755 0)
(26.588 0.114615 0)
(28.0385 0.549586 -5.70066e-18)
(23.2367 -0.540415 -4.61989e-18)
(24.9079 0.335194 0)
(25.2318 1.09532 -2.41216e-18)
(25.1022 0.199854 -2.46889e-18)
(25.5807 -0.22779 2.26915e-19)
(28.5471 2.33845 -4.04864e-18)
(22.4546 -1.64721 5.03349e-18)
(25.7773 -4.43638 0)
(24.747 0.868264 8.59817e-17)
(30.8118 -0.134629 0)
(25.4214 0.605155 -2.23662e-18)
(25.9784 -0.0919239 4.87024e-18)
(24.7533 2.22357 0)
(25.5739 1.9818 -3.96739e-18)
(24.1243 3.91457 -4.73289e-20)
(19.7915 -2.99634 8.04443e-19)
(30.5084 -0.273989 -4.19541e-18)
(23.4482 -0.088613 -5.00998e-18)
(25.1855 1.12967 -5.06985e-18)
(27.7411 -0.975194 -4.02725e-18)
(27.7521 1.52926 0)
(30.8027 -0.696207 1.72224e-19)
(25.8374 1.77701 -1.31603e-19)
(28.0001 1.14242 -2.55402e-18)
(30.0178 -3.66365 2.70202e-18)
(21.2004 4.69838 0)
(29.4019 0.95819 -5.94982e-18)
(31.603 2.44374 2.58428e-18)
(26.5585 -0.80485 0)
(26.9015 1.29084 3.66972e-18)
(26.0994 -2.62968 -2.23e-18)
(24.9315 0.765652 3.40407e-18)
(28.0023 -2.23865 0)
(29.0022 1.26203 -6.41837e-18)
(29.7141 3.88229 3.18881e-19)
(31.7354 1.78665 1.5642e-17)
(30.2189 0.0205198 0)
(16.9306 4.43147 -2.48198e-18)
(29.8243 1.21361 4.21164e-18)
(18.9598 -2.74603 0)
(27.5622 -2.58038 0)
(24.1401 0.688647 3.96011e-18)
(30.7034 -0.250702 -3.35175e-18)
(25.3047 3.97917 0)
(27.3777 -1.82064 -1.634e-17)
(25.3798 0.58364 8.41854e-18)
(30.6991 1.00934 -2.48549e-18)
(26.3216 -1.78434 3.46367e-19)
(29.7827 3.65535 -5.96988e-18)
(25.6211 3.99352 1.40025e-19)
(25.4514 0.708706 3.47504e-18)
(25.798 0.263716 1.88893e-18)
(26.8298 5.86515 -7.18237e-20)
(29.4324 -0.944966 6.14435e-18)
(30.9391 -0.620832 3.38669e-18)
(31.1254 -0.884707 -8.28311e-19)
(29.6415 -4.31272 0)
(30.8518 -0.415092 1.66246e-18)
(26.3922 3.73942 1.51869e-18)
(25.989 -4.89418 0)
(29.2662 1.17449 0)
(30.5829 -0.0946923 -3.74216e-18)
(20.6967 -2.56852 -2.82692e-18)
(25.0688 0.720461 -4.70676e-18)
(26.5483 -5.76505 -1.05987e-19)
(24.7433 3.98898 0)
(25.8947 0.0282216 1.35974e-18)
(26.9037 0.980825 0)
(31.2355 0.615056 2.59419e-18)
(26.2948 5.89026 0)
(29.1024 -4.84607 1.12109e-18)
(27.0589 0.834691 -1.24668e-17)
(24.1283 6.11918 -5.30174e-18)
(29.7464 -3.75332 -3.30311e-18)
(27.4706 -1.32546 1.73431e-18)
(24.1058 -2.78232 0)
(21.1597 -1.71672 -5.19579e-18)
(31.0548 -2.04097 5.06914e-18)
(29.9065 0.0129981 -1.89824e-18)
(29.6023 -0.85325 -1.77605e-19)
(27.9449 0.000113496 -5.61959e-18)
(25.9603 0.541568 6.25643e-18)
(26.9561 0.537257 3.7651e-18)
(28.1614 -1.97971 0)
(26.8512 0.136313 1.15572e-17)
(29.3021 0.707126 -1.52071e-18)
(27.4178 -0.505204 -9.3578e-18)
(24.8897 6.2107 0)
(24.6964 1.49919 0)
(29.5569 -4.0575 0)
(25.606 5.87641 3.45184e-18)
(31.2043 2.10383 -4.27104e-18)
(25.0044 1.04312 -4.65865e-18)
(29.3216 -4.3738 0)
(24.8541 1.53902 -3.89645e-18)
(28.1666 -2.08004 -5.61099e-18)
(19.2775 -2.78101 7.69495e-20)
(24.692 5.9715 5.04805e-18)
(24.1017 -3.00715 0)
(18.1521 -2.97242 1.21104e-18)
(23.9168 0.414065 0)
(25.6284 6.18159 3.11476e-18)
(26.2133 -5.85164 -3.80385e-19)
(24.7371 1.42733 9.79993e-18)
(29.0651 -4.6284 9.18262e-19)
(25.5108 5.83534 -1.63838e-18)
(23.5861 -0.714512 1.34081e-17)
(26.6666 1.39198 8.73043e-18)
(25.5566 -2.22063 1.31874e-18)
(25.5923 -2.49937 1.32485e-18)
(11.3754 -1.16661 2.68022e-18)
(16.0572 -2.64795 -1.33205e-18)
(28.7653 -4.88931 2.4318e-18)
(26.5387 -5.51078 0)
(29.8166 2.96 1.52383e-17)
(25.3125 -5.24362 7.47459e-19)
(28.5374 2.04002 7.65443e-18)
(25.15 2.60418 -1.31166e-18)
(25.1294 6.01129 0)
(28.9219 4.52793 -6.09018e-18)
(25.8265 -5.68654 0)
(29.1789 4.32226 1.65222e-18)
(30.2943 0.605541 5.9551e-18)
(27.0209 -0.880717 1.83982e-18)
(26.3799 3.90321 1.35917e-19)
(23.3359 0.390992 -1.27416e-17)
(26.2955 -1.63756 8.34804e-18)
(25.0607 3.27675 1.38462e-18)
(22.7796 -3.20129 3.10571e-18)
(30.6095 -0.11769 7.6125e-18)
(26.6439 -0.0784771 6.14643e-18)
(23.0268 3.8149 -7.07526e-19)
(23.2629 -0.135418 7.13894e-18)
(26.866 0.6163 -1.36963e-18)
(28.5535 6.21137 0)
(23.9042 5.9601 0)
(24.1739 -2.77527 0)
(30.9177 0.631095 1.23837e-17)
(24.6718 -0.714926 -4.14894e-18)
(26.4279 5.92203 0)
(28.1158 -2.21795 0)
(30.6019 -0.101811 7.50587e-18)
(21.5008 -3.16995 -5.31032e-19)
(20.1305 -0.537699 1.02002e-17)
(23.7812 5.75843 -1.40039e-18)
(20.7666 5.23171 1.52798e-18)
(19.894 -1.94093 -7.22242e-18)
(22.9093 -0.0287633 1.03327e-18)
(28.2711 3.01506 1.00448e-18)
(19.5578 -2.84876 -1.64768e-18)
(28.0209 2.09084 -2.76327e-18)
(30.3936 1.5607 -1.22322e-17)
(24.9604 3.48812 -1.24941e-17)
(28.7225 -3.64839 3.55338e-18)
(28.1129 2.49063 0)
(25.3001 0.702909 6.28118e-18)
(27.5582 1.55004 2.19534e-18)
(27.7369 2.25398 0)
(24.0332 1.90399 -5.27738e-18)
(15.3539 -2.44873 0)
(26.4951 -2.93734 -1.10665e-18)
(29.6144 1.26752 3.14976e-18)
(28.2399 0.0352337 -3.56831e-18)
(16.3588 -2.67163 2.35047e-18)
(27.6926 -2.10493 0)
(24.5779 0.48621 -8.43704e-18)
(26.5957 2.49014 1.23838e-17)
(22.1845 -3.40955 -7.25082e-19)
(28.8457 -3.8508 -3.20475e-18)
(25.4842 5.72546 4.75989e-20)
(26.3127 2.50171 3.90695e-19)
(28.0693 5.55556 0)
(21.4519 1.9007 -1.34209e-17)
(29.684 3.44587 -1.10728e-17)
(26.4011 0.0940779 2.07503e-18)
(23.9711 0.123638 -5.75499e-18)
(29.9763 -3.49961 8.46417e-20)
(29.0687 3.31242 6.89832e-18)
(19.0193 -2.82679 1.82654e-18)
(24.3552 0.768321 1.73611e-17)
(25.3046 -0.855384 -7.01838e-18)
(25.601 1.90448 -3.44006e-18)
(22.0073 -3.1459 -9.40373e-19)
(30.3895 1.52608 1.36863e-18)
(24.5135 -1.45171 6.95753e-18)
(23.0073 -4.70339 4.91382e-18)
(27.5077 4.53929 8.35892e-18)
(23.3847 0.51854 7.0528e-17)
(22.6389 -4.40195 -2.14248e-18)
(30.0402 3.94222 4.5834e-18)
(16.9345 -2.87241 0)
(30.9093 0.20025 -7.95192e-18)
(27.6579 6.17499 0)
(29.3492 3.96674 2.28127e-17)
(26.5686 3.91752 5.75894e-19)
(25.4045 0.623134 1.23336e-18)
(28.2154 0.145386 0)
(29.0456 -1.62585 1.02673e-18)
(21.4302 -3.30296 0)
(23.2094 5.63266 0)
(28.2096 5.94337 0)
(20.647 0.720026 3.23094e-18)
(27.4668 -1.63396 1.56036e-17)
(28.0428 -2.31222 4.61219e-18)
(24.9242 5.56293 -2.50593e-20)
(24.7954 -0.437087 -7.49341e-18)
(24.9408 0.701547 -1.09127e-17)
(25.589 -1.97163 -7.34627e-19)
(29.4136 3.14829 4.67332e-19)
(21.9823 1.9593 4.3022e-18)
(27.6108 -2.02174 1.06525e-17)
(26.185 -5.63063 7.50688e-19)
(24.8155 5.57413 -5.08126e-20)
(25.5145 -3.06028 2.81212e-18)
(16.2814 0.233133 -1.48019e-17)
(20.3882 -3.15259 4.89036e-19)
(19.1208 0.986396 4.7637e-18)
(25.6919 0.980377 1.27569e-18)
(17.6795 -2.83126 -2.73497e-20)
(23.1934 -4.4978 0)
(28.6856 -2.32954 0)
(20.3618 0.0879174 1.17098e-16)
(26.0674 0.473975 -6.19552e-18)
(18.467 -2.89269 0)
(24.0741 1.6293 0)
(28.0749 5.28509 9.80431e-18)
(24.9487 1.28674 0)
(27.7198 -2.47006 0)
(26.2093 -0.0320141 -5.23764e-18)
(27.6058 -1.19773 -2.55961e-18)
(27.3291 4.70678 0)
(26.26 1.66872 -7.67064e-19)
(27.0893 0.245938 -5.96123e-18)
(25.4518 5.89748 -1.02941e-19)
(25.1941 0.939155 -4.09299e-18)
(29.3949 -3.29949 -7.18008e-20)
(28.6286 6.02805 0)
(23.5622 -0.00806818 8.47431e-20)
(26.7195 0.589269 1.17871e-18)
(14.9561 -2.15229 6.21647e-18)
(29.1654 -0.820423 9.03675e-18)
(24.5987 5.6627 -1.01418e-19)
(22.1569 5.07564 -5.50007e-20)
(23.6211 0.00266066 4.77294e-19)
(25.9241 -0.298732 -7.89609e-18)
(25.596 6.02202 -5.04944e-19)
(29.0276 3.70274 -1.79465e-17)
(22.4239 5.04568 0)
(21.988 0.819886 8.73591e-18)
(24.3306 -1.13351 4.212e-19)
(27.6814 -1.59652 0)
(23.655 -3.31293 -3.65795e-18)
(24.471 2.24344 6.5013e-18)
(22.9499 5.41442 -2.06188e-19)
(24.5027 1.81083 0)
(23.7814 -0.106737 3.67657e-19)
(25.7761 -0.0640509 4.22109e-18)
(26.4558 -1.61914 8.03792e-19)
(26.9207 0.406765 1.17163e-19)
(26.4133 3.96972 -1.66298e-18)
(27.7391 -1.41952 -4.86558e-18)
(22.0082 0.965383 -6.39488e-18)
(22.0392 5.16335 2.77122e-19)
(20.6858 -0.0248537 -1.76714e-17)
(19.3298 0.408672 6.29169e-18)
(26.6437 -1.95937 0)
(25.5328 -3.01474 -2.2928e-18)
(21.3512 -2.29701 -6.65842e-18)
(26.911 0.375256 1.95162e-17)
(25.4686 -3.20238 5.66202e-18)
(23.216 5.40952 1.3226e-18)
(24.3238 2.06241 0)
(25.3151 -1.96715 0)
(25.0504 5.86816 6.27347e-19)
(24.0846 -3.03381 -1.07557e-18)
(26.6093 6.34717 7.04781e-19)
(11.6244 -1.46266 1.08995e-17)
(10.6809 -1.39919 1.2348e-17)
(26.1448 -2.27528 0)
(31.436 1.23019 2.1901e-17)
(26.0364 -3.12433 3.62387e-19)
)
;

boundaryField
{
    frontAndBack
    {
        type            empty;
    }
    upperAndLower
    {
        type            symmetry;
    }
    outlet
    {
        type            freestreamVelocity;
        freestreamValue uniform (25.75 3.62 0);
        value           nonuniform List<vector> 10((26.1601 0.00451829 0) (27.9538 0.0480661 4.25318e-19) (21.928 -0.0186091 0) (23.7343 0.0576502 -1.57112e-18) (24.8006 -0.0037376 0) (29.4344 -0.00946732 0) (19.6208 0.0288254 0) (31.3503 0.0253811 0) (26.9772 0.0212669 5.03994e-18) (25.541 0.0457132 0));
    }
    inlet
    {
        type            freestreamVelocity;
        freestreamValue uniform (25.75 3.62 0);
        value           nonuniform List<vector> 10((25.75 3.61901 0) (25.75 3.61887 0) (25.7502 3.61904 5.76252e-19) (25.7499 3.61842 -2.55293e-18) (25.7502 3.61824 0) (25.7501 3.61881 -9.15215e-19) (25.75 3.61938 0) (25.7499 3.61924 0) (25.7495 3.61709 0) (25.7503 3.61742 0));
    }
    airfoil
    {
        type            noSlip;
    }
}


// ************************************************************************* //
