/*--------------------------------*- C++ -*----------------------------------*\
  =========                 |
  \\      /  F ield         | OpenFOAM: The Open Source CFD Toolbox
   \\    /   O peration     | Website:  https://openfoam.org
    \\  /    A nd           | Version:  10
     \\/     M anipulation  |
\*---------------------------------------------------------------------------*/
FoamFile
{
    format      ascii;
    class       volScalarField;
    location    "200";
    object      nut;
}
// * * * * * * * * * * * * * * * * * * * * * * * * * * * * * * * * * * * * * //

dimensions      [0 2 -1 0 0 0 0];

internalField   nonuniform List<scalar> 
3042
(
0.00878198
0.144513
0.0762161
0.0235311
0.0340381
0.134885
0.151143
0.00777446
0.00975884
0.00987687
0.064409
0.143572
0.144751
0.041499
0.0316487
0.00609089
0.139524
0.00961346
0.141112
0.144357
0.00781008
0.148231
0.0491614
0.0312687
0.00611195
0.140705
0.00614583
0.00595108
0.0352774
0.0137505
0.00872095
0.0907911
0.124781
0.0382498
0.0408609
0.120433
0.039539
0.024641
0.00628494
0.00724996
0.0124857
0.0088929
0.0552782
0.0392527
0.0216722
0.101313
0.0387613
0.140855
0.0561337
0.14063
0.022895
0.00396923
0.157531
0.0618339
0.144449
0.111344
0.149183
0.166974
0.145138
0.155849
0.00654093
0.0998767
0.0197034
0.15326
0.142062
0.0674901
0.0978234
0.0292717
0.0892863
0.0663951
0.140131
0.00963995
0.00892242
0.0824536
0.0883544
0.145792
0.00660812
0.132382
0.0111894
0.0377716
0.145035
0.075159
0.0582722
0.0128861
0.107523
0.0306023
0.156518
0.140504
0.0091692
0.140797
0.148001
0.0406386
0.072489
0.0774457
0.140323
0.127609
0.0081804
0.057247
0.0120314
0.0198043
0.0169639
0.0111648
0.140532
0.0790751
0.064948
0.0684616
0.00646996
0.0896968
0.130544
0.0818126
0.147021
0.0766199
0.0129067
0.052856
0.15087
0.00751728
0.0791297
0.0423288
0.0173787
0.0361697
0.0117746
0.107238
0.140962
0.0896151
0.113486
0.137868
0.119995
0.146564
0.00599257
0.143256
0.00812925
0.0125526
0.0440889
0.153781
0.130218
0.0475525
0.0318579
0.141376
0.0182104
0.11532
0.107154
0.160668
0.132305
0.117606
0.137215
0.0496737
0.109981
0.0117812
0.092389
0.142393
0.0153897
0.138969
0.14168
0.0687494
0.127433
0.132017
0.140807
0.0920329
0.151069
0.0334798
0.0329192
0.0727099
0.162155
0.072648
0.00459792
0.145247
0.149899
0.0352554
0.0825175
0.139474
0.0288199
0.14155
0.132739
0.143544
0.0309224
0.0772302
0.0433156
0.142864
0.00703023
0.120562
0.024715
0.127411
0.146919
0.00654464
0.0510172
0.0367993
0.0663496
0.142585
0.14167
0.0540928
0.0440921
0.0100189
0.027494
0.0415459
0.157597
0.0185722
0.0231565
0.0885456
0.00686389
0.160286
0.0184749
0.0694354
0.0142772
0.0154659
0.132416
0.0113107
0.0370837
0.105135
0.0832295
0.00583683
0.0428404
0.145191
0.129443
0.0293055
0.021171
0.151008
0.0253344
0.163538
0.14038
0.0142639
0.127508
0.125132
0.126503
0.132164
0.14459
0.0911782
0.146051
0.0133996
0.015464
0.0993265
0.125972
0.136545
0.0935517
0.140639
0.148859
0.0123785
0.122087
0.010663
0.0205139
0.0733923
0.145333
0.14369
0.148076
0.00671266
0.00739135
0.143746
0.118784
0.0644823
0.00825009
0.0711686
0.158004
0.00774742
0.0209263
0.14278
0.0349123
0.0136049
0.00930991
0.00931446
0.00418603
0.0957139
0.00441114
0.0320162
0.00630022
0.118902
0.122187
0.0352002
0.127634
0.011867
0.0135263
0.120717
0.0353732
0.152098
0.16401
0.140602
0.0747214
0.104449
0.0789634
0.137065
0.0168407
0.0696588
0.108195
0.143294
0.151577
0.11394
0.015632
0.0754258
0.0353093
0.0207584
0.0673992
0.00638154
0.00601671
0.0232769
0.142592
0.0263404
0.0529236
0.140617
0.0113278
0.0194485
0.135769
0.118626
0.0152368
0.175879
0.141073
0.0184493
0.0434421
0.121234
0.0529834
0.0492397
0.0663479
0.0141971
0.140576
0.140964
0.136761
0.140543
0.037736
0.0498484
0.126083
0.140951
0.128525
0.0802434
0.139267
0.145538
0.148144
0.113709
0.0615492
0.0171066
0.140451
0.00606411
0.0153013
0.050695
0.00995019
0.0392096
0.0625413
0.093567
0.103361
0.00778035
0.11289
0.0128901
0.0350803
0.141426
0.12981
0.0664104
0.0759917
0.133346
0.131223
0.0744603
0.141236
0.047102
0.148393
0.0708076
0.0585315
0.0692964
0.0197808
0.00891445
0.12018
0.0766873
0.0083123
0.113751
0.0530122
0.120421
0.0787699
0.149903
0.00999756
0.0874924
0.111863
0.127298
0.00750703
0.0542761
0.138
0.118546
0.0127928
0.0988309
0.0608789
0.099492
0.00718155
0.130912
0.13537
0.123039
0.0241172
0.137075
0.139553
0.0553756
0.145614
0.0553175
0.0956379
0.148019
0.126178
0.142146
0.128358
0.0213093
0.0142768
0.0748293
0.13268
0.00497805
0.151646
0.0229077
0.0208395
0.00852905
0.0644705
0.144361
0.0955065
0.0411816
0.00773203
0.0148627
0.0065543
0.0602046
0.0687939
0.0597851
0.00821768
0.144038
0.00928627
0.124948
0.0571087
0.0058686
0.00782445
0.03573
0.143513
0.0869557
0.154783
0.00784091
0.0109002
0.141881
0.140306
0.00638183
0.0109527
0.0193763
0.0104615
0.0983193
0.15892
0.0726618
0.13133
0.0490611
0.12912
0.138487
0.0467189
0.0134615
0.0092507
0.146785
0.0279703
0.116609
0.0932632
0.0190061
0.137366
0.0574999
0.0211492
0.0105678
0.0650904
0.169657
0.119082
0.115248
0.0868937
0.144203
0.0265796
0.0215923
0.0166835
0.0211181
0.0173404
0.113289
0.0383437
0.11727
0.12864
0.0506808
0.106817
0.0136948
0.125587
0.0096558
0.16172
0.112376
0.132054
0.14268
0.00580944
0.00783611
0.101832
0.0161804
0.00628859
0.109684
0.128446
0.0127498
0.0661572
0.154887
0.140891
0.0121301
0.0198194
0.00632607
0.00911107
0.0126919
0.0520973
0.0253404
0.00984916
0.0315774
0.109951
0.00593563
0.00967768
0.0135514
0.139836
0.14203
0.0995461
0.102241
0.00623805
0.141787
0.0722895
0.137767
0.118655
0.16226
0.102829
0.0413169
0.140917
0.130176
0.00795577
0.134849
0.00619802
0.00936526
0.013139
0.155945
0.00705628
0.0165361
0.0611895
0.149978
0.145784
0.134887
0.079045
0.017935
0.062656
0.136175
0.0106875
0.124788
0.151502
0.0931898
0.0164159
0.0460321
0.00418666
0.14469
0.00614758
0.0165101
0.0464566
0.0258609
0.129431
0.142606
0.0178926
0.00680921
0.0461025
0.00477218
0.120909
0.0122911
0.141101
0.00725939
0.0158665
0.144035
0.0998988
0.0088057
0.143573
0.0192382
0.011979
0.141502
0.138479
0.117391
0.0185355
0.15433
0.0991958
0.1431
0.13616
0.0160987
0.0163548
0.141086
0.162163
0.0968231
0.00792559
0.00711466
0.138372
0.00935532
0.0308376
0.05146
0.147807
0.0344224
0.0397054
0.12929
0.0204584
0.016001
0.12172
0.018449
0.0740555
0.0819119
0.119288
0.0825252
0.0127819
0.0580091
0.0319666
0.0227208
0.0158326
0.0158849
0.034415
0.125675
0.044244
0.0147126
0.133355
0.145035
0.126116
0.108719
0.064534
0.0264165
0.0327421
0.00707963
0.00499059
0.0312179
0.0602706
0.102189
0.0238536
0.0917065
0.100312
0.0495697
0.00766859
0.00780286
0.00771176
0.145453
0.0195523
0.0464277
0.148801
0.0251879
0.111864
0.0576347
0.149647
0.146586
0.021767
0.00647922
0.0276223
0.079569
0.140158
0.144652
0.14661
0.140185
0.148253
0.153194
0.0110249
0.141686
0.145221
0.13995
0.146281
0.0119461
0.0455861
0.148393
0.0540736
0.102966
0.0191456
0.14337
0.0241629
0.110311
0.0124505
0.0113329
0.135249
0.150258
0.117225
0.163753
0.124315
0.0670783
0.157136
0.161977
0.138089
0.0222973
0.13157
0.0882177
0.0136383
0.121118
0.0062322
0.16335
0.0571945
0.159027
0.134871
0.173625
0.0203651
0.0421296
0.0273666
0.135057
0.146829
0.111781
0.0301934
0.135827
0.147463
0.0170193
0.0628597
0.0182995
0.049791
0.00649975
0.150428
0.142393
0.0600361
0.0115206
0.144805
0.00823598
0.122626
0.142526
0.0448906
0.155121
0.148245
0.13056
0.0879206
0.0257784
0.16669
0.0539944
0.010216
0.0842837
0.140969
0.112803
0.0155144
0.0957521
0.0546875
0.0468116
0.155173
0.0535929
0.0233006
0.107513
0.0293804
0.129358
0.0539933
0.141933
0.139508
0.142404
0.142874
0.0114645
0.140902
0.00831616
0.00447085
0.141726
0.0712696
0.084632
0.00638852
0.139135
0.153821
0.141
0.114125
0.0797383
0.13181
0.0106097
0.0115722
0.0597492
0.0280411
0.155324
0.0443987
0.0307456
0.011634
0.0154539
0.0453225
0.0676714
0.00732845
0.15864
0.15275
0.164536
0.0760048
0.146832
0.0090352
0.131364
0.00900252
0.151846
0.0490481
0.0277778
0.0162367
0.00908141
0.14256
0.134229
0.00656822
0.0738544
0.00833498
0.0451438
0.142858
0.113621
0.00838178
0.0429701
0.159202
0.14164
0.145533
0.0225592
0.142228
0.148376
0.143832
0.0397011
0.153855
0.00962447
0.120149
0.0887505
0.0589778
0.148941
0.0441253
0.0711268
0.133989
0.144258
0.140587
0.14169
0.0150606
0.142684
0.00979474
0.131787
0.138819
0.0941858
0.160302
0.148796
0.00902515
0.142086
0.14762
0.00918729
0.00572914
0.141916
0.132609
0.143816
0.0691786
0.133425
0.15778
0.151266
0.0457072
0.137758
0.175211
0.148686
0.00635252
0.00911449
0.133842
0.0866679
0.0109405
0.00875363
0.0823999
0.0725809
0.036053
0.0247868
0.00885615
0.0142132
0.169091
0.00815791
0.0678009
0.14225
0.0215309
0.108295
0.00929109
0.0070644
0.151123
0.0410657
0.0326909
0.153693
0.140211
0.110398
0.140282
0.0339815
0.0438187
0.0105639
0.115142
0.142294
0.062402
0.00890427
0.0724986
0.0110491
0.115007
0.0298287
0.065585
0.138922
0.0237123
0.0457911
0.14297
0.149737
0.00952709
0.140301
0.132806
0.141736
0.0493516
0.144694
0.0060812
0.0220618
0.173354
0.138371
0.142297
0.0832647
0.00909551
0.00936823
0.143414
0.14304
0.0102277
0.0155277
0.103523
0.141933
0.00862769
0.0180102
0.147564
0.13496
0.00665311
0.0498596
0.0784746
0.012725
0.00956791
0.142166
0.00653137
0.113825
0.0728216
0.00741585
0.0199734
0.00605774
0.00808493
0.0368822
0.14195
0.0584822
0.010344
0.063198
0.141238
0.0838279
0.0998344
0.0118712
0.141123
0.144915
0.156329
0.121882
0.14483
0.061819
0.139523
0.05301
0.0623235
0.0536024
0.141212
0.0217435
0.150665
0.113936
0.13108
0.018821
0.0501907
0.00599995
0.141636
0.16082
0.0076906
0.00635835
0.0174475
0.162926
0.106584
0.00889853
0.00610078
0.00613946
0.0514808
0.149306
0.00918345
0.0171324
0.0621413
0.156731
0.165388
0.0207947
0.128426
0.0454308
0.0177813
0.0968175
0.0574699
0.156372
0.0453082
0.0343369
0.156135
0.010989
0.159259
0.163646
0.0435128
0.0298221
0.143026
0.0467926
0.0506519
0.0116962
0.130035
0.141123
0.0679138
0.152524
0.121617
0.0299067
0.0200053
0.00872787
0.0522578
0.111777
0.070496
0.00848744
0.0937465
0.00943734
0.0223703
0.0173419
0.134816
0.0965837
0.117874
0.140454
0.140479
0.106887
0.0287535
0.00705564
0.165228
0.0194199
0.0598257
0.140826
0.138408
0.0064075
0.132901
0.0101154
0.141737
0.00843269
0.00734682
0.00827806
0.0230379
0.0337707
0.0984111
0.103757
0.0129255
0.150342
0.0237087
0.0578889
0.121133
0.0177043
0.00581619
0.00670191
0.132382
0.141388
0.153146
0.141468
0.149889
0.144154
0.141547
0.114323
0.0245803
0.146329
0.108315
0.0272621
0.152785
0.0146304
0.0477551
0.00619495
0.142371
0.0104201
0.148619
0.145163
0.00555479
0.00671724
0.134256
0.105137
0.0351741
0.0070002
0.125832
0.162307
0.0141405
0.13044
0.140262
0.176733
0.0913947
0.0122005
0.123019
0.0982781
0.00703375
0.0128309
0.0137204
0.0415199
0.037014
0.00748312
0.141272
0.0198752
0.141457
0.154728
0.170468
0.168975
0.106738
0.167604
0.163994
0.160832
0.156413
0.15823
0.157294
0.158211
0.158931
0.182381
0.164889
0.144701
0.173172
0.155197
0.00870366
0.0368696
0.0600204
0.181504
0.117047
0.153253
0.0269093
0.14013
0.123452
0.152532
0.141881
0.0582195
0.142048
0.143964
0.132197
0.0121137
0.0328679
0.141061
0.142127
0.115236
0.0225945
0.0339756
0.0041677
0.125362
0.160542
0.162283
0.1578
0.0300589
0.0172251
0.143258
0.154747
0.094285
0.140126
0.136307
0.126862
0.133151
0.139801
0.133769
0.176727
0.00749271
0.136221
0.00391693
0.145032
0.00900886
0.140882
0.121435
0.0268825
0.151532
0.0298656
0.125358
0.0896664
0.146432
0.154885
0.144897
0.161837
0.132919
0.125844
0.144979
0.141881
0.152654
0.148724
0.152584
0.0095127
0.0132148
0.138753
0.137563
0.157057
0.0267648
0.0380436
0.141389
0.109396
0.145761
0.131939
0.136342
0.138275
0.124137
0.150746
0.0200797
0.0853016
0.0240369
0.117438
0.00775745
0.122496
0.00658595
0.0952047
0.131196
0.013772
0.14184
0.0272188
0.0854117
0.1141
0.140515
0.10068
0.0780067
0.141467
0.114424
0.158161
0.150732
0.0970575
0.139541
0.0131935
0.105798
0.0904752
0.155702
0.143665
0.00677267
0.154547
0.0952978
0.155649
0.109126
0.152507
0.0660919
0.119158
0.00753286
0.0921966
0.157007
0.00464888
0.0909447
0.00639477
0.00835582
0.119522
0.0180134
0.0584029
0.124281
0.00857817
0.149149
0.116333
0.0955245
0.116447
0.0156459
0.103758
0.0214841
0.142471
0.168972
0.1672
0.0114248
0.00587634
0.075521
0.142196
0.0943131
0.147401
0.14075
0.108764
0.119816
0.132293
0.105956
0.142158
0.113782
0.170163
0.166397
0.145924
0.0176498
0.149766
0.105517
0.0200667
0.0085028
0.154891
0.141559
0.0263782
0.138288
0.0973164
0.125843
0.040203
0.0866311
0.11584
0.144253
0.101027
0.0297942
0.0383163
0.130199
0.102373
0.00750926
0.131909
0.142979
0.0101983
0.140071
0.114603
0.115139
0.150232
0.0963556
0.0244078
0.0266906
0.012184
0.136318
0.155378
0.140541
0.0970225
0.143603
0.140951
0.151195
0.0824579
0.104072
0.122859
0.129375
0.151883
0.0215013
0.114139
0.0826077
0.0130592
0.0791916
0.0569329
0.141944
0.0505558
0.103811
0.0085751
0.136699
0.146261
0.116201
0.152018
0.0773291
0.00872208
0.133596
0.105695
0.123684
0.0117338
0.109022
0.00795779
0.0785896
0.032064
0.00938773
0.151498
0.111407
0.152941
0.0742027
0.116377
0.0987824
0.150579
0.00805549
0.15208
0.134723
0.0192294
0.0203676
0.15611
0.139793
0.155051
0.0164417
0.00894024
0.147077
0.0834773
0.108825
0.0174821
0.00749969
0.146367
0.0614567
0.101755
0.0728148
0.0191942
0.0348802
0.0894775
0.140758
0.00766281
0.151871
0.140291
0.155297
0.146686
0.147687
0.0899865
0.141502
0.102984
0.140584
0.026183
0.146767
0.148597
0.0713207
0.00934499
0.132703
0.0103603
0.00734678
0.153324
0.0543453
0.143155
0.0522743
0.165828
0.125904
0.0991606
0.0129052
0.0103855
0.0961479
0.143891
0.148036
0.0286045
0.0680438
0.165803
0.111818
0.147651
0.144809
0.145693
0.0629329
0.172048
0.164337
0.147324
0.143349
0.00815239
0.113135
0.146105
0.153056
0.10501
0.0368234
0.0628625
0.0832555
0.0455428
0.00627163
0.0853738
0.106326
0.00795468
0.160364
0.0117875
0.144825
0.157212
0.0336135
0.139401
0.14799
0.0130321
0.0254123
0.140511
0.0793697
0.101867
0.0846317
0.058897
0.0654241
0.140275
0.130402
0.141648
0.141258
0.0768993
0.135508
0.152449
0.0101796
0.150017
0.148416
0.14155
0.145898
0.123467
0.0689405
0.0065955
0.142151
0.142274
0.140965
0.106416
0.0125105
0.171896
0.0278461
0.0862566
0.0883285
0.0114898
0.146675
0.124643
0.121095
0.150269
0.14873
0.0743889
0.0153372
0.00692403
0.102792
0.101293
0.0365966
0.141701
0.109069
0.0150704
0.00616122
0.171184
0.160466
0.143172
0.141847
0.152575
0.0261225
0.104585
0.00826861
0.118547
0.00688529
0.143443
0.00838162
0.127836
0.0655737
0.0661775
0.0669814
0.105662
0.130141
0.0240993
0.135118
0.144464
0.00797427
0.14936
0.00924981
0.119047
0.089591
0.0788797
0.0819016
0.145179
0.141379
0.141902
0.142867
0.130739
0.0525715
0.137654
0.140782
0.141884
0.140779
0.141807
0.0119427
0.0453113
0.1283
0.00898732
0.0157074
0.0281849
0.0924221
0.094072
0.00801484
0.142501
0.146055
0.00681833
0.141024
0.142273
0.142777
0.0755183
0.145292
0.0820445
0.175971
0.160393
0.158492
0.171322
0.134843
0.142199
0.178951
0.155105
0.0119774
0.145763
0.0187387
0.0233085
0.00795253
0.141594
0.105911
0.143751
0.139292
0.149104
0.133056
0.14915
0.141619
0.126875
0.0294843
0.143788
0.141176
0.155661
0.142223
0.156262
0.14116
0.144881
0.0562099
0.00992199
0.141291
0.141161
0.0818949
0.0590526
0.0776914
0.0833732
0.144282
0.0240581
0.150315
0.146226
0.0544655
0.130572
0.0570568
0.00617827
0.145936
0.143933
0.145629
0.0145591
0.0271428
0.0776766
0.140717
0.100575
0.00389241
0.124628
0.141588
0.0280242
0.00420272
0.0106246
0.0874273
0.109114
0.152591
0.00386091
0.00378421
0.14227
0.00990739
0.0220615
0.144629
0.0126522
0.00413116
0.00433394
0.0427381
0.00370325
0.125551
0.00777758
0.00481116
0.00468158
0.0172733
0.00403146
0.00705159
0.0546854
0.0211583
0.130323
0.00401571
0.00425467
0.149474
0.00356309
0.144398
0.00443917
0.145099
0.0356268
0.0039897
0.00420507
0.0772162
0.00351943
0.00599541
0.116355
0.0244015
0.10575
0.00421141
0.00437711
0.121673
0.0044397
0.0102726
0.00418816
0.10794
0.0973523
0.136587
0.0305261
0.0326806
0.00405391
0.141737
0.0708641
0.00440147
0.00471378
0.00449562
0.00418111
0.00394364
0.00420146
0.0041927
0.00402869
0.00454378
0.00470834
0.117713
0.00418602
0.00393841
0.0041907
0.00423599
0.00377569
0.00442551
0.140314
0.00450924
0.00720858
0.00441731
0.102927
0.129878
0.00409063
0.00468678
0.00409448
0.00416296
0.142704
0.00449145
0.00401946
0.0437066
0.0463482
0.00392261
0.00467287
0.00446491
0.00442951
0.106964
0.0097683
0.142494
0.00464567
0.0230377
0.0641138
0.0320272
0.0943339
0.144079
0.00446339
0.0223149
0.152882
0.034441
0.00410309
0.00431417
0.00371501
0.0794562
0.0322618
0.00388583
0.0341993
0.154973
0.00463568
0.0773882
0.0597453
0.0309974
0.058499
0.143365
0.127922
0.145624
0.0866895
0.00376331
0.14636
0.0923054
0.141302
0.00706276
0.00469197
0.00382733
0.142926
0.0532838
0.0045478
0.142374
0.142412
0.00623014
0.0033333
0.0129139
0.131759
0.0329693
0.135608
0.0797852
0.0417176
0.0892332
0.00501798
0.0108192
0.0842721
0.00332609
0.141377
0.135891
0.0222416
0.100113
0.00369559
0.148768
0.00449801
0.00360274
0.046105
0.140777
0.00473817
0.00393822
0.0149306
0.158045
0.142827
0.141612
0.0111923
0.00388727
0.143293
0.167609
0.123896
0.137873
0.0149266
0.0193138
0.00865112
0.127261
0.151311
0.100475
0.00455908
0.00354424
0.00452765
0.00757364
0.0339119
0.0355204
0.0328231
0.141662
0.00391857
0.143676
0.00429906
0.14145
0.00405858
0.00468056
0.00374351
0.00455554
0.141608
0.0044839
0.00762845
0.128109
0.0723823
0.00451252
0.0111357
0.00959196
0.14201
0.00359126
0.140942
0.00433569
0.00441114
0.00363237
0.033319
0.0033945
0.14271
0.00390743
0.0157066
0.140593
0.0342644
0.00410765
0.0101359
0.0734491
0.158496
0.00341874
0.00584434
0.00658709
0.0345325
0.00448661
0.10242
0.051445
0.0151706
0.139179
0.0916371
0.126113
0.160064
0.0124349
0.009318
0.00824472
0.0222382
0.0971969
0.00877054
0.00386278
0.0120054
0.00312455
0.101657
0.146536
0.139489
0.12568
0.108761
0.0224791
0.139547
0.114771
0.0758158
0.0641644
0.144927
0.0250843
0.141695
0.143009
0.141682
0.143581
0.142827
0.0479566
0.00370174
0.141398
0.00651236
0.0375753
0.15165
0.0115518
0.137165
0.00419158
0.136567
0.141633
0.0126698
0.144168
0.0639176
0.00613882
0.141516
0.00701519
0.0525237
0.121415
0.055183
0.0231016
0.142222
0.142595
0.141468
0.00760682
0.143483
0.142719
0.125247
0.124145
0.0642886
0.143832
0.129457
0.141795
0.00997621
0.154393
0.144504
0.141786
0.131684
0.137593
0.00380711
0.141618
0.0190567
0.140611
0.00475657
0.0103113
0.145446
0.148586
0.00425962
0.0436999
0.143947
0.0818147
0.142265
0.0153254
0.0222462
0.143297
0.152438
0.141974
0.00347117
0.142236
0.0161401
0.0296515
0.141584
0.00423119
0.141731
0.0316583
0.0173228
0.129024
0.114866
0.142765
0.0111039
0.171695
0.155459
0.10562
0.0205067
0.022949
0.0309687
0.139191
0.137584
0.0226057
0.00432847
0.0058541
0.00674933
0.0099552
0.0550353
0.0583459
0.147522
0.0119713
0.0452501
0.131945
0.00425239
0.0381783
0.144986
0.141799
0.0233288
0.142643
0.133488
0.109618
0.142033
0.0865247
0.0297859
0.0667104
0.146033
0.0170204
0.14466
0.00561
0.150378
0.0909647
0.00368585
0.142047
0.0149574
0.00607881
0.151811
0.0170961
0.00997826
0.124262
0.0460937
0.14528
0.00456218
0.12011
0.144498
0.110741
0.0291919
0.14583
0.00892994
0.106336
0.0376087
0.141952
0.15859
0.141928
0.141466
0.143222
0.102045
0.0107875
0.13599
0.0338861
0.0458761
0.118563
0.0298824
0.143249
0.00453475
0.136985
0.0158563
0.0566231
0.0039945
0.1546
0.143152
0.156061
0.142946
0.126691
0.0467834
0.0908185
0.0340603
0.154643
0.0520251
0.142636
0.141706
0.0380711
0.0830519
0.111388
0.0920046
0.0112106
0.14432
0.0310742
0.0337833
0.00409474
0.030103
0.00661772
0.0072436
0.082723
0.109903
0.141866
0.0343244
0.141499
0.141885
0.142512
0.00781671
0.0851642
0.0927546
0.14053
0.0640745
0.100354
0.142846
0.136393
0.103281
0.0902735
0.00651252
0.116672
0.00736156
0.0374825
0.00877936
0.0161956
0.0337967
0.00598934
0.00721145
0.0759376
0.142816
0.0309773
0.00431245
0.0160693
0.00375476
0.146388
0.140034
0.0150787
0.0322345
0.0221429
0.0105719
0.114864
0.00349496
0.0039691
0.00467414
0.0794722
0.122467
0.0134128
0.139052
0.0358685
0.0187904
0.0727544
0.00872272
0.142984
0.00546087
0.140167
0.148427
0.137432
0.0040145
0.00483202
0.161432
0.00435586
0.00535148
0.160617
0.141773
0.059477
0.00427075
0.00398793
0.137754
0.00426475
0.0125729
0.00402851
0.00462363
0.0421588
0.00945824
0.126506
0.00477996
0.0488896
0.0306786
0.0403649
0.144481
0.00623064
0.00773851
0.00490761
0.143735
0.00520487
0.00405701
0.00466972
0.00549891
0.100835
0.0155548
0.00398703
0.142547
0.151838
0.0101635
0.0141542
0.0049722
0.0598263
0.026904
0.015478
0.0358464
0.141409
0.00507052
0.104075
0.140838
0.00649771
0.154345
0.00482206
0.150872
0.00571528
0.00589688
0.00603298
0.0818917
0.00633949
0.111883
0.0053627
0.0108544
0.00572301
0.00430894
0.0919727
0.0188586
0.0236135
0.137154
0.116363
0.138
0.0117085
0.00486577
0.00566925
0.159916
0.1596
0.145277
0.00725299
0.0184532
0.142941
0.00548499
0.00597556
0.00605578
0.115533
0.00543908
0.00550629
0.14168
0.00587939
0.00584694
0.0405552
0.00574532
0.00568435
0.00555542
0.00399696
0.00569089
0.00591643
0.00573291
0.00602073
0.00638732
0.00550891
0.142137
0.00596831
0.00555361
0.152089
0.00546156
0.00613199
0.0056694
0.00598066
0.143511
0.00611089
0.110672
0.00617537
0.005453
0.00645603
0.00561602
0.0543121
0.00578974
0.127295
0.00610342
0.00598358
0.00921097
0.00616339
0.00402915
0.0061959
0.00578392
0.0510624
0.00517821
0.00605368
0.00650818
0.0054873
0.0325318
0.141607
0.141684
0.00616855
0.0107557
0.00588175
0.00398728
0.00578231
0.0294529
0.00528162
0.064303
0.0510695
0.121932
0.0179441
0.00559772
0.0108864
0.14093
0.140944
0.047465
0.00609927
0.00541173
0.0137528
0.0090761
0.00637252
0.141285
0.0139004
0.0220415
0.0354332
0.0051328
0.00550475
0.173407
0.164315
0.00511404
0.00331189
0.00635207
0.136268
0.00640884
0.00305938
0.144575
0.0106512
0.0578274
0.0642537
0.0842929
0.0165175
0.0945362
0.0940385
0.00529401
0.143281
0.0159671
0.0088605
0.0111735
0.140282
0.0152482
0.0373276
0.00497218
0.164724
0.153596
0.0113563
0.11272
0.128094
0.159916
0.135038
0.120821
0.140574
0.00514062
0.141933
0.0048235
0.00795232
0.101217
0.0126393
0.138718
0.110118
0.00499289
0.029233
0.0661456
0.0692051
0.126187
0.00495139
0.0566014
0.00889997
0.006265
0.0911403
0.00618969
0.00367406
0.0309653
0.0259882
0.00641267
0.00636977
0.151975
0.03964
0.0042287
0.012739
0.00793252
0.141736
0.139293
0.0708934
0.15819
0.106101
0.134277
0.00608643
0.00489681
0.00356849
0.00548941
0.00589114
0.00630649
0.00525667
0.0057747
0.00528069
0.0727073
0.028393
0.00504181
0.0206164
0.00700154
0.00631753
0.00628408
0.00631844
0.145477
0.00593458
0.1469
0.0429181
0.00631753
0.159491
0.183971
0.0106409
0.0249167
0.00455998
0.00623093
0.142317
0.00991885
0.00624489
0.14162
0.00627696
0.122741
0.143332
0.0121061
0.00560027
0.108356
0.00665848
0.00517623
0.157574
0.00615654
0.0331133
0.00609512
0.123681
0.00573726
0.0249211
0.0055295
0.00509489
0.00589428
0.00497728
0.0985933
0.015893
0.144218
0.00541941
0.00597064
0.159969
0.00579579
0.11796
0.0190114
0.128786
0.00587842
0.00646626
0.136254
0.0148143
0.0510844
0.152538
0.141522
0.00389541
0.135283
0.0244171
0.0775417
0.0383619
0.119196
0.0146879
0.0430177
0.00538423
0.143406
0.141936
0.114666
0.00336901
0.141483
0.118063
0.136978
0.00802181
0.00597886
0.00353338
0.0963894
0.140485
0.00724884
0.00584974
0.00508423
0.0852373
0.00748762
0.00415338
0.136756
0.00528656
0.0317886
0.140547
0.0113088
0.040716
0.0327286
0.0315355
0.0966377
0.00738749
0.00691084
0.0804571
0.00445481
0.143138
0.148429
0.171715
0.104537
0.00522201
0.00659373
0.00531753
0.00528412
0.157722
0.105692
0.00878726
0.0493104
0.13671
0.0040259
0.00330591
0.119284
0.115981
0.00570784
0.132874
0.00626898
0.00601889
0.0338828
0.0812504
0.00405929
0.146697
0.00618211
0.00402463
0.00519651
0.00432832
0.0502244
0.0411163
0.141608
0.0080537
0.00621113
0.00890843
0.0318292
0.0498858
0.00763597
0.162074
0.141966
0.00634059
0.00495492
0.0095216
0.00838865
0.146872
0.0317865
0.0302917
0.0105366
0.00366721
0.00541133
0.00406834
0.0111621
0.139755
0.00560964
0.138952
0.00348955
0.00709896
0.141355
0.141863
0.00764241
0.158404
0.0191511
0.00459336
0.00808443
0.0379554
0.181114
0.163328
0.0328219
0.0768564
0.0422484
0.142755
0.129109
0.0271208
0.00836105
0.0648962
0.139829
0.0275591
0.00942093
0.00351252
0.132418
0.00902412
0.141614
0.0473062
0.153987
0.141578
0.136458
0.14181
0.0110296
0.14851
0.00913964
0.0053685
0.0199615
0.0871016
0.149023
0.00768118
0.0189109
0.00976439
0.125516
0.00522483
0.00838407
0.00398999
0.14126
0.00651258
0.142318
0.103119
0.0115559
0.133358
0.00465682
0.0102385
0.00802256
0.15014
0.00941959
0.00518041
0.00755765
0.0975787
0.0750472
0.00484605
0.00663505
0.0190282
0.0262124
0.141539
0.0107326
0.109796
0.00686766
0.0343676
0.00389201
0.122111
0.0715724
0.141528
0.00847509
0.0280436
0.00581673
0.00950354
0.0335995
0.0099107
0.0628484
0.118514
0.143341
0.0500235
0.0380937
0.142523
0.00655327
0.0119025
0.021458
0.00759221
0.145902
0.141944
0.00543526
0.179485
0.123644
0.142803
0.00484952
0.00413311
0.0078157
0.107473
0.120741
0.00435397
0.106634
0.0175147
0.071702
0.0258526
0.142169
0.142278
0.124049
0.139304
0.00921962
0.0559657
0.0910645
0.156839
0.00804604
0.00813451
0.141595
0.0131998
0.00387581
0.136209
0.0141524
0.0571432
0.0215513
0.00637383
0.0473633
0.138068
0.00644828
0.112142
0.142079
0.064725
0.143703
0.141836
0.0390338
0.0881137
0.119894
0.0738753
0.00733367
0.0343603
0.114457
0.085333
0.0562874
0.00353413
0.00615295
0.152561
0.0251003
0.106466
0.0372821
0.0072659
0.142931
0.00600896
0.0924011
0.138133
0.00886489
0.143615
0.0116287
0.0542177
0.144931
0.0391921
0.00625278
0.102397
0.137678
0.00370696
0.0362472
0.00527344
0.0932412
0.0073595
0.0430754
0.052791
0.15771
0.0292823
0.0836594
0.008207
0.010713
0.0177534
0.141533
0.00430519
0.142657
0.080498
0.141594
0.0259199
0.0976858
0.0504529
0.141467
0.161833
0.0445495
0.0171254
0.00965368
0.0817538
0.0329899
0.0312109
0.142943
0.0571923
0.0957812
0.00803476
0.0484453
0.0797822
0.0278678
0.0970379
0.0136752
0.0111681
0.0143657
0.0952325
0.128512
0.0265022
0.00633177
0.00420299
0.142638
0.0307829
0.0196011
0.0227335
0.0206541
0.00748288
0.00386482
0.140112
0.0155053
0.00479141
0.128051
0.0134645
0.11208
0.00568261
0.0437276
0.0146828
0.0425505
0.0244875
0.00843431
0.0201608
0.00645047
0.122803
0.0108365
0.116108
0.0174644
0.0139039
0.1422
0.00923835
0.0104639
0.14158
0.0960702
0.127857
0.0793332
0.139166
0.14767
0.0365423
0.00619999
0.00692308
0.00756875
0.015975
0.141642
0.00605401
0.0082837
0.0772189
0.0147105
0.142936
0.0361479
0.0898913
0.0111529
0.00522298
0.0130732
0.0930411
0.0180652
0.0450579
0.00298963
0.00629736
0.00609035
0.0769937
0.0151235
0.0349274
0.00781671
0.146687
0.144104
0.00576794
0.128166
0.00606969
0.031657
0.0065904
0.00634857
0.00573362
0.00736065
0.0410449
0.00580548
0.105717
0.0422677
0.126165
0.00658675
0.00615656
0.00592548
0.00571717
0.13738
0.0944436
0.0150496
0.138414
0.0846656
0.00707141
0.0811054
0.123298
0.0217966
0.00839359
0.107922
0.0293226
0.0109269
0.0274698
0.133826
0.0452315
0.0161806
0.00593945
0.0614099
0.0349228
0.00576672
0.0070017
0.00640303
0.144468
0.00927404
0.0735041
0.00672741
0.0593093
0.0104231
0.0836136
0.00412694
0.00807933
0.00741
0.138915
0.00618711
0.0100738
0.00860689
0.141428
0.108902
0.143971
0.00795282
0.11581
0.0857396
0.0544084
0.00603055
0.00742194
0.120618
0.0175104
0.00514913
0.133459
0.00594541
0.0639968
0.0106785
0.00505984
0.0102609
0.00541958
0.00560532
0.144453
0.0412487
0.144066
0.0112277
0.00723536
0.00821886
0.007966
0.00711741
0.142465
0.00575999
0.0385811
0.0587822
0.127555
0.108319
0.0994734
0.143618
0.142194
0.140297
0.00680888
0.00635655
0.00584108
0.0306951
0.143579
0.0129514
0.0892581
0.00690861
0.123114
0.141243
0.00593504
0.00694478
0.00679999
0.105297
0.021701
0.00763649
0.0407356
0.00711595
0.0787462
0.0400136
0.00786818
0.0578238
0.0654306
0.0162164
0.0907119
0.00645494
0.0225364
0.143223
0.0105577
0.00679038
0.0430508
0.013564
0.00706971
0.00821933
0.00737601
0.00541692
0.0153634
0.145518
0.00777156
0.0062374
0.0415361
0.0679098
0.00872772
0.00784459
0.00759577
0.00620967
0.13952
0.128777
0.0284181
0.0269302
0.00824398
0.00831227
0.00755401
0.00780701
0.0059352
0.0220265
0.00709929
0.00813435
0.00552219
0.142995
0.00920222
0.00591364
0.124703
0.0963522
0.0146482
0.027258
0.00781378
0.143042
0.0457486
0.00976286
0.00798012
0.00720656
0.00540298
0.00847883
0.16148
0.0257623
0.100789
0.00643083
0.100691
0.0111467
0.126584
0.0067095
0.0975148
0.00778063
0.029269
0.00974327
0.0065859
0.00963648
0.13399
0.00959598
0.0215609
0.0109056
0.00706515
0.00709597
0.00742906
0.00497231
0.115593
0.00690398
0.00861678
0.0112265
0.0100994
0.00637027
0.10174
0.00664679
0.00783694
0.020657
0.0042169
0.00490918
0.0102118
0.0118265
0.00801558
0.0180961
0.0072854
0.017049
0.0124471
0.0081935
0.0114229
0.0453956
0.00849766
0.0872901
0.00693793
0.0111258
0.00772824
0.00832061
0.00724983
0.017869
0.00715482
0.00599718
0.0153019
0.103417
0.00951039
0.00742444
0.00718568
0.00966525
0.113909
0.00664608
0.015538
0.00976487
0.00780935
0.0552502
0.00612574
0.0473243
0.0400575
0.171132
0.00608686
0.0056391
0.00628085
0.00821711
0.105322
0.0178027
0.00749814
0.141768
0.0470578
0.0071147
0.116879
0.00516911
0.0594541
0.00717616
0.0494725
0.00503943
0.0268132
0.125761
0.12407
0.00739073
0.0149533
0.019426
0.12588
0.00804549
0.0786499
0.0472177
0.122064
0.114683
0.00916216
0.0664221
0.00568563
0.144661
0.0522965
0.13421
0.00690523
0.00851813
0.0243504
0.0236048
0.0707946
0.148435
0.0283926
0.00928314
0.00535479
0.0173218
0.00718539
0.0495788
0.00717395
0.123263
0.00736556
0.0119384
0.00720932
0.00664884
0.00755595
0.0670992
0.048064
0.0152589
0.0173633
0.0316814
0.143317
0.00768274
0.0590912
0.0878034
0.0324154
0.0114487
0.0140057
0.00866274
0.00575363
0.00706451
0.00614891
0.121874
0.00552209
0.0285996
0.0291688
0.153832
0.0061366
0.00575252
0.118644
0.00778139
0.016561
0.0184015
0.112507
0.0620746
0.00756872
0.0871725
0.00671855
0.0180236
0.0696602
0.0146794
0.017593
0.164278
0.108962
0.00506427
0.0330346
0.0120552
0.00702014
0.164342
0.0906902
0.0164523
0.0612621
0.00868521
0.00753245
0.0225769
0.045273
0.00760268
0.119406
0.00671408
0.12324
0.11022
0.0819504
0.0076411
0.103047
0.0968664
0.0523797
0.00843867
0.0064303
0.0650445
0.00653984
0.00825258
0.00814335
0.00948489
0.131833
0.008656
0.0101072
0.119535
0.00744326
0.0141269
0.00738073
0.00946927
0.00512026
0.00386436
0.0331724
0.0136605
0.0131921
)
;

boundaryField
{
    frontAndBack
    {
        type            empty;
    }
    upperAndLower
    {
        type            symmetry;
    }
    outlet
    {
        type            freestream;
        freestreamValue uniform 0.14;
        value           nonuniform List<scalar> 10(0.106738 0.160832 0.182381 0.164889 0.144701 0.166397 0.175971 0.160393 0.133056 0.116363);
    }
    inlet
    {
        type            freestream;
        freestreamValue uniform 0.14;
        value           uniform 0.14;
    }
    airfoil
    {
        type            nutUSpaldingWallFunction;
        Cmu             0.09;
        kappa           0.41;
        E               9.8;
        value           nonuniform List<scalar> 
204
(
0.00013323
0.000158468
0.000140519
0.00018305
0.000132976
0.000150889
0.000204441
0.000171858
0.000153748
0.000138669
0.000116719
0.00014271
0.000124065
0.000124924
0.000103227
0.000111263
0.000117231
0.000147119
0.000126374
0.000155905
0.000161329
0.00012682
0.00012168
0.000121635
0.000103781
0.000135172
0.000107528
0.000117054
9.98292e-05
0.00012716
0.000131144
0.00014806
0.00013768
0.000146904
0.000128174
0.000145472
0.00012718
0.000123733
0.000110531
0.000137703
0.000135277
0.000122027
0.000145419
0.000144246
0.000136964
0.000124002
0.000121925
0.00013747
0.000124721
0.000169771
0.000131395
0.000142311
0.000138203
0.000145836
0.000137406
0.000147571
0.000166762
0.000112869
0.000111076
0.000143842
0.000148501
0.00012549
0.000126121
0.000129647
0.000114658
0.00012017
0.000131335
0.000112454
0.000146391
0.000105621
0.000144311
0.000137697
0.000149292
8.68365e-05
0.000188914
0.000109188
0.00011668
0.000144644
0.000111911
0.000167982
0.00013576
0.000145258
0.000138983
0.000129344
0.000140687
0.000134802
0.000161087
0.000142106
0.000188504
0.00011839
0.000152073
0.000149994
0.000152823
0.000103573
0.000147768
0.000150203
9.17877e-05
0.000123195
0.00014222
0.000138654
9.06594e-05
0.000117651
0.000119505
0.000101076
0.000112202
0.000126595
9.05402e-05
0.000111501
0.000140557
9.18289e-05
0.000102232
0.000110961
0.000105908
0.000111603
0.000107306
0.000140898
0.000137759
0.000113152
0.000113216
0.000147801
0.000102087
0.000105012
0.000108884
0.000167102
0.000169473
0.000114541
0.000147437
0.000137494
0.000180232
0.000124476
0.000114949
0.000113581
0.000112674
0.000123045
0.000114434
0.000119773
0.000103044
0.000148557
0.000105308
0.000146572
0.000164088
0.000132217
0.000111147
0.000162806
0.00010853
0.000168024
9.67649e-05
0.00012691
0.000168894
8.59776e-05
7.78872e-05
0.000127198
0.000167535
9.44681e-05
0.000111
0.000153767
9.99079e-05
0.000182117
0.000140939
0.000145765
0.000176054
0.000158973
0.000103056
9.50925e-05
0.000100353
0.000209261
0.000148559
0.000134204
0.000104988
8.01962e-05
0.000106683
0.000119911
0.000172355
0.000111791
0.000124108
9.95796e-05
0.000179012
0.000118431
9.01012e-05
0.000119182
8.97063e-05
0.000117206
0.000146135
0.000204805
0.000169972
9.4935e-05
0.000133649
0.000129727
0.000118957
0.000107939
0.000111368
9.34074e-05
0.000121334
0.000128268
0.000101904
9.61523e-05
0.000124128
0.000117369
6.9129e-05
0.000118196
0.000164054
0.000124227
0.000185959
0.000118268
)
;
    }
}


// ************************************************************************* //
