/*--------------------------------*- C++ -*----------------------------------*\
  =========                 |
  \\      /  F ield         | OpenFOAM: The Open Source CFD Toolbox
   \\    /   O peration     | Website:  https://openfoam.org
    \\  /    A nd           | Version:  10
     \\/     M anipulation  |
\*---------------------------------------------------------------------------*/
FoamFile
{
    format      ascii;
    class       volScalarField;
    location    "200";
    object      p;
}
// * * * * * * * * * * * * * * * * * * * * * * * * * * * * * * * * * * * * * //

dimensions      [0 2 -2 0 0 0 0];

internalField   nonuniform List<scalar> 
3042
(
-121.628
-4.60654
26.2956
-56.5058
21.5889
-13.0653
4.42928
-109.69
-4.07716
-150.123
99.8885
8.36133
-20.5996
14.1419
18.0699
28.4939
-4.02183
-128.447
-25.986
13.7286
-112.186
-7.75234
17.2937
21.2476
-57.1729
-16.5247
34.2908
-24.9387
-27.1645
41.416
-94.5085
71.9695
-29.5002
-35.0821
-49.3983
3.06643
-48.4071
-86.4367
-48.2087
-77.9129
-76.3704
-118.827
59.7632
11.7901
-77.1989
-18.3943
-71.2176
-31.215
26.1867
-25.9189
-56.0474
25.2313
-1.23336
50.6406
41.8297
2.6477
4.05636
-0.557386
-25.0466
-3.11835
23.5807
5.25525
-84.6818
5.84795
19.6768
-83.9532
-34.0388
18.0681
-41.4498
5.44584
8.0921
-65.1207
-44.0032
41.8528
-9.75879
0.724142
-49.5815
3.13274
40.7586
-92.2719
-17.7227
8.54667
-46.8797
-1.51981
-21.3997
-80.0882
2.69004
0.520601
-148.906
47.0508
23.8501
41.666
97.0284
31.8858
6.44643
-21.5029
-109.471
17.6883
-75.3278
34.6516
-11.1996
-77.451
-11.8675
5.71443
5.434
2.0059
-57.5699
16.2712
20.8597
-78.4233
-27.3424
-77.4789
-63.769
-68.4283
4.33176
37.5869
78.2389
-27.6259
-139.815
16.3383
-79.8533
3.63418
37.2249
-11.9858
9.86031
1.22488
0.411903
2.59193
34.247
-5.55667
44.7508
-70.7256
-51.0376
-3.08741
1.82884
18.0038
21.8364
7.9105
-58.763
2.39586
0.444128
-3.32938
14.7216
35.3798
-0.272911
-61.6325
-0.126553
-40.0136
-73.1543
-5.11499
-72.5425
6.70863
9.29699
23.3421
-11.4965
-13.8501
30.4395
-2.66087
5.51348
-47.8512
32.2892
-65.516
-0.779994
3.41279
-45.8719
15.7255
17.3993
23.8916
8.56674
10.8658
-1.58261
17.674
4.51618
6.14304
-53.2811
-29.8695
-60.0679
79.2387
-21.9686
-16.1734
17.8162
24.5033
24.4889
-25.124
-56.1431
-73.3228
76.2127
-0.952697
9.48085
-42.0972
13.2677
-89.9974
-64.419
-35.891
2.02738
-19.2728
33.9644
-30.2461
64.4301
-4.33751
-73.5515
-39.8284
7.09096
16.8004
-0.0232401
3.85097
-61.1326
-15.3956
98.4355
15.6074
-10.1741
-5.13645
-0.772372
-80.0135
14.6158
-9.196
-80.5731
0.299634
47.5111
-87.5336
-6.86962
24.655
-10.5061
-4.63969
-7.87363
-7.6072
-10.5997
22.2972
-87.5078
-34.7592
-12.3563
-3.72683
-14.57
-3.49497
-13.2303
-155.229
-10.2437
-127.049
-85.7718
109.86
-0.0754925
49.598
17.416
-70.0896
-100.812
-5.75256
-16.3931
-53.2004
5.43014
-50.0511
0.540854
29.9059
-83.5115
-3.96391
-52.3562
-54.0589
-104.507
-91.7974
47.8008
5.55204
52.4868
-72.0672
-33.1756
-18.0285
17.0475
-6.26434
31.2144
-58.8035
-32.8616
-19.3597
-6.04931
-0.564892
0.394231
8.62292
6.28707
39.1474
-78.5208
-8.64436
-82.7445
101.668
-6.26204
-6.20918
-18.0722
-10.7378
152.241
-49.2371
-39.391
-72.4353
-99.7431
31.8403
-62.2679
-82.4364
92.8649
13.4663
-63.5194
-5.43348
-146.889
-64.6666
-1.95815
37.2871
-25.7574
-0.240801
7.93369
-73.5999
93.8845
-0.365736
39.3022
-9.33236
-48.828
-46.3097
4.89155
-2.93041
-5.35927
6.08459
52.9536
-87.9731
-0.638823
6.15881
27.6684
-38.617
-3.19739
44.3612
0.763158
2.27434
88.0231
-64.5011
-3.636
-32.1644
-54.5979
-57.2767
-111.477
-3.85805
-43.1522
2.35035
-29.6626
-81.0203
-18.9862
-65.4166
-75.5468
4.18865
-9.84682
-90.0372
-92.3574
2.17746
-7.40727
46.7367
8.90101
158.907
1.92584
-76.0894
-34.5075
-52.6442
-131.74
-132.458
-13.3946
4.48882
-52.3491
-21.1976
-3.5897
-0.0531119
-46.2169
8.38151
-120.795
28.3232
-14.3059
0.968432
-89.1505
-22.4139
-0.551151
7.904
-50.9188
15.4821
-57.6664
75.0095
-16.3026
-6.05316
-4.63418
-14.5869
-122.018
6.83218
-4.02943
-44.0504
-9.07164
-43.2422
-28.0426
-12.2104
-8.92171
-4.13057
-8.9003
154.342
-74.5311
-48.5706
-2.41352
81.3321
-14.8516
35.3701
-107.465
-103.326
-45.6106
-6.86581
5.12774
-46.4253
-90.8764
-52.6776
36.6728
-47.8456
108.572
-38.9923
-90.8161
-7.85615
21.6986
-12.9063
-29.8686
-54.6903
-51.464
23.1764
-4.8453
-77.429
-10.4848
-16.1258
-166.44
0.058953
-28.9609
-63.8547
-76.3678
-117.57
-37.6894
7.135
-5.45943
9.59146
-0.691585
13.7505
-9.68541
-2.5867
-53.4663
-23.3936
14.8554
-33.5389
-47.771
-0.0899233
1.40889
194.143
-7.25717
71.6676
-74.6588
64.8161
-55.5247
-0.941506
-9.3235
-20.2697
-24.4852
2.18904
54.7012
-37.6551
-56.8014
-86.639
-66.2228
1.52289
80.8553
49.5717
4.3928
-63.5629
-13.0132
-88.6877
-30.2654
-109.392
0.600987
-11.8186
0.441681
21.5817
-52.0175
-96.344
3.56979
-105.27
-43.2306
-25.5078
1.85772
-46.4343
-50.2706
-6.79631
-4.62642
-67.216
5.25811
-62.3558
-36.6626
12.0363
-29.452
24.7062
-55.2357
14.0412
-9.35677
-47.2228
-62.0325
-51.8773
-4.9839
23.7419
56.2817
-11.6086
-24.5321
-50.6205
11.9381
-8.14939
22.6659
-0.624377
0.406158
-61.8066
-43.2475
-6.59487
-109.271
3.48733
-48.7724
-62.3054
-83.1154
-4.67675
-66.8527
117.407
-59.2107
-19.4419
34.7852
13.2584
8.89521
-75.6669
-51.6464
0.90563
-55.0733
36.6881
-13.5828
5.74755
-74.7325
-65.542
-57.6833
-47.7547
-58.4473
-48.5745
8.9072
-62.3712
-3.7737
-6.61164
-2.91672
-72.0659
19.4017
-81.3851
1.0049
-29.4364
-8.70668
10.182
-122.414
10.1346
3.37445
-93.9574
-7.23608
-51.6357
-155.871
20.8284
-0.882793
-20.0565
-31.7799
-11.8744
-28.0933
9.06769
6.83103
-114.492
-38.1726
8.58039
-3.59052
-25.1618
-92.1876
-92.1327
-1.87462
-159.914
29.0531
-29.2737
20.886
119.49
-71.6547
-1.36252
-53.1065
-11.9249
41.5859
-60.2517
-26.7612
-52.7312
4.28687
20.6571
-90.8903
-63.8142
-128.205
-61.8496
-66.0531
-130.529
-75.9266
-21.5536
18.4978
-52.8416
17.5216
-10.2847
18.7165
-25.903
-97.8616
-117.711
-59.0038
-93.7374
-139.376
-78.6444
-57.7028
-25.7038
179.857
-35.1375
-3.60203
-20.699
-77.3216
-26.6744
-3.71611
-0.913463
-50.1034
-47.2733
11.9828
-69.8537
17.2732
136.817
-17.7053
20.7692
-68.3933
9.94238
-78.3012
-41.9674
-19.8905
47.0818
-33.9052
36.2078
11.0524
-7.2849
-71.0113
9.90451
-36.2285
9.83268
13.8916
113.059
82.9416
8.59437
-34.2216
3.35198
-43.3806
-58.063
-79.9197
37.2434
-141.578
-57.2891
3.26159
-18.2407
0.491317
1.42571
-6.05842
-65.0499
-5.54171
-2.13012
10.6134
-79.7638
12.5582
-41.1989
-59.6714
-13.7206
-36.5409
-0.850527
-59.04
1.11677
7.32203
-0.560231
-24.2859
-42.099
-130.893
17.4494
-19.9137
-23.6114
6.35416
-3.85524
-13.6222
-45.6605
4.60563
-70.006
98.3498
-60.1866
0.491735
-11.4681
2.55534
-49.0527
4.22991
-57.6065
10.1891
19.3956
113.516
1.1247
-24.9379
0.0532932
5.35539
-62.7316
-1.81768
-56.8371
-105.396
-43.8789
-0.725917
2.7243
-81.6039
3.14955
-38.0475
-51.5125
-4.10161
-13.6639
-140.815
3.90482
-126.71
-0.108248
-111.681
4.85459
-0.935579
-14.7009
-1.19981
-24.0303
4.99091
-73.4788
-79.2899
10.4913
10.8393
2.35493
-74.9141
-3.95037
2.4774
-14.1114
11.7018
-44.8826
-7.96109
-99.2935
46.9571
-46.2482
-70.29
3.59242
-79.6393
-101.836
-37.3105
-56.4156
-97.7078
7.86764
44.0422
-3.82875
6.49664
-2.35223
-44.7981
31.8171
-96.1909
23.4384
-53.2334
5.00322
-16.9728
-111.49
-80.2692
-64.8804
-10.8292
-2.95575
-88.2261
-42.7221
-89.2989
-119.293
-17.8657
-23.7267
-118.564
0.901413
0.287676
16.7416
31.92
-83.6157
18.1717
-20.161
-10.2221
-26.3178
3.79484
-148.264
29.7729
-58.9037
3.08065
-1.15046
-3.41224
-39.2361
-1.77042
4.01155
-51.0407
30.1933
-79.6742
25.7298
-102.65
-16.1408
11.9325
-20.3709
-2.73912
-22.7492
-91.8616
-3.05628
-27.7689
58.9808
-58.714
8.64437
-7.7998
73.5052
-36.2637
-6.73478
-3.18308
3.75351
-37.1113
-1.02953
-0.327705
-22.0631
-54.8629
-58.6493
-6.14127
-81.3668
-68.7623
-85.1022
-58.4606
-51.3291
16.8693
-137.595
-97.1925
69.2223
-1.59514
20.8341
-31.4133
64.3063
-53.739
-5.43807
-108.122
44.7858
8.72727
-40
145.4
-10.2982
-40.8856
-24.1588
4.13271
-131.222
-32.5818
-59.9823
-15.3557
27.6529
-101.982
-141.358
-69.2124
-82.3868
-35.9085
-32.9941
-26.3589
-1.02501
9.1006
68.2968
-12.3638
11.1189
-39.3599
10.4322
3.90889
24.6829
125.009
-55.0016
-58.5885
27.9945
-0.808945
8.18567
33.3586
-39.2847
-31.8274
19.2718
10.2322
-47.1968
-74.8792
-33.7904
-9.7578
77.3582
-15.1127
-63.5912
13.7492
15.399
-61.1085
0.39038
67.921
-82.2432
-74.5172
-4.02604
-85.5882
-17.3063
-88.3613
13.8903
-51.6247
64.2401
-86.1555
-23.3336
3.72747
-57.1466
-138.334
-20.2863
6.29964
83.4125
-49.8862
-12.9517
13.8638
-4.10292
-5.38309
2.17753
50.0704
-4.66323
0.00816106
-79.0747
-12.7781
-57.2668
24.4336
0.60829
4.53097
-12.3542
-4.62065
-85.7597
7.38185
-31.1063
-3.1312
-1.72902
-47.7249
-57.5632
-48.9602
-3.18162
65.9732
-7.17174
-58.9776
39.5486
13.9278
14.4772
-101.31
-49.5047
-50.5112
2.37257
-1.05352
-45.1211
31.1058
-66.7791
25.6309
-1.46679
-86.9515
0.0861178
-45.5101
9.0308
-6.72348
-68.5998
-2.52616
-1.75032
-44.8593
-2.86091
-69.6311
-41.7768
-25.7553
73.161
0.89498
57.1734
14.4578
3.04498
-0.864216
131.006
-34.0494
-59.0232
112.596
-20.5667
-35.5555
-51.3804
82.3016
60.556
-27.1637
-40.4643
-2.44076
-25.1889
-13.1117
-74.9556
100.905
-3.95079
-77.3435
2.11504
-2.13829
-7.07257
3.00301
-1.76241
11.4691
-19.3202
0.0628325
-102.314
10.9544
-56.398
-74.2344
-84.6686
22.6589
-29.3706
-33.7458
-17.1079
-57.1474
2.51243
-60.0046
-59.139
-13.0782
-16.6186
50.1426
-59.333
-0.369225
13.6796
2.90874
6.26576
-22.7198
-11.0365
4.09301
-3.30603
-44.5948
-37.6791
0.310794
-61.19
-11.7408
-142.498
-65.7947
52.8412
-5.50294
-27.751
-0.900732
-12.2102
40.682
-75.1433
-10.1153
1.58648
-70.8157
-74.9052
-4.02966
-1.30286
-90.8447
-7.99433
62.4291
0.0675157
82.9741
-82.0031
38.068
-28.7514
-98.4148
-158.205
-19.5036
-71.1302
70.8882
43.2702
16.4506
-85.1003
8.54233
-0.0851368
-0.258459
0.230368
0.0289658
-0.173733
-1.03381
0.196152
0.461024
0.845503
0.302286
-0.22813
-0.286547
-0.821429
-0.37143
-0.194989
0.377098
-0.430949
-80.6776
-74.7442
14.5184
1.42278
0.0919553
-13.9611
-67.8625
16.6139
0.382226
0.499244
18.0929
3.84799
87.1084
68.343
-0.117084
-117.066
-8.01995
5.37991
-6.33622
20.4013
-67.4279
-75.4922
-60.5962
-0.326949
1.1
-1.45245
-0.00419561
-68.9234
-57.1879
-0.648046
-0.490386
-36.0303
-1.93255
9.67435
-0.192509
-6.42399
-0.428012
-0.625461
0.905472
9.35743
1.47897
35.4362
0.253484
-38.9793
-4.72399
-33.2042
-139.955
-12.6597
-77.4176
0.263739
-18.5377
0.548228
0.579037
-52.8253
-0.506826
0.10379
1.71285
-0.417846
34.4902
0.108478
-0.389001
1.90133
-94.2335
46.5226
11.6451
-0.0942379
1.81281
-77.2233
2.61083
29.9495
-0.0665324
4.37579
-0.209199
-0.412413
0.465857
2.80352
0.20941
3.8736
0.101424
-76.1971
0.109009
-39.7667
-13.1329
-63.4902
-0.00918014
0.230818
26.2018
10.3405
-120.717
-75.1621
-0.0732632
13.5465
0.14791
-57.7039
7.86402
-3.86146
0.668781
-0.59448
0.2974
-5.2649
-42.7203
-0.0602123
-39.3219
1.76764
16.1487
22.3215
0.539379
0.128107
0.688101
-0.0262958
-0.940807
3.06285
-0.269877
-73.7425
7.39902
0.596467
-101.917
-12.0335
17.2294
-59.4497
-38.5202
-26.4426
-1.90818
0.924103
-10.2957
7.99812
0.344712
0.241495
-18.1709
15.431
0.0557109
30.9206
5.00474
-0.359844
-0.731222
-93.9045
-56.8047
9.7322
4.45314
0.236484
-0.683541
8.7274
-0.210944
-0.214051
-18.496
0.0159854
-8.85355
-0.0632748
0.0388812
0.490013
3.56334
11.5639
8.77399
0.203641
20.568
-57.0308
0.563791
6.38865
-116.158
4.09864
0.0734671
-0.261863
-32.667
-41.89
1.22288
-8.98178
0.0398743
-120.023
-5.45305
6.1577
-63.1799
-54.5335
2.00747
-22.5789
-154.533
-0.53644
-9.08647
2.76057
-6.98315
-0.0681319
-64.3035
112.612
-99.5524
4.60462
-0.914329
-2.27445
0.327551
63.4108
18.3151
2.10209
-42.7208
1.14275
-0.719163
-24.9618
-0.60588
-30.914
0.340316
-71.7605
51.4947
-41.1539
-26.3881
-0.276706
-8.33454
0.409095
-136.782
14.0388
-8.32504
0.767886
0.89263
-38.9352
-74.5412
-7.33158
0.00294747
-2.49573
-38.1047
1.00336
-29.4348
-46.2908
2.30678
-167.385
1.19845
0.223495
0.979877
-35.8231
-44.9971
-7.21126
10.4259
-50.8417
1.27101
-6.4321
-85.5732
42.5406
1.65374
-5.17334
0.331886
-88.4648
-71.7922
-5.23593
-0.505871
0.505823
-145.662
-138.778
4.27593
15.7305
0.00978434
-32.2839
38.7709
-130.589
0.387852
9.05283
-79.6842
3.23979
-11.1177
-0.65232
-1.50876
-3.38449
-67.6838
-13.1316
-21.2883
74.6854
-130.955
3.58374
11.9042
-27.5865
-78.6432
9.02753
-72.6029
-70.2213
1.16674
2.58517
28.7178
3.56404
-0.496637
2.24605
-31.3746
35.7265
-9.29791
1.02068
6.31537
14.8365
-53.3344
12.5074
-0.418455
-6.18234
0.658735
-6.37655
-4.39088
-50.3016
-0.0548736
-1.11557
-1.33597
5.0558
-56.8314
4.94126
-6.01616
2.45859
-24.1359
-64.6528
-33.7885
0.699368
-73.7379
51.5942
1.70176
0.365076
-54.2251
-0.411575
-35.7794
-0.261812
0.09665
-38.1528
4.52585
-2.503
-93.7288
-50.7638
25.7494
-17.6238
0.0690219
97.0039
10.8557
-2.55445
26.1788
25.7618
8.13029
2.62987
2.07557
-4.45778
-12.4924
-19.4941
2.16956
-4.83407
4.2925
35.9154
-0.0819991
-22.0128
58.6402
-4.47938
-6.22767
23.8852
-26.0866
-60.9924
-0.127251
-39.0928
2.38448
0.932992
-58.1603
5.13855
0.538991
1.68375
4.579
-1.41135
5.96325
-93.4045
-83.7337
0.056243
73.1141
133.625
-25.5509
-44.0254
30.8847
-93.3102
-0.956906
0.088494
5.06527
-5.09845
-6.36485
-82.8903
20.3533
54.4981
27.7036
-68.041
-17.0687
-67.6405
2.68868
-0.970202
-8.12689
-15.3767
-0.225077
0.466704
-47.4664
14.7301
9.30543
-22.7361
-2.07412
-69.6643
0.805657
-2.38254
0.463512
52.0936
-1.1343
2.21379
-2.47863
-5.98478
20.4977
-52.6134
4.2332
178.279
-160.396
-144.481
199.124
-15.756
-104.379
-26.445
-73.0752
80.1404
-25.6386
73.2812
2.19167
24.2466
-5.08011
-2.60241
-82.5258
-4.55764
0.759586
37.8114
12.5015
-2.40251
0.961555
0.0447579
-0.350598
-0.662126
0.348122
-2.04874
10.1293
-0.605399
3.33661
-90.7003
18.7302
-69.651
-39.6847
-74.4166
-4.00701
0.0220936
13.3783
4.38884
-3.44056
0.564026
5.94537
6.60932
-18.7632
-55.7016
-26.5235
-20.4427
-0.708437
2.47802
0.790568
69.6175
5.44374
4.25453
-45.5177
20.2542
-1.41661
-3.83979
60.7809
0.547487
2.06873
7.74657
-19.2197
0.14985
10.092
18.8738
-2.35302
-36.0077
54.6922
5.85693
19.7951
-7.05485
41.1702
-0.769198
-15.0309
-0.299473
4.81436
-57.5071
-4.40721
-16.9781
22.5163
-60.8482
10.4496
9.50449
-1.24282
3.709
-61.9938
-66.1876
-60.488
-77.9025
-70.6542
-1.41341
-96.2573
-36.7476
-53.1734
-119.042
76.5248
30.2253
-102.247
-107.795
-84.4921
20.0302
-55.5051
-60.9224
-89.9441
-106.92
-21.7252
-52.3676
-42.9459
-10.725
43.0568
5.70516
-77.2679
-2.08783
-24.1376
-25.6966
-64.6162
1.27645
19.2727
-56.562
3.19682
-56.7668
-37.3911
-59.8016
-67.9899
0.0114459
-98.0671
-72.5897
-65.9815
49.0863
42.822
-1.18055
-61.8823
-101.069
-66.2
10.3793
-42.7881
-67.2732
-100.896
-73.4727
-58.0966
-59.4416
-38.59
-66.0152
-55.5656
-71.9727
-103.829
-2.48396
-86.8281
-64.9576
-96.6398
-24.5422
-57.3777
-102.671
-5.4056
-84.9148
-59.2667
-72.8547
-0.615113
28.3053
-58.4342
-105.658
-27.1449
-49.5319
-4.93268
-97.7714
-7.54565
62.65
-114.604
-2.77695
-100.381
-91.8275
-63.3086
2.05279
-16.1411
-55.9466
-69.7346
-141.452
-52.348
8.61677
76.9637
5.68613
-78.2775
16.1882
-3.88618
-85.9629
-16.6986
-87.5087
19.5835
0.884723
-95.1837
2.7929
-118.322
-1.33469
-107.684
1.58946
-20.2303
11.9352
-31.7643
5.17257
-3.96381
11.1648
67.6919
9.54658
-2.13119
77.7076
37.3077
-67.0702
-98.9799
78.9869
2.44462
-105.986
-96.5695
8.27549
-5.39485
-57.657
15.758
-70.3777
0.034988
-69.2536
-12.4023
1.74757
-22.9222
6.37881
-138.526
-60.0344
1.1561
62.2361
9.45613
-5.84616
-64.3725
1.36554
26.711
-3.97473
-107.28
41.5065
-107.565
16.0358
-116.117
11.1499
25.0688
-1.44556
46.028
-9.69186
-159.169
-39.9777
34.599
-1.86848
-13.8419
1.78501
-102.771
40.2828
-83.6599
-10.2109
-5.82525
-29.1683
-98.0278
48.5203
-112.226
51.3372
-124.091
-53.9718
-110.162
-1.41396
19.7985
26.3443
-50.9115
-1.97707
-3.87572
-116.814
-16.4943
-91.8848
-2.0211
-77.397
-51.3744
4.91369
62.852
-85.2972
31.2134
-48.7401
4.24159
52.9424
2.13098
-65.9229
-67.4199
-68.5457
4.71061
98.4802
-31.4206
32.3449
-61.1311
-1.163
-13.5591
-13.3044
34.178
-14.6834
0.975109
35.1007
13.4044
50.7593
-103.314
-109.139
-11.5176
-49.2069
-93.6022
11.3638
1.17639
-23.2666
0.476085
-94.5944
-135.482
8.52868
-83.9351
7.16422
-70.1866
124.482
-90.8098
118.566
29.4409
-6.80663
-2.54636
8.47488
50.4529
-89.0517
-0.890235
3.73646
-8.22071
-56.1567
21.3866
-50.3367
12.4926
19.9094
8.94485
-2.54931
-3.0059
-37.8247
55.8511
2.58561
49.4955
-61.0475
1.67464
-89.6851
-5.11713
139.754
1.00434
1.49346
-43.9157
-1.81387
6.93877
-50.251
-6.21041
323.084
5.67735
-37.2896
-6.0061
-47.2002
-26.4454
-2.13315
-20.6932
-73.1917
22.4673
13.3009
1.37901
3.48715
-56.529
-4.50799
-3.51843
-1.47981
-56.3552
-1.5983
-5.51602
-3.04157
-0.989041
-0.395199
62.5431
8.30156
-30.6698
18.5575
-108.144
49.1227
8.63699
4.17605
230.488
-32.2197
-32.5482
-32.7818
-22.134
-21.7182
-39.018
-14.4361
-1.56773
13.1225
158.552
-4.11774
31.8174
-57.1807
-1.29694
-68.7281
-0.414466
-49.7302
-106.565
25.1662
-29.4185
-6.37778
29.8637
-0.870048
1.32929
-51.0643
-78.9009
-21.8143
-17.9309
4.27306
-0.696746
-16.0899
196.089
-67.3675
-109.109
-66.5958
-111.114
-38.8047
-4.06227
-68.5927
19.2281
6.23402
175.544
-0.663596
6.53371
0.847332
196.667
-39.0482
22.0923
-14.215
-14.1712
-5.40295
-45.7475
-10.3793
-3.34247
-52.709
7.73496
29.5764
7.05887
-15.7543
-68.1875
56.166
-33.1002
-18.8056
-0.475644
-84.428
41.9298
-9.65559
-19.0595
-3.53993
-86.1233
-6.99991
6.40113
53.7154
-63.6177
7.1702
-96.888
2.61257
-64.6666
-17.8712
-6.23526
-8.162
51.4567
-10.0594
-30.2243
-82.6876
2.59948
28.3475
-63.7763
-8.36309
-37.3907
3.4613
-73.5987
15.0435
-121.593
-59.7169
-64.3465
-4.91826
-9.01709
-9.36546
15.7418
1.12882
-68.6511
-37.964
-14.8113
-1.62232
-81.9067
10.1263
0.921276
-72.3422
-32.3171
40.2698
-26.2062
-8.62644
-2.71526
-71.2912
-34.2011
-89.7416
-19.1797
-79.3807
-85.9336
-63.2645
4.58272
-1.83176
-42.7562
0.324321
-10.6393
2.5438
-89.5061
-19.9175
-73.5626
2.23305
12.0253
73.6669
-7.42438
-6.43358
-14.2506
-23.6543
-63.4787
-6.10702
62.439
-58.78
38.5237
-86.8714
-83.71
5.9124
-50.392
-14.4939
-6.18265
100.224
-77.7222
-88.0704
-27.7383
8.41772
4.30727
97.6367
-22.1437
-79.5985
-145.803
-2.06168
26.867
-77
-116.096
-24.7178
-5.30892
-27.0721
3.73844
-105.515
-102.209
-91.5309
53.9673
-6.98916
-145.164
10.4267
-10.416
-5.87228
-83.2146
-81.6661
-0.523549
-71.8088
-133.379
-0.870826
-5.11937
-69.5132
-91.2619
-90.9053
-3.90086
-145.722
-108.757
-102.098
-117.869
-122.915
-50.0778
-8.00729
-160.991
18.7641
-46.9767
-65.7135
5.21142
9.14313
-72.1898
-120.865
-8.60227
-55.3993
-122.849
-164.043
-62.166
-13.5037
-110.861
-88.6305
3.17625
-4.42183
-161.382
-88.2258
-139.329
10.1369
-68.0858
-97.0896
171.837
-0.377609
-169.199
5.19275
9.48255
44.0677
4.14729
-164.814
-13.3736
-36.3249
-48.2156
-45.4439
7.75881
-77.7347
55.4502
-61.4229
14.5581
-63.0456
-107.801
7.89229
-18.2043
64.5278
14.7229
0.0387722
8.32939
-58.5968
-170.558
-34.0525
-1.96068
-1.05176
3.00915
-0.910645
25.7843
-6.12879
-55.9601
-48.8006
-57.1362
5.55427
-57.2595
-51.968
-1.09704
-53.0363
-67.677
-14.127
-61.8111
-36.7632
-48.3407
-39.6809
-58.6792
-58.6938
-67.0797
-72.0198
-100.45
-21.3733
47.3876
-66.7566
-59.5378
7.44066
-60.6232
-94.2262
-63.9046
-63.4101
-3.71789
-76.4847
4.49287
-72.8227
-54.8985
-103.059
-169.025
-60.2001
-27.8104
-16.758
-70.3869
-84.1584
-85.0143
-92.2969
-96.2416
-69.323
76.3321
-111.507
13.9864
-106.638
-100.161
-5.65622
-49.8552
2.66567
14.0233
-79.8138
39.7964
-85.7999
-52.346
-21.1334
-28.1571
68.6272
13.3943
-101.067
1.0478
-136.533
-9.51119
-55.7887
-82.9345
113.661
19.3337
-95.3483
0.272332
-89.4176
26.7848
-99.6039
0.903424
143.499
48.7571
-53.1694
39.909
-57.1378
0.412428
0.993296
29.8191
-28.5576
-98.7555
16.1367
-105.778
21.4652
28.2326
-104.295
15.562
7.16292
-48.9958
-143.355
-65.4893
34.0167
4.4733
-6.94117
-49.8168
-15.8734
39.6043
1.58519
-118.102
-66.0764
22.9944
-0.897646
-5.47268
-6.16455
54.6373
-0.558129
0.266061
-12.0095
14.8362
7.67424
49.2534
-3.67367
-140.935
-63.6095
6.57627
5.85697
-0.901342
58.6465
11.2295
-131.109
-31.505
115.975
0.124368
-20.414
123.545
48.1395
-90.4227
47.3135
-70.082
-55.0314
-39.1974
-43.6765
-105.72
-104.939
8.57539
-88.8689
-76.8199
37.88
-104.691
13.1972
-0.64802
-50.7105
-2.56335
28.9865
20.2585
-43.1349
-85.9998
-63.9806
-20.286
5.01995
-95.5608
59.8948
17.7986
-194.29
3.81008
-4.71852
-182.708
-144.613
-125.792
-89.1651
-84.6729
-112.125
25.4444
88.8464
27.5214
-63.4359
-85.4511
0.38025
-1.58637
107.744
-32.9757
-89.8702
-77.1178
-1.42306
-69.8673
-55.1589
0.3577
-69.9282
-32.0763
-9.07514
-76.518
-183.774
65.4083
-121.24
-174.313
-5.13047
-60.6511
-58.0669
-94.1681
-6.05286
-52.2635
95.7397
-14.9531
25.1277
-7.64428
40.2292
6.40157
-43.3052
-3.33218
-66.3325
-55.8578
0.0818918
40.0773
-20.0174
7.47073
14.7801
26.7516
-77.4646
9.88644
-144.016
137.092
-1.1669
15.2491
-74.5486
0.987092
-8.90981
-46.3589
-57.0883
-30.1129
-90.6084
-65.8785
-60.8546
-7.8817
-38.6549
29.5264
-11.2307
43.2623
-4.02138
11.6693
-42.8478
-4.17172
17.5139
56.4262
-0.125135
-91.4961
-145.103
-50.7542
-35.1279
-60.43
-19.6463
-5.46444
110.941
9.7453
-5.32852
-96.5982
5.68465
-64.8331
-54.0853
6.73338
-98.4926
-95.6699
-29.6304
-91.4691
14.2357
0.867068
0.211868
-23.5954
53.8341
-116.83
119.907
86.0348
-0.078514
62.1526
-48.7907
-54.7845
-0.488767
-90.4018
10.1138
-36.8791
-38.1361
-74.7251
23.5196
4.84258
-105.462
-72.5293
11.0343
-112.41
6.63129
74.1949
-6.931
-157.724
-152.632
-59.6122
-70.9833
12.2235
39.4533
-32.9605
-157.037
-11.9725
-65.5297
-100.05
1.19022
-2.49078
129.289
-167.562
-23.4911
-61.6327
1.67023
-33.0534
6.73803
-91.2203
-82.73
-156.842
-56.1821
-108.146
-1.52776
-68.175
5.19313
-55.3566
-33.3114
-3.95158
14.499
-59.9033
0.200252
132.625
-129.498
-78.6049
7.58584
1.61346
-1.17442
-42.2008
-20.6285
23.5611
-5.99953
12.9556
-44.1564
-63.2317
-84.5876
6.12453
-52.5494
-56.297
-11.7392
9.56713
-47.2839
6.39229
-47.5038
-2.52075
9.68261
16.7086
-1.02553
-65.3491
16.4683
-4.66298
-65.2116
-54.4599
-37.382
7.25772
-79.9582
-58.14
29.1722
10.7919
55.9016
-62.6024
-3.37461
-10.3359
150.048
13.1873
-61.9422
87.6644
-16.9733
-125.237
-159.755
-17.679
4.61406
231.815
-129.68
2.42949
-26.4877
-8.51476
-153.185
-66.5337
0.78629
-34.902
2.65968
-75.3101
-18.8835
-122.92
-56.5835
-38.0648
36.9174
-90.9234
-1.24382
-92.1471
-86.6076
-60.1095
-144.667
182.87
-155.564
-71.9248
0.0519956
4.25786
-21.6528
-62.5229
14.8667
-94.5248
-124.33
-91.8197
-62.8181
-13.5079
-1.81106
7.0224
0.494218
-0.805833
9.04104
-28.8877
-3.34209
207.99
-54.461
-15.4307
-158.393
-57.8612
-36.8904
-47.6152
-12.2293
14.6882
2.91368
22.9402
-0.296589
-24.967
-57.238
-0.157201
-2.13337
-56.8525
-126.741
-30.6559
-81.4323
1.20062
2.58961
124.697
-60.2622
-94.9521
163.714
-66.3721
12.0607
-96.1398
-48.8871
-4.94276
-15.3068
-14.1778
41.234
-70.1301
-31.8034
22.8229
-1.52283
181.796
-63.741
38.3536
-28.9698
8.80294
-70.5379
-65.6977
-2.17207
-26.7982
-26.1957
26.0072
56.8164
5.59717
-73.9447
-35.7039
-4.8086
-76.8212
-3.07879
53.4809
-53.8663
34.6266
-122.331
-74.042
-36.5293
-5.9348
50.3871
-70.7955
-66.5972
-37.5352
52.2785
-70.3972
-65.3408
-5.55764
14.344
-25.798
-96.2252
-49.7344
-4.53949
4.53806
-151.374
-8.09395
-17.1018
5.62028
-57.2302
46.6849
-12.1901
4.99536
-1.73573
23.0373
170.535
-63.7136
-21.3899
103.189
-66.729
3.72495
141.945
18.0202
-0.806591
-56.8215
-10.7246
-14.3016
-44.3042
-131.617
-84.0627
45.3633
-36.1905
9.65761
50.2151
-105.193
-50.4757
6.00319
-1.59981
-73.6502
-36.5135
-51.2325
-63.4974
7.8614
2.3123
-94.3955
-149.411
-1.34661
-77.2583
-30.6501
-58.038
-28.4665
42.6679
-17.3893
-22.1725
-144.902
286.911
-75.971
37.2907
-162.571
49.9883
-151.702
-152.917
-5.61929
-98.5511
-90.1588
3.38214
-58.2297
1.11912
-31.7934
9.36779
-6.70264
-46.8516
-10.2825
28.1954
-63.1674
-131.662
-5.66932
-81.8202
-133.217
1.10277
-72.7185
-10.0656
-46.154
-34.7891
-94.439
-0.350956
-43.216
-58.8467
-144.289
165.433
45.1044
-106.547
-67.7512
114.194
34.2913
25.4416
-138.922
-16.623
-12.3372
-86.7548
18.6478
48.8924
10.6654
-75.6827
-149.845
-54.3971
-134.897
5.8298
-108.989
-20.4088
-57.802
4.21937
-118.38
-120.79
-96.211
-87.9159
14.4832
-15.0279
-146.74
-1.41641
-37.1465
-167.667
-17.4327
-0.356717
-10.2709
-63.333
2.11359
31.2914
-79.1472
-42.6403
-0.10759
155.506
-54.3586
-86.5739
15.7226
200.579
-77.2855
-167.87
-122.145
-1.80271
-83.2798
-74.195
-150.35
9.14358
-128.684
-5.3162
-0.159133
-11.5721
37.0264
-3.23853
-35.9613
-14.7991
-75.1775
1.26682
-55.0759
-3.83737
40.0268
-45.2577
9.86963
-87.8153
-52.1455
-166.015
41.8402
-74.4562
-29.1477
20.6168
-60.073
-23.4087
-83.6375
29.125
55.84
-56.9121
-83.195
-16.0295
-52.5538
38.0359
49.1888
-36.8971
-116.727
-153.14
-88.2171
-8.24451
-57.1891
-22.1233
22.2171
-1.64839
-50.6519
66.346
-2.18971
-4.33791
-0.781214
-137.817
-55.5768
-67.7818
3.43912
-11.7089
-125.075
6.94432
-135.063
27.333
-5.29141
1.30773
22.4035
-96.4431
60.4325
37.5959
-111.962
-54.0652
-100.261
-4.99731
-59.8495
-83.5542
102.749
-96.4
-149.309
-9.88859
-150.553
-5.03577
-7.92456
-66.8378
-77.8105
-113.773
-149.194
-94.4181
-25.6427
-78.626
-28.7321
-47.905
-14.9408
-94.5295
-2.51906
-43.1298
8.58592
-160.088
-85.0995
-175.927
-4.98079
-5.52092
-4.61101
-35.9636
-95.5093
-96.192
-98.4924
-70.1958
-95.8312
-33.4692
3.4441
-81.5917
-93.7145
-47.1233
-6.54849
7.62852
-7.35021
-5.21489
-31.4164
-135.598
-20.4515
-53.8732
11.4661
25.8826
-78.3495
-98.6747
-49.4042
-73.5941
-112.214
1.53251
-98.5082
-48.0288
-155.532
-31.6655
-68.6092
-10.5678
-75.8474
-34.274
-38.3834
32.4046
-72.5615
-86.3936
-168.097
19.7952
-63.0724
37.1053
-68.6105
32.2859
-65.1169
-35.8854
-17.7501
48.8446
-68.4701
20.7993
49.1676
-57.0476
-73.973
56.5399
-168.624
-70.6026
6.86559
70.896
16.7772
-45.4119
3.3942
-181.865
26.2602
-180.655
30.9973
-9.01264
-168.217
27.4505
-97.6412
-140.276
-24.1097
-6.62657
30.5536
-80.6199
31.9517
-27.9402
-122.746
-151.3
13.8917
27.0641
-29.7487
-93.8592
-10.0402
-49.7379
-152.671
30.7635
-94.9389
-60.6249
-131.082
14.9059
140.877
-45.8439
126.648
149.121
-0.331464
-53.5736
-13.1109
-65.0194
-153.419
18.6607
-63.2246
-178.166
-5.40947
-49.1341
-159.698
47.8094
32.1445
-16.7477
-76.8917
-65.2636
16.9799
-48.1479
31.3524
-13.7483
-15.1412
-63.1561
0.455216
-7.25543
-118.676
108.436
-111.996
1.09558
47.673
-82.9906
-90.0726
-21.4813
-14.494
15.702
10.9113
-19.4608
-159.254
34.7327
80.4917
-48.1171
-16.3505
85.851
-147.614
1.7332
-126.906
-97.7629
-105.263
-10.0897
2.08626
-158.651
-86.4975
-0.717904
-5.51608
-131.33
126.108
-44.894
-57.6766
4.90007
32.1112
-7.35767
-72.7905
-100.376
100.435
-48.9309
14.2015
-0.299646
-39.0281
66.1733
14.3829
60.0934
-4.54638
1.94267
70.6701
-72.9627
-13.1049
-147.814
-3.5286
45.2473
-157.769
40.606
-49.0377
3.49665
-45.9608
-133.998
-16.7457
-143.311
-1.8187
13.5967
-80.1276
-79.8397
-0.583275
-26.0467
53.7241
-90.6098
6.08794
-1.08571
0.158997
5.78725
-8.91828
-90.6201
7.78289
33.4038
38.2873
-51.0208
-38.9438
34.961
-5.12028
35.0536
51.9799
11.4964
-88.6379
-30.8698
-14.4189
-52.3219
41.5313
8.92133
126.587
46.3095
-72.6115
-45.4178
50.6849
-9.44308
-34.6989
-4.35388
38.9364
-70.9008
-7.02368
-44.2383
-46.77
74.0107
42.3805
-8.29541
-143.516
-11.8038
)
;

boundaryField
{
    frontAndBack
    {
        type            empty;
    }
    upperAndLower
    {
        type            symmetry;
    }
    outlet
    {
        type            freestreamPressure;
        freestreamValue uniform 0;
        supersonic      0;
        value           nonuniform List<scalar> 10(3.55802e-10 1.42753e-07 -1.37357e-07 -5.72064e-07 -3.42353e-10 1.26816e-08 2.4607e-08 -5.85768e-08 9.10527e-08 3.4056e-08);
    }
    inlet
    {
        type            freestreamPressure;
        freestreamValue uniform 0;
        supersonic      0;
        value           nonuniform List<scalar> 10(-19.7937 36.0316 -40.6866 -74.591 100.415 62.1254 16.533 -1.92315 177.412 -143.779);
    }
    airfoil
    {
        type            zeroGradient;
    }
}


// ************************************************************************* //
