/*--------------------------------*- C++ -*----------------------------------*\
  =========                 |
  \\      /  F ield         | OpenFOAM: The Open Source CFD Toolbox
   \\    /   O peration     | Website:  https://openfoam.org
    \\  /    A nd           | Version:  10
     \\/     M anipulation  |
\*---------------------------------------------------------------------------*/
FoamFile
{
    format      ascii;
    class       surfaceScalarField;
    location    "200";
    object      phi;
}
// * * * * * * * * * * * * * * * * * * * * * * * * * * * * * * * * * * * * * //

dimensions      [0 3 -1 0 0 0 0];

internalField   nonuniform List<scalar> 
4431
(
-0.030338
0.0386835
-0.0083455
0.881456
-1.04416
0.162701
-0.098826
0.0425945
0.0562315
0.0621258
-0.0340171
-0.0281087
-0.159236
0.0420925
0.117143
0.66453
-0.261555
-0.402975
-2.39829
2.67953
-0.28125
0.0204668
0.00890809
-0.0293748
0.0389223
0.00824171
-0.047164
-0.0245426
-0.00903175
0.0335744
-0.0606429
0.0611822
-0.000539345
0.731916
0.684868
-1.41678
-1.50792
1.80533
-0.297408
0.621945
-0.249366
-0.37258
-0.156401
0.371899
-0.215498
-0.0239303
0.0279445
-0.00401423
-0.686904
0.527333
0.159571
-0.0445537
0.046718
-0.00216437
-2.05605
1.01401
1.04205
0.219779
1.08608
-1.30586
-0.0281524
-0.00312595
0.0312783
1.28702
0.161459
-1.44848
-0.21778
0.0613787
0.0399951
-0.0515244
0.0115294
-0.0333119
0.0354338
-0.0021219
-0.893765
-1.02198
1.91575
0.0311681
-0.0340035
0.00283538
0.0269677
-0.0319423
0.0049746
-0.0168979
0.0524272
-0.0355293
-0.0560631
-0.00536861
0.0614317
-0.0433847
0.0396062
0.00377853
0.0836937
-0.0744828
-0.00921091
-0.362819
0.290244
0.0725746
0.136163
-0.00205332
-0.13411
0.07995
-0.0382292
-0.0417208
1.25681
0.356908
-1.61372
0.0555252
0.0244248
-0.0451468
0.0566871
-0.0115403
-0.0379999
0.0383787
-0.000378833
0.0408159
-0.0454639
0.00464806
0.00173938
0.0318211
-0.0335605
-0.0384648
0.0103124
0.0506085
-0.0707384
0.0201299
0.425304
0.196641
-0.0253816
0.0806185
-0.0552369
0.171636
0.0489285
-0.220565
-0.042492
0.0700678
-0.0275758
-1.2798
-0.776254
0.0599573
0.0101828
-0.0701401
-2.17356
0.0269846
0.0351412
-0.0170534
0.0170534
-3.28982
2.17695
1.11287
0.0636853
-0.0130768
-2.27538
1.18734
1.08803
0.274519
-0.295384
0.0208644
-0.218102
-2.18018
2.04852
0.0803738
-2.12889
0.0956661
-1.60358
1.6336
0.0925604
-1.72616
0.00723783
0.0204623
0.109279
-0.129741
-0.0545828
0.0436458
0.010937
0.496082
1.69221
-2.1883
-1.45624
1.41304
0.0431943
0.100102
-0.170023
0.0699209
-0.124045
0.145464
-0.021419
-0.160758
0.00152257
-0.0755896
0.137131
-0.0615415
-0.797126
1.19022
-0.393093
0.731311
-0.570736
-0.160575
-0.0277707
0.0396284
-0.0118577
0.010276
0.0379516
-0.0482276
-0.106943
0.00811699
0.159945
-0.171722
0.0117764
2.68495
-1.27516
-1.4098
-0.0277238
-0.270242
1.52705
0.00172437
-0.0577875
-0.000868269
-0.0608507
0.061719
1.15211
0.653214
-0.196332
0.187569
0.00876237
0.0747519
0.0123467
-0.0870985
0.0563474
-0.0174252
-0.0188575
0.167702
-0.148845
-0.0679181
0.0227713
-2.13028
-1.15953
0.783589
-0.361786
-0.421803
0.0255604
0.00812927
-0.0336897
1.68252
-2.88575
1.20323
0.352574
1.82751
-2.18008
0.0436851
0.00645481
-0.0501399
-0.0448125
-0.0158304
0.0729558
-0.0739548
0.000999046
0.260951
-0.735062
0.474111
-0.266238
-0.0965805
-0.0243039
-0.00752801
0.0318319
0.113619
0.0482777
-0.161897
-0.034498
-0.0117169
0.0462148
0.0696813
-0.0750499
-0.0981693
0.0712622
0.0269071
-0.0592155
0.0199034
0.0393121
0.905865
-1.92784
-0.0835516
-0.11278
-0.652202
0.73979
-0.0875875
-1.63375
1.27345
0.360299
-0.00389383
-0.0294181
0.102775
-0.101573
-0.00120176
0.0235607
0.18806
-0.21162
0.0451871
-0.145356
0.100169
-1.71065
1.80632
0.165015
-0.0649127
-0.0556438
0.0278731
-0.134559
0.0920666
1.74002
0.939519
-0.0247973
0.00160681
0.0231905
0.049986
0.0337077
0.113896
0.0222669
-0.00763302
0.0603978
-0.0527648
9.04573e-05
0.0399046
-0.0265851
-0.0326304
-0.156488
0.17695
-0.257759
1.94028
-0.143811
0.10552
0.0382912
-0.0102357
-0.146252
0.253275
0.391878
-0.645154
-1.07307
1.26569
-0.192619
3.05936
-1.10065
-1.95872
0.0245785
0.00336608
0.773994
-1.0148
0.240803
-0.0326495
0.0343738
-0.00765507
-0.0337382
0.0413933
0.0583921
0.0108748
-0.0692669
-0.345342
1.97895
-0.402814
0.289993
0.112821
0.0600478
0.0936145
-0.0110199
-0.0825946
0.958038
-0.26089
-0.697148
-0.0637817
0.0297646
-0.0958094
0.370329
-1.98543
2.17122
-0.185794
-1.71
1.80256
-0.359943
0.383504
-0.147763
0.0539799
0.0937831
1.968
-0.43215
-1.53584
-0.0913022
-0.0198103
0.111113
2.47403
0.0526893
-2.52672
0.0523772
-0.0144256
0.164241
-0.119054
-0.0721862
-0.617195
0.689381
-0.0534872
0.0189892
0.473142
0.258169
-0.022073
-0.580196
0.602269
0.0831386
0.342299
-0.30214
-0.0401591
-0.121241
0.78577
-1.68527
1.42752
-0.0345319
2.88381
-2.38773
-0.00301823
0.0481007
-0.0450825
-0.00783936
-0.094694
-0.00543097
0.100125
2.6466
-0.598084
-0.744014
-0.889737
-0.0237474
0.0237474
1.66892
-1.44914
-0.0693078
1.23243
-1.16313
0.089828
0.00378651
0.00556538
0.0972091
-0.690965
0.270945
0.42002
0.0374351
-0.0491374
0.0117024
-1.16456
1.45635
-0.291786
-0.216794
-0.18602
1.33282
-0.600903
0.00921349
-0.0525392
0.0433257
0.0887032
0.00918528
-0.0978885
-0.0146562
-0.0388463
0.0535025
-2.83924
2.83924
-0.0212783
-0.00240561
0.0236839
-0.211431
-0.0349377
0.246369
-0.0620535
-0.0115057
0.0735591
0.276072
-0.0880128
2.67796
-2.32539
0.0350013
-0.0080336
-0.00172675
0.0764786
0.0476837
0.0162249
-0.0639086
-0.0487084
0.0612263
-0.012518
1.64843
0.319569
0.831626
-0.853699
-0.117629
0.0832837
0.0343452
0.0984035
-0.114979
0.0165756
-0.0158768
-0.0275079
0.00936143
0.0353981
-0.0447595
-0.00669066
-0.0750098
0.0817004
0.564154
-2.69444
-0.0504232
-0.0477461
0.00160567
0.0680756
0.0973704
-0.12411
0.0267397
-0.0121042
0.0272796
-0.0151754
-1.60383
-0.106171
0.0514243
-0.0411637
-0.0102606
0.10105
-0.048025
-0.0110295
0.0590545
-0.00508512
0.0518992
-0.0468141
-1.09016
0.0170885
0.00832248
0.0677535
-0.0271911
0.198828
0.0538127
-0.00595006
-0.0478627
0.0165349
-0.0237034
0.00716843
0.00897543
0.0529043
-0.0618797
1.04546
-0.164006
2.77496
-1.09181
-1.68315
-0.0202345
-0.0671386
-0.273253
1.56028
0.0448539
0.0127563
-0.0576102
-0.403565
2.7484
-2.34484
-1.57003
-1.31572
-0.0572855
0.0426415
0.0146441
0.0110212
-0.329744
0.318723
0.173784
0.102289
0.271364
0.0709351
-0.40561
-0.00770605
0.413316
0.0478291
1.09197
-1.1398
0.0168436
0.143102
1.13315
0.0498703
-1.18302
-0.00352232
0.0554215
-0.0242819
-0.0330036
-0.182881
0.107292
0.261617
-0.251153
-0.0104635
-0.466279
0.0226979
0.443581
0.114925
-0.00940526
-0.575634
0.0512796
0.524354
1.38709
0.106642
-1.49374
0.0524986
-0.0503428
-0.00215581
-0.25114
-0.0307928
0.281933
-0.0357013
-0.00885236
-0.00972884
0.0625707
-0.00875794
2.45993
0.315561
-2.77549
-2.07793
-0.197447
-2.67796
2.60866
-0.0371134
0.0365487
0.00056472
-0.0274636
0.0358249
-0.00836139
-0.0591406
0.833135
0.0367123
-0.248143
-0.0780474
0.105548
-0.0275011
-0.0303873
0.0387098
-0.10381
0.0257625
2.82812
-0.651174
-0.00595817
-0.0188391
0.0190645
-0.0433464
-0.766878
0.0115277
0.75535
0.0323848
-0.070614
-0.0520512
0.050515
0.00153622
-0.0454232
0.0211194
0.0177547
-0.0303489
0.0125942
-0.0170534
0.211407
-1.00853
0.0111518
0.00366479
-0.0148166
-0.137258
0.111877
0.0270032
-0.0302558
0.00325265
0.00134365
0.207469
-0.208812
-0.00524175
-0.211245
0.216487
-0.00973615
-0.0338682
0.0436043
0.085958
0.153161
-0.239119
-0.0269628
0.0524588
-0.025496
-0.0399672
0.0540166
-0.0140494
0.530001
-0.10775
-0.422251
-0.0100633
0.0474984
-0.100265
2.56019
-2.65472
2.25115
-0.619828
-0.0711375
-0.282709
-0.369494
-0.114828
0.124663
-0.00983529
-0.16077
0.015414
-0.59246
0.330906
0.0340439
0.00859758
0.00897348
0.0410125
-0.527247
0.454747
0.0724993
-0.57925
-0.435547
1.53376
-0.056349
-1.47742
-0.211617
0.00216661
0.20945
-0.0231881
0.0247441
-0.00155599
0.0946447
0.0100964
-0.104741
0.0425605
-0.0492512
0.0443883
0.00703605
-0.114585
0.157609
-0.0430241
-0.0150608
-0.0189427
0.0306167
0.00481708
0.00278071
0.0408651
-0.804383
-2.03485
-0.0667195
0.438618
-0.0157141
-0.0414347
0.0571489
1.95519
-1.04933
-0.0315259
0.0467235
-0.0151976
-0.0480046
0.0384409
0.00956369
-0.287127
0.540402
-0.151312
0.00354885
0.0482619
-0.0390842
-0.00917776
-1.79911
1.87949
-0.79871
0.178882
0.042651
-0.0540823
0.0114313
0.0421376
-0.0442809
0.00214329
-1.61505
-0.370376
0.0942258
-0.0852504
-0.0893418
0.00384577
0.0854961
0.0510192
-0.0125918
-0.0384274
-0.313488
0.574439
0.569027
-0.455326
-0.113701
0.478462
-0.605444
0.126982
0.571053
0.386985
-0.00361052
-0.0465294
0.125168
-0.126037
0.384446
2.39051
-0.806199
-0.108843
0.194801
0.131228
-0.033858
0.0966846
-0.570637
1.75798
1.89196
0.792997
0.823654
0.0631321
-0.886786
0.0124739
0.0330829
0.0145529
-0.0476358
0.499268
0.0697586
-0.0049391
-0.0199468
-0.0321044
-0.0818278
0.0671716
0.0517132
-0.0312465
0.123835
0.00107556
-0.12491
0.0743862
-0.0934629
0.0190766
-0.248184
1.07184
0.0354432
-0.159488
0.029099
0.18716
-0.206017
-0.0225609
-0.0677095
-0.0695487
0.367586
-0.729372
-0.316803
0.0146633
-0.163767
-0.00625559
-0.000140007
-0.114445
-0.251076
0.331335
-0.0802593
0.327267
-0.252006
-0.0752605
-0.0870317
-0.0247448
0.022764
0.00198083
1.12651
1.93285
0.176899
-0.0118843
0.102231
-0.101837
-0.000394129
-0.00916528
-0.0139863
0.0558339
-0.0418476
0.00124379
-0.0369451
0.0516482
-0.302788
0.0733419
0.666448
0.0418142
-0.0220234
-0.0197908
0.17474
-0.138027
0.101658
-0.00743169
2.78959
-0.0987116
0.00115417
0.0975574
-1.67967
0.0132389
1.66643
0.01638
-0.100574
-0.238808
-0.94993
1.01306
0.027288
-0.0288434
0.00155542
0.0808765
0.00562977
-0.0865063
-2.07031
0.340403
1.72991
-0.206031
0.195796
-0.0232954
0.0394723
-0.0161768
-0.130943
0.0690659
-0.0728576
0.00379167
-0.11113
0.0499241
0.0612062
0.0135686
0.0084265
-0.0219951
-0.394589
-0.473985
0.26296
-0.078805
0.0135394
0.0652657
0.503921
-0.0307788
-0.552936
-0.0432426
1.18098
-0.0762237
-0.146105
0.14868
-0.00257483
1.43697
-0.360537
-0.715598
-0.0891729
-0.00221415
-0.0209739
-0.0108362
0.0189936
-0.117705
0.314495
-0.0523052
-0.26219
-0.020609
0.0317608
1.64041
-0.0314799
0.0236406
-0.0111529
0.0491736
-0.0380207
0.0416392
-0.0409797
-0.000659552
-0.0875622
0.0966034
-0.00904125
1.03283
0.0140074
-0.0936493
0.0796419
-0.0600534
0.0384363
-0.0403802
0.00194385
0.0490266
-0.0275147
-0.0215119
0.0270043
-0.00242579
-0.0903221
0.00275997
0.0177582
0.095715
-0.0124313
-0.0420207
0.0154355
-0.0927464
-1.04705
-0.0446517
0.0411294
-0.286091
0.0784765
-0.0934331
0.0149566
-0.0282761
0.0282761
0.00101726
0.040797
0.104161
0.0390555
-0.143217
0.844663
0.164101
-1.71486
1.4416
0.0272949
-0.0320191
0.00472414
-0.0430891
0.0438646
-0.000775516
0.786985
-1.87879
-1.06915
-1.10441
0.0364115
-0.0347792
-0.00163224
0.00969407
0.0279243
-0.0376184
-0.000294949
-0.0583402
0.0586351
0.01241
0.407535
0.336991
-0.744526
-1.71081
0.106987
-0.0485171
0.0540825
-0.421884
0.106047
-0.00764332
0.698104
-0.173749
0.100415
-0.073864
-0.0265508
0.0495598
-0.00129789
-0.0122404
0.0421651
-0.0299247
-1.66455
-0.0461017
-0.00104729
-0.0514919
0.249151
-0.0224808
-0.22667
0.220503
-0.162696
-0.0578071
0.0173964
-0.0198232
0.00242677
0.575147
-0.00951208
-0.0184981
0.0538962
0.0298757
-0.0268512
-0.00302448
0.0880595
-0.0629628
-1.61606
1.67902
0.284099
-0.00760006
0.215069
0.867016
-1.96766
-0.0371691
0.0335586
0.0306342
0.00618889
-0.0368231
0.0336623
-0.060625
-0.0518105
0.031576
-0.0465615
-0.00144313
-0.0462326
-0.0326255
0.0367618
-0.0041363
-0.126919
0.11731
0.0096089
0.914046
-1.21831
0.304268
0.0415732
0.0204931
-0.0620663
0.127158
-0.0828013
-0.044357
-0.0366081
0.0268793
0.0257154
0.264529
0.0379776
0.0137356
2.64814
-0.274743
-0.252504
-0.641729
-0.308202
0.12348
-1.48677
1.36329
-0.0322701
0.00454627
-0.0217049
-0.00697045
0.0286754
-1.57522
0.831208
0.0603399
-0.0425852
0.0158045
0.0225742
0.210183
0.229515
-0.255201
0.0256861
0.0464582
0.00456103
-0.100534
-0.0384334
0.138967
1.99949
-1.73817
-0.261315
0.446144
0.0531245
0.00778276
0.033114
-0.0408968
0.0514342
-0.0624637
0.00710298
0.0235137
-0.0340541
0.0311836
0.00287045
-0.0169238
0.0954002
-0.0528034
0.0417835
-0.0101259
0.0404707
-0.0303448
0.0660191
-0.0775248
-0.00786687
0.217317
-0.0323403
7.01871e-05
-0.0317623
0.0178602
0.0139021
0.0389007
0.491581
-0.045437
0.24784
-1.70408
0.0649845
-0.139467
-0.156559
0.147154
0.0351998
-0.000198511
-1.98194
0.0557879
1.92615
-0.164451
-0.0175881
0.182039
-0.0651274
0.0810126
-0.0862543
0.156698
-2.81141
-2.16265
2.21534
0.0428864
-0.0446132
-2.75819
-0.308235
0.0562286
-0.0204371
-0.0122753
0.0327124
-0.247837
-0.00323859
-0.00437744
-0.0279629
0.00786613
-0.0156083
0.0496522
1.72292
0.276567
-0.0128643
-0.0242491
0.0225262
0.0039177
-0.0264439
0.0723453
1.65921
-1.71555
-2.27038
-0.0550084
2.32539
-0.0545516
-0.305392
0.023118
0.0823578
0.0162066
1.03599
-2.31115
0.0282514
-0.0557662
0.12218
-0.240357
0.118178
-1.65921
-0.196447
1.85565
0.198699
-0.481408
-0.0575848
0.0738097
-0.0194649
0.0194649
1.85442
-0.289255
-1.56517
-0.0255192
-0.00150641
0.0270256
-0.0598951
0.0365997
-0.0602542
-0.0547249
0.0477185
-0.00439282
-0.0153916
0.428708
0.706321
-0.778508
0.0453501
-0.0627753
-0.0291572
0.0025029
0.0266543
-0.0227122
0.0227122
0.248825
-0.344634
0.0149324
-1.69534
0.0568675
1.63848
-0.0233473
-0.00551572
0.028863
0.0597964
-0.035711
-0.0240855
1.77095
-0.661176
-0.0430719
-0.671997
0.0331786
-0.0342259
0.0418517
-0.0162913
0.244311
-1.40887
-0.213566
0.0375563
-0.0563481
0.0422987
-1.77009
0.0552364
-0.0313164
-0.114789
1.01892
0.138955
-1.15788
0.409675
-0.371985
-0.0376897
0.0354898
0.0248501
0.037907
-0.0523326
-1.76408
1.78996
-0.0258783
0.00102464
1.80153
-0.123932
0.150672
0.0330403
2.13802e-05
-0.0330616
0.0227264
-0.0315122
0.00878585
0.218066
0.480038
0.0387044
-0.0411522
0.00244785
0.0914337
0.0919943
-0.108892
-0.410584
2.23809
-0.00456829
-0.0259561
0.0305244
-0.0532568
0.0760281
-0.0691454
0.298661
-0.0577474
0.0378006
0.00568808
0.0466898
-0.0523779
-0.00473932
-0.0359086
0.00397408
-0.101863
0.167637
-0.0305055
-1.00691
0.0824264
-0.039832
0.0303326
-0.0303325
-0.140592
0.191836
-0.0512439
0.0859367
-0.0573375
-0.0285993
0.0566536
-0.0421007
-0.00919488
0.0282705
-0.0581368
0.0708931
-0.406014
0.139775
0.109833
0.0221432
0.0283718
-0.38075
0.315463
0.0652873
-1.30253
0.119506
-0.0374614
0.137142
0.0730412
0.0369385
0.120671
-0.0505345
-0.00182254
0.109933
-0.10811
0.0370909
-0.00405067
0.0266968
-0.0266968
-0.0562468
0.0590275
-0.0856547
0.0764895
-0.055723
-0.00457279
0.0219692
-0.00127153
-0.131183
0.132454
0.155059
0.0410816
-0.196141
0.094816
-0.0139395
-0.0205597
-0.0249042
0.00528505
-0.0265634
0.0311677
-0.022926
-1.5869
1.9273
-0.0565541
0.0350423
0.075279
-0.0782972
2.36132
-2.60866
0.247334
0.0567602
-0.0453288
-0.17866
0.0324086
-0.0440915
0.0193467
-0.0424311
0.0614203
-0.0146599
0.0311948
-0.047303
0.0663675
0.0803062
0.0509222
1.50623
-2.27038
1.73209
-1.73209
1.00427
2.36132
-1.73817
0.0433751
0.0028397
-1.00223
0.305083
0.189869
0.427403
-0.587978
0.29568
1.37324
0.025602
-0.00307581
-1.64411
-0.0355644
0.00879773
-0.813444
-0.0567278
0.0441359
2.06745
-2.06745
-0.0533597
0.0619573
-0.142462
0.0276337
0.027956
0.0203544
-1.51909
0.0416793
1.73907
1.25882
1.38779
0.382371
-0.0636488
-0.00939736
-0.131195
-1.72292
1.61675
-0.0121655
1.61385
-1.60169
0.130912
0.356796
-0.487708
-0.0029339
-0.0517232
0.0546571
0.124279
0.259225
-0.129312
0.130466
0.0476248
0.255258
-0.0156717
-0.00807573
1.62968
-1.69265
-0.0592796
2.26258
0.565544
0.161837
1.82332
-1.69605
-0.127271
-0.0599085
0.0507307
0.0891988
-0.0611152
-0.0280836
0.0783037
0.167206
0.250756
-0.417962
-0.303766
1.45588
0.174698
0.0157043
0.0649764
-0.0806807
1.05829
-0.629007
-0.429287
-0.416994
-1.07674
0.0385668
-0.0079326
0.232625
0.0166958
-0.249321
-0.0861915
0.0785364
-0.031807
0.0129477
0.0234638
2.01803
-1.23104
-1.0589
1.2305
-0.171609
0.0792538
-0.0310968
-0.0481569
0.00104483
0.697214
0.837644
-1.53486
0.0130664
-0.0385624
0.0104554
-0.8304
0.95388
-0.0363753
-2.68984
3.25399
1.47119
0.335127
0.389365
0.135052
-0.524417
-0.443071
-0.565461
0.0595951
-0.0500314
-1.6769
1.66473
-0.0656212
-0.0416389
0.0212518
0.0203871
-0.109047
0.119143
-0.810038
0.969609
-0.199095
0.0666626
0.132432
-0.0355643
0.0191317
0.201371
-0.00612174
0.0593073
0.0411076
-0.0726243
-0.0126261
0.0186077
-0.063309
0.0447013
0.753549
-0.55485
0.0802549
-0.0942412
0.0276666
1.23802
-0.0918397
0.107329
-0.0154892
1.08258
-0.714995
1.42494
-1.39727
0.114012
-1.17291
0.215766
1.20917
-0.00675918
-0.444466
-1.31961
-0.0383348
0.0385837
-0.000248915
0.0231224
-0.0231224
0.234479
-1.08818
-0.184652
0.40841
-0.223758
1.63036
-0.0293814
0.000224178
-0.728675
1.05958
-0.25955
2.68984
-2.43029
0.220402
-0.213354
0.0142589
-0.105542
0.131305
0.347671
-0.436844
-0.0189125
0.0635802
-0.00214856
0.00314052
0.0598194
-0.0527833
2.30757
0.0449738
-2.35254
-0.0909543
0.118953
-0.0279991
0.103463
-0.114616
-9.76514e-05
0.0312813
-0.0436997
0.0124663
0.0312335
-0.106132
0.0679999
0.0381322
0.832839
-0.0372058
0.00455634
1.61777
-1.61675
2.43838
-0.746164
-0.0160885
-1.68407
1.70016
-0.122743
0.126589
-1.94469
1.88968
-0.0284278
-0.320463
-0.0460326
0.0298557
0.312786
2.57103
-2.88381
0.0221916
-0.076779
0.076484
0.0072662
-0.0625031
-0.0354252
0.665141
0.565364
0.496945
-0.0533643
0.00866313
-0.11672
0.107679
0.0443388
-0.00719236
-0.0371464
-0.0383333
0.102638
-0.0643048
-1.40163
1.51564
-0.31373
0.20598
0.000218736
-0.0201532
-0.0471201
0.0672733
-0.31046
2.57304
0.860821
0.595528
-0.00092314
0.582641
-1.71555
-0.415212
0.810953
-0.395741
-0.0128388
0.0783288
-0.06549
-2.18027
2.49305
0.045655
-0.0458861
0.000231034
0.156269
-0.0729427
-0.0493606
0.122303
0.755619
-1.0038
-1.91944
0.33254
-0.0471849
0.0374487
-0.104581
0.123657
0.937808
0.120486
-1.10799
1.8052
-1.47139
-1.2868
1.45976
0.227592
-1.68736
-0.0343749
-1.70793
0.221164
-0.0403722
0.0199351
-0.509861
0.413281
-0.145368
0.416314
0.155771
-0.106843
-1.61777
1.60169
1.16743
-0.0140879
-0.0279328
0.00614304
0.749207
2.06722
0.0262881
0.00358761
-0.0290522
0.00353296
-1.03195
0.793688
0.238258
0.386251
-0.371588
2.84102
-0.00178008
-0.118328
0.105896
0.382879
0.157523
2.57103
-0.066212
0.7624
-0.486181
-0.276219
0.0242096
0.351667
0.0292285
-0.00500959
-0.0242189
-0.0139843
0.0421317
-0.0281473
0.339081
-0.414342
0.206029
-0.216399
0.01037
0.0329223
-0.0421172
-0.00577398
0.033062
-0.00718368
-0.0690539
0.0117164
0.0199343
-0.0300703
0.00321908
-0.0334782
-1.58258
-0.00248666
-0.102992
0.102598
-2.59664
2.07971
0.516925
-0.0240851
0.0203904
-0.0297803
-0.015643
0.0226746
-0.0303889
0.00771429
-1.87857
1.89181
0.0229867
0.0275031
-0.0297173
-1.91089
0.172717
0.143562
-0.151162
0.301152
-2.15341
1.85226
0.0862349
-0.0676272
0.0647767
0.0551613
-0.0525148
-0.00264653
-1.46009
0.0142761
-0.106116
-0.0331455
0.040882
-0.00773656
0.0799178
0.096981
-0.0443726
-0.00433377
0.0487064
-0.225557
-0.143719
0.369276
0.0513866
-0.0451978
-0.102378
0.117335
0.108571
0.653829
-0.0540434
0.00498145
0.0490621
-0.160789
0.825929
-2.60308
1.63123
0.971848
-0.0100001
0.0319373
-0.0219372
-1.32417
1.62533
0.519404
-1.11321
0.593808
0.0369146
0.00308422
-0.0399988
1.7782
0.0310482
-0.00181974
-0.178828
0.217883
0.0414455
-1.7375
0.381675
-0.250763
-1.70298
0.242888
0.0790347
0.0369889
-0.0220565
-0.0325116
0.038506
-0.00599434
-0.397861
-1.85576
0.290591
0.0528245
-0.050838
-0.00198644
0.00279766
-0.036525
0.0337274
0.179297
-0.187164
-1.26307
-1.33357
0.0454154
-0.0318468
-0.0767138
0.0844966
-0.213544
-0.036041
0.000782029
0.035259
0.0815043
0.07561
-0.088128
-0.0313959
0.124973
-0.742167
0.00193034
-0.0246425
0.163436
-0.110116
-0.05332
-0.0494401
-0.114327
-0.0445846
-0.0344109
-0.0237705
0.0274353
0.0127705
0.0256659
0.116559
-0.00266296
-1.37823
0.0125096
-0.113597
0.119226
0.557946
1.23201
0.0731153
-0.0889457
-0.226929
0.177569
0.0336666
-0.0279785
1.45537
-1.48125
1.06169
-0.0162228
-0.436942
0.0559185
0.381024
-2.84102
0.0985299
-0.105962
-0.500882
-0.000740243
0.501623
0.034214
0.105712
-0.118338
0.0188938
0.294573
-1.62442
1.32985
-0.0171136
-0.233919
0.151118
0.00626024
-0.0194302
0.0618971
-0.0424669
0.0128629
0.00351699
-0.0337728
0.116986
-0.572312
1.61385
0.0290149
-0.0333923
-0.000100426
0.0233544
-0.0232539
-0.0209944
0.117458
-0.070325
-0.0408053
-0.0347026
0.0190252
0.0156774
0.0217129
-0.0253883
0.00367546
0.0284382
-0.00143393
0.274718
-1.37065
-0.0145224
-0.0264573
-0.0267351
-0.0169647
-0.00482607
2.04802
-1.58037
1.59606
-0.0156839
-0.0201281
-0.182792
-0.0575656
0.0641195
-0.0225463
-0.0207557
-0.0306741
0.0514298
-0.00763714
-0.137921
-0.908096
2.16691
0.0898704
-0.0125484
0.0254057
-1.61432
1.58891
-0.0407205
0.0345984
0.00612209
1.58037
0.0672369
0.0226335
0.00955547
-0.0434236
-1.72156
-0.345888
0.00889399
-0.0280878
-0.0019825
0.701623
-0.00124199
-0.700381
-0.96685
2.17008
-0.148164
0.196442
1.78499
-0.381111
0.35863
-0.0305874
0.00463127
-0.0184411
0.0333021
0.0254088
-0.0136971
-0.076088
0.0897851
-0.0283493
0.0293941
0.0623805
-0.0306811
-0.0316994
0.0797757
-0.0817106
0.00193489
-0.0176098
-0.0272455
-0.0250872
0.368862
-0.421168
0.0528625
0.0958178
0.0778054
-0.187921
1.28963
1.04232
1.53076
-0.201142
0.242224
0.0210222
0.0224378
-0.0434599
-0.0352109
0.00482358
0.0232624
-0.0160855
-0.0212501
-0.0999414
0.121192
1.51072
0.5606
-0.133197
0.0243592
0.0108406
0.996065
0.0169971
-0.0197427
-0.0206295
-0.767752
-0.00556183
0.0285263
-0.0344745
0.00594819
-0.0204768
0.0362729
-0.0491117
0.0918503
0.0536139
0.023222
0.0336404
2.06603
0.020745
-0.0651616
-0.170338
-0.0306807
-0.0216972
0.00187796
0.0151754
-2.1584
0.409252
1.74915
-1.37634
0.118488
1.25785
-0.171671
-0.627039
0.70054
-1.11575
-0.686547
-0.119652
0.18786
-0.167469
0.0682618
-0.0663639
-0.00189794
-1.7782
1.79845
0.528857
-2.32731
0.0174944
-1.44396
-0.326132
-0.0368034
0.0205529
0.0256909
-0.0268524
0.00116152
-0.188287
0.550862
-0.362576
-0.0172868
0.0468284
-0.0295415
1.62681
0.300493
-0.601988
-0.0170508
-2.61306e-06
0.0321705
-0.0036442
0.0940937
0.977744
-0.033869
-0.000605462
0.166543
-0.181935
0.0435876
-0.0515111
0.00792353
-0.136793
0.294316
1.2581
-0.0757624
1.95525
0.0740381
-0.0799881
-0.0371064
0.148421
0.0194892
-0.0105977
0.0260332
-0.0384277
-0.00466138
0.0188791
0.0178913
0.0263995
0.0103623
-0.00614105
-0.0310647
0.0790265
-0.00248129
0.368298
-0.948494
3.25399
1.58595
-1.66171
1.58595
-1.29918
-1.31861
-1.66171
1.59606
-1.34978
-1.44599
2.45732
-2.45732
2.4689
-0.0115844
2.4689
-2.6256
2.6256
-1.1236
-1.06462
-1.07737
-1.29369
-1.36201
-1.11674
-2.20097
-2.6557
-0.0172926
0.0363789
-0.0190863
0.0146464
-0.123273
-0.00633219
1.566
-1.55966
-0.445772
-2.08095
0.0143291
1.25051
-0.613518
2.41197
-1.8759
-0.634464
2.51037
0.904015
-0.529043
1.28466
-2.06745
0.0473069
-0.0369945
0.0270488
0.0309849
-0.0580336
-0.0643158
0.635369
-0.848031
0.895793
-0.0477629
-0.0976478
0.0380798
0.0233405
0.0117244
0.0204496
-0.0204496
-0.428495
-1.81101
-1.19423
3.00524
-1.03697
-1.77444
0.596371
-2.40738
0.0144905
2.03606
0.288673
1.85544
-2.14412
0.0031423
0.421611
-0.426536
-1.80041
-0.496725
2.29714
-0.0469177
-2.56085
2.11508
0.607431
1.35819
-1.36452
-0.0058748
0.400388
-0.403627
-0.0165349
0.0165349
-1.96448
-0.0254784
-0.476869
-0.0760672
0.145857
-0.371414
-0.0479016
-0.0211523
0.913197
0.942456
0.0130078
1.9338
-2.44068
0.50688
0.175132
-0.0193606
-2.48942
2.02965
-2.66412
-1.84022
-2.48342
0.518932
0.0598942
1.79767
-2.15456
0.356891
-1.47539
-2.32392
1.72584
-0.468479
-0.948302
-1.7227
2.671
0.0264066
0.0131995
0.0115027
0.0520775
0.406423
0.0135971
-2.26889
2.5952
0.0102341
-0.018229
-0.0255865
0.0438155
-1.39278
-0.472889
2.27658
-1.80369
2.21219
-1.37454
-0.457589
-1.8113
-0.391153
2.18882
-0.549615
0.276923
0.519179
-0.796102
0.539419
1.97095
-0.019324
0.0268397
-0.00751575
0.141359
-0.132003
-0.00935565
0.0373746
0.0172825
1.90126
0.510708
0.0282144
-0.231853
-0.0294518
7.03966e-05
1.83188
-2.30477
0.0247474
-0.726862
0.0965674
-0.0728424
-0.023725
0.156589
1.81899
0.865834
0.759493
2.34259
-0.184861
0.175463
-1.3505
1.088
0.2625
-0.0583052
0.513053
-1.88181
-0.525576
-0.37752
-1.7666
-1.77591
0.371374
0.120207
0.0192127
-2.40738
0.326434
2.60282
1.70372
-1.0962
-0.607514
-0.0175475
-2.43142
-2.22593
0.450026
-0.460471
1.81521
-2.31193
-0.306932
1.82167
-1.51474
2.17025
-0.421102
0.00894174
-0.0262344
0.0327524
-0.224489
0.191737
2.13473
0.0212743
-0.0212743
-0.0823234
-0.0893982
0.0136473
0.00356926
-0.345389
0.223008
0.122381
-0.0186079
-0.0179171
0.0213077
0.0261767
-0.0474844
-0.188117
0.0107128
-2.38773
-2.17156
-0.155746
-1.72757
-0.498361
0.00905181
0.096651
-0.0320807
-0.0645704
-0.468073
2.28328
-0.0332664
-0.481481
1.57755
-1.09607
-1.6375
1.6375
-0.0249151
0.0448494
-0.0254864
-0.00356579
0.340408
0.0680019
-1.13774
-0.524909
1.66265
2.14868
-0.442265
-1.70641
1.72913
0.547179
1.73425
-2.15613
-2.19484
0.414088
-0.000807886
-0.492941
-1.01964
-1.74482
-1.46022
1.46022
-1.20215
-1.74282
-1.70365
2.17682
-0.47317
-0.316085
-0.0264094
-1.84964
2.35652
-0.171113
-0.144972
0.0353544
-1.55125
0.0700007
0.0265667
1.48463
-0.965227
0.425436
0.00818065
0.056596
0.0136013
0.446079
-2.22474
1.77866
-0.927544
1.88845
0.06908
-0.00381435
0.079953
-0.205857
-0.0493443
-0.268355
0.149301
-0.836289
-0.0837303
-1.3179
0.009273
0.0294314
0.141546
0.0463137
1.3249
0.235374
0.002959
0.0344421
-0.0302117
0.051331
-1.00315
1.30742
1.63328
0.188394
-0.400657
2.13491
0.196905
-1.67815
0.584127
1.48191
0.00856164
-0.238048
0.25718
-0.208561
-0.0283263
0.236887
0.439804
1.99017
0.0200832
0.07889
-0.0989732
1.53558
-0.297556
-0.0384667
0.0277591
-0.001471
0.00986877
-0.205326
0.227593
0.0691905
-2.66992
0.0375774
0.0033046
0.39276
-0.0359638
0.843331
0.33765
1.49041
1.21041
0.0030979
0.019017
0.0253218
-0.0505926
-2.1855
0.0228483
-0.214568
-0.0576269
0.0476268
-1.63393
0.0402415
-0.220943
0.18251
-0.0478477
-0.032833
-0.0251457
0.0342268
-0.00908108
-2.3581
-2.36912
0.646422
0.0053298
0.0808602
0.154918
-0.235778
0.00844318
-0.0308471
0.0224039
-0.032507
-0.00150909
-0.0503014
-0.0320876
0.000607642
0.0768487
-0.553717
2.60282
0.0320473
0.0259052
0.0104737
0.0565536
1.26054
-1.3171
0.0626772
2.59979
0.0428704
-0.031154
0.0279406
0.508541
0.134906
-0.152494
-0.41706
0.00290471
0.0795784
-2.07619
0.242814
-1.56243
-0.028778
-0.00223088
0.0310089
-2.43029
0.223573
-1.59987
-0.279592
1.48288
-1.20329
-0.269481
0.204568
-0.315093
1.30163
-0.986535
2.30042
0.017839
0.0512411
-0.67226
0.000219218
0.0322559
-0.00433158
0.286116
0.0274912
-0.0300782
0.00258701
1.51146
0.394925
-1.31724
1.53841
-1.96749
-0.182875
0.161866
-0.0210851
-0.140781
-0.0396241
-0.0181634
-0.0134974
-1.55203
-0.524165
-1.3756
0.198778
1.17682
-1.07497
0.067526
0.0346215
0.0161749
-2.31195
1.40385
0.240937
0.791889
1.11824
-0.0671919
0.0860856
0.125725
1.97241
-1.26045
-0.711957
-0.0427769
0.0273944
-0.0312882
0.856171
-1.24573
1.08172
0.258112
-0.180161
0.0231403
-0.0722496
-1.95269
0.00667065
-0.0272796
-1.63081
0.389462
1.24134
-1.31766
-0.297391
0.164956
-2.44245
2.27749
-0.0332876
0.0065525
-0.586109
-2.29236
-0.00010528
1.60579
-1.3361
-0.269688
0.0366635
-0.00461617
0.0676311
-0.0298305
-2.25478
0.569504
-0.0635714
0.0145178
-0.133609
0.125966
0.0753902
0.189902
-0.372694
-0.27851
-0.669984
1.43848
-0.880532
1.30404
0.326316
-0.0454792
-0.913197
-0.997692
-0.03091
0.0497891
-0.876191
0.0631578
1.19738
-0.858218
-0.186708
0.217916
0.00373832
-0.0236331
-0.000137402
-0.630953
0.747938
0.293849
0.601944
-0.036599
-0.0194796
-0.0212409
-0.521313
1.9091
0.0662085
-1.50661
0.042966
0.0121953
0.505385
-1.87993
-1.35772
-1.92207
0.372538
0.0513296
0.00789219
-1.85907
0.068403
-0.0990841
1.29479
0.216038
-1.51082
-0.275238
0.131518
-0.116543
-0.0622842
0.0159301
1.66334
-2.23121
0.439814
-0.645938
0.699063
1.35031
-0.0889788
-0.0985343
0.0350801
-0.0372286
0.0700142
0.024691
1.21824
-0.00589944
0.0333906
0.326761
1.20029
-0.0014115
-0.000249686
0.000888422
1.28118
1.27377
0.0589771
-0.0239349
0.0873677
1.39322
0.37773
-0.0389436
-0.13964
-1.92367
-0.0114216
0.758117
-1.47007
0.618563
0.819915
0.59292
-0.0551472
-0.537773
-0.623834
0.0824367
0.233026
-0.0711041
0.404367
-0.442057
2.03485
0.536689
-1.72156
0.856225
-0.0267951
0.00818716
0.0067783
-0.11291
0.291398
0.148406
-0.0273645
-0.0109703
-0.0236662
-0.00442159
0.0543608
-0.0719706
0.0407131
0.0483672
-0.634234
0.00328105
-1.52461
1.24501
0.0310293
1.56759
1.73621
-1.56166
1.80455
0.0338752
-0.498709
-1.0259
-1.47539
-0.448282
-1.42142
-0.540172
-2.30668
-0.827257
-2.30668
-1.42142
0.323196
0.960704
-0.722446
1.43394
-0.140736
-2.2118
-0.0410292
0.00442108
-1.85973
-0.0084817
0.0650421
-0.0209062
0.032321
-0.00641586
-1.11782
0.303502
0.814316
0.42421
0.146779
-1.65431
2.15969
-0.905548
-0.543492
-0.0629623
0.0348536
-1.68731
1.23441
-0.63767
0.272544
2.29236
0.457647
-1.70809
1.25044
-0.337356
0.687059
0.365336
-0.34864
-0.0418247
-0.0122187
-1.66118
1.37267
1.592
0.0663764
-0.0156457
-0.660406
-1.75097
1.07871
-0.0269901
0.375343
-0.0226987
-0.000934396
-1.42228
0.481384
-1.57759
1.08427
-0.182722
0.251748
-0.069026
-0.0649614
0.0397017
0.0912699
-0.130972
-0.0206085
-0.480274
-0.210947
0.2437
-0.0179963
0.0179963
0.200437
-1.45045
1.13535
-0.0619514
-0.109162
0.0180291
-0.0180291
-0.00849549
0.0645923
-0.0560968
0.0750223
0.15059
-0.225612
0.0041757
0.0144633
-0.0144633
-0.0157691
0.0157691
1.79997
-2.14586
-0.0380329
0.000414495
-0.00383361
-0.777728
-0.0357403
-0.00528887
-0.0168189
0.0168189
0.0218595
-0.0218595
0.0740389
-0.0181568
0.0181568
-0.272339
0.136121
0.136217
-0.0051056
0.0234277
-0.0234277
-0.0246425
0.0227909
-0.0294915
0.00670066
0.0184964
-0.0184964
-0.0281749
-0.000221194
0.397635
-0.106236
-0.0176921
0.0176921
0.0175533
-0.0175533
1.11083
-0.0145884
0.0145884
-1.26827
0.0199944
-0.0199944
1.46078
-0.0394847
-0.00571307
-0.0153968
0.0153968
-0.0166845
0.0166845
-1.27172
-0.0138351
0.0138351
-0.0184476
-0.407943
-0.146907
-0.0106972
0.0525231
-0.0418258
-0.119638
-0.0185285
0.0185285
0.0190251
-0.0190251
-1.71103
2.13524
-0.0218598
0.0218598
-0.0348934
0.0408416
0.020263
-0.020263
0.0486785
0.0479464
-0.0966249
-0.0419585
-0.0207794
-0.0669352
0.0169038
0.0711526
-0.0713737
0.0218953
-0.0218953
-0.769258
-0.31892
-0.0187571
0.0187571
-0.0216917
0.0216917
0.0185329
-0.0185329
-0.0178588
0.0178588
-0.0157369
0.0157369
-0.0203359
0.0203359
0.0198489
-0.0198488
-0.0176219
0.0176219
-0.021727
0.021727
0.0214856
-0.0214856
-0.167257
0.020346
-0.020346
-0.0178783
0.0178783
0.0174951
-0.0174951
-0.0201729
0.0201729
0.0182198
-0.0182198
0.0258565
-0.0258565
-0.0269338
0.398308
0.0192486
-0.0192486
-0.0282477
-0.0211623
0.0211623
0.14644
-0.296684
0.020554
-0.020554
0.0217664
-0.0217664
-0.0203714
0.0203714
0.0222384
-0.0222384
-0.474795
-0.0253873
0.0253873
0.0161381
-0.0161382
0.0950399
0.0159375
-0.110977
-0.0158099
0.0158099
0.021244
-0.021244
-0.0222898
0.0222898
0.0182431
-0.0182431
1.806
-0.564659
0.0218106
0.0184625
-0.0184625
-0.0295037
-0.0384667
0.0679704
0.0587333
0.0273524
-0.0369235
0.0295068
-1.46226
0.36619
0.0190297
-0.0190297
0.0343202
-1.57939
0.0525564
-0.0805555
-0.0163952
0.0163952
0.0171934
-0.0171934
0.0191305
-0.0191305
-1.56911
0.0426126
-0.0160045
0.0160045
0.00741254
0.135251
-1.64999
0.0218966
-0.0218966
-1.24279
0.0764426
0.362176
0.00473086
-0.0769805
-0.285445
0.17651
0.122151
-0.0150128
-0.0148118
0.0148118
1.19109
-0.0149076
0.547493
0.00271869
-0.0213815
0.0213815
0.0201393
-0.0201393
0.0181532
1.9147
0.111753
-0.0167135
0.0221902
-0.0221902
0.245709
0.102
0.0119621
-0.0119621
-0.0655805
0.0127971
-0.574339
0.509211
1.54035
-1.18005
0.0643893
-0.0290762
0.0290762
-0.0114299
0.0238962
-0.0151324
0.0151324
0.397136
-0.444054
-0.0166705
0.0166705
-1.36887
0.165579
0.021561
-0.021561
0.0160224
-0.0160224
0.119166
-1.43534
-0.0256384
0.0256384
0.0198031
-0.0198031
0.02198
0.074671
-0.13695
-1.33829
1.47524
-1.75911
0.315027
0.986602
0.0187189
0.0214379
-0.0214379
0.487307
0.0821504
0.222801
-0.0464838
0.0546812
-0.00819737
-0.11318
-0.069542
-0.0331118
-0.229862
1.41347
0.125267
-0.0205328
0.0205328
-0.01872
0.01872
0.0207739
-0.0207739
-0.00299221
0.037366
0.0795136
0.0304194
0.240934
0.0196145
-0.0196145
1.2583
0.280112
-0.0243083
0.0243083
-0.0209203
0.0209203
-0.0293186
0.0293186
0.0167137
-0.0167137
0.0227086
-0.0227086
-0.656818
0.765389
0.0223497
-0.0223497
0.0331528
-0.00375866
-0.413099
0.0228685
-0.0228685
0.0545278
-0.0325478
0.0199244
-0.0419478
-1.25067
-0.0145895
0.0145895
-0.584416
0.109905
0.474511
-0.0218681
0.0218681
0.0224435
-0.0224435
-0.012563
0.012563
-0.730449
0.0174874
-0.0174874
0.250515
1.49745
-1.74796
-0.0209442
0.0209442
-0.00479913
0.0379778
-0.687941
1.03233
-0.344385
-0.0284809
0.14504
0.0203034
-0.0203034
-0.0414406
0.00181649
-0.0808643
0.0172929
1.73974
-2.26531
-0.0126563
0.0126563
-0.0208536
-0.00284973
-0.0168009
0.0168009
0.102083
0.0624478
-0.561471
0.416102
0.130587
0.00816348
0.029414
-0.0318428
-0.0278636
-0.264564
0.339586
0.0141838
0.0244
0.0168397
-0.0168397
0.0354635
-0.038445
0.00298148
0.0137638
-0.0137638
0.026129
0.430574
-0.172419
-0.0541454
-0.0853219
-0.0027479
-0.0398373
-0.927524
0.944521
0.441183
-0.385264
-0.018187
-0.0396041
-0.0332534
-1.37834
0.0332201
0.366509
-1.13577
0.319293
1.044
-0.988904
-0.104802
1.01351
-0.908709
0.0923886
-0.0553226
-0.015751
0.015751
-0.828528
0.51504
-0.0222961
-0.0882327
-0.0198778
2.30446
-0.0329823
0.0181275
-0.0181275
0.101519
-0.835891
0.716239
-0.0377026
0.521275
-1.01998
-0.0124175
0.0131137
0.0106337
-0.802791
0.0134332
-0.0134332
-0.066386
-0.248246
0.0379827
1.5453
0.0774486
0.311493
0.87402
-1.18551
0.516076
-0.78251
0.252268
0.592394
0.1532
0.0421785
0.000787502
-1.48645
1.3495
0.129571
-0.971123
0.841552
-0.201222
-0.652587
-0.0148166
-0.0706016
-0.918302
-0.0369208
-0.0206147
0.0206147
-0.0293257
0.0814032
-0.367724
1.44644
-1.41353
-0.0120422
0.0120421
-0.0554279
-0.13763
0.227398
0.00600286
0.0243297
0.039955
1.05745
-1.15391
-1.0983
0.371438
0.0139082
-0.0139082
0.00238559
-0.0422173
-0.627356
0.930858
0.0156456
-0.0156456
-0.70632
-0.0678657
0.0380352
0.065234
-0.0160604
-0.281533
0.161896
-0.704891
0.708172
-0.0166932
-0.0741575
-0.0907865
-0.00378913
-0.00411962
-0.0328011
1.42709
0.0446792
-0.0144689
0.0144689
0.0158346
0.00461509
-0.00202328
0.0493211
-0.0472978
0.163569
-0.0104234
-0.153146
-0.171484
0.0393985
-0.376849
0.314897
0.0154642
-0.0154642
-1.59046
0.322188
-0.112288
-0.00139107
-0.0184322
-1.45737
-0.121937
0.164768
-1.36275
0.189844
0.00346145
0.0418704
-0.0658052
0.0572031
-1.19738
0.0117538
1.22427
-0.0149281
0.3229
-1.97721
0.0706598
0.104472
0.01515
-0.01515
-1.13442
1.65134
0.06771
-0.00377772
0.0281369
0.753211
-0.000606
0.0255349
0.00222424
0.0470919
-0.21743
0.0579124
-0.0636254
-0.0791413
-0.0208993
0.0208993
0.220451
-0.12447
-0.0435946
-1.41087
1.73306
-0.036663
0.0320468
-0.0604158
0.0749064
-1.43425
-1.17645
0.156807
1.03566
0.903378
-0.906635
0.00325662
-0.156346
-0.0252624
0.889818
-1.45448
0.0147691
0.0766646
0.0555593
0.00869212
-0.0642514
-0.141608
0.0551149
-0.0760211
1.55102
0.254187
0.0202645
-0.0202645
-0.282906
-0.135056
-0.0671925
0.0792861
0.0158346
-1.4724
-0.00143014
0.904808
1.35549
1.79681
0.082362
-0.0677157
0.123423
-0.114862
-0.0509675
-0.0124489
0.0634164
1.0162
0.962748
-0.0866356
0.00405389
0.0825817
1.11973
-0.069376
0.0607421
-0.0477343
-0.123208
0.128537
0.119762
-0.0239443
0.0284293
-0.029225
0.000795624
0.934371
-0.048298
0.0632955
0.0159301
-0.0666131
0.0221067
-0.00139054
0.0270564
-0.104943
0.0332393
-0.793789
0.681501
0.0648571
-1.15477
0.527415
-1.07785
-0.0254979
-0.00334553
-0.0463596
-0.052298
-1.14915
0.134728
-0.0115851
0.383092
-0.433685
-0.36689
0.114386
0.0129194
-0.0218191
0.236625
-0.0567429
0.0274173
0.0684422
-0.0515384
-0.0105066
0.0331813
0.0467761
-0.0335766
0.0673199
0.0267284
-0.0011927
-0.0255357
0.0288313
0.0043215
-0.120088
0.120976
-0.626347
0.728347
0.0365854
0.0219728
-0.0219728
0.0141571
-0.0141571
0.433581
-0.323676
-0.0218785
-0.00443976
0.0263182
-0.0122523
0.0203196
-0.0150801
-0.030806
-0.222495
-0.0149281
-0.0155569
0.0155569
-0.0253351
0.0253351
-0.120417
0.120637
0.0952794
-0.0533375
-0.388719
0.020618
0.0187502
0.0536237
-0.0517457
0.0818254
-0.0257762
0.0257762
-0.0142916
-0.0609615
-0.0163449
0.0163449
0.0221067
-1.74392
0.0205134
-0.0205134
0.0279406
1.81808
0.0181848
-0.0181848
0.0163947
-0.0163947
0.391422
-0.436901
-0.0164656
0.0164656
0.016427
-0.016427
-0.0176494
0.0176494
-0.0831164
-0.0335046
-0.18277
0.0165809
-0.0165809
-0.200386
-0.176463
-0.0325851
0.0683565
-0.284417
0.00495648
-0.0174307
0.0174307
-0.116591
0.0145235
-0.0145235
0.0223507
-0.0223507
0.0116636
-0.0750152
-0.0148393
0.0148393
-1.12133
1.36226
-1.30682
0.00342401
0.0220718
-0.0220718
0.416851
-0.0598545
0.0322788
0.0244695
-0.024487
0.0199142
-0.536209
-0.0247985
0.0247985
0.0222971
-0.0191724
0.0191724
0.000734387
0.00430625
0.0268805
0.0265
-0.437835
0.411335
-0.0784397
0.092619
-0.0141794
0.000118013
-0.0158997
0.0158997
-0.324651
0.392653
-0.0395603
-0.03395
0.320486
0.0859372
-0.0448613
-0.0354836
-0.0170312
-0.0245948
0.0245948
-1.31503
-1.55739
-0.00404317
0.0761936
0.00928312
-0.633117
0.000874468
0.0156717
0.0037932
0.0268837
-0.00352935
-0.000618095
0.0591009
-0.596874
0.00234055
-0.0743286
0.00173456
0.000669631
0.00506463
-0.000206023
-0.107767
-0.00240519
-1.8654
0.000330376
0.000705165
0.684783
-0.000964699
-0.0149352
0.000280785
0.0256126
-0.0256126
0.0851816
-0.111698
0.00348392
-0.0151459
-0.0220005
-0.0136443
0.0136443
0.00529538
0.00032827
-0.0434409
-0.224538
-0.633681
0.962037
0.000218841
0.0440212
-0.0184476
-0.0356977
-0.173886
1.27265
0.045795
0.000257041
0.0177664
0.092067
-0.00019466
-0.027508
0.000310199
0.533611
0.0205248
0.00421931
-0.0357604
-0.0256485
0.0256485
0.0387997
-2.57007
-0.0117515
0.0117515
0.00013744
0.284522
0.000130214
0.0105064
-0.0105064
1.66875
-1.38863
0.267378
-0.0454802
-0.112892
-0.0744448
-0.662714
0.00434087
-0.00358973
0.0254541
0.0185671
0.0920663
0.106646
0.0661988
-0.0471737
0.0388705
-0.389339
-0.491471
-0.118307
-0.0950468
-0.802936
-1.05602e-06
0.0187672
-0.0187672
-0.0143456
0.0101021
-1.1481
0.0602136
-0.101019
0.0127744
-0.0417568
-0.035118
1.6603
0.474939
-0.0254784
-0.0222407
0.0415194
0.000518401
-0.0858664
-0.0131552
0.0131552
-0.0334606
-0.0535887
-0.00112276
-0.0158914
0.0158914
0.0261425
-0.000787104
-0.0358759
0.194285
0.875995
-0.858907
0.0386704
-0.0782745
1.13366
-0.161181
0.119222
0.245257
-0.367195
0.022996
-0.022996
-0.014067
0.014067
-0.00111726
-0.000188603
-0.0280188
0.0280188
-0.125197
-0.0339765
0.0207224
-0.0207224
0.000242403
0.00165072
0.290403
-0.00265199
0.00794062
0.000159915
0.318923
-1.6048
0.00372352
-0.0541388
-0.0218729
0.0218729
-0.000518861
0.0024402
9.3819e-05
0.509067
0.0131815
0.0214169
-0.0272433
0.0272433
0.0239939
-0.0239939
1.3276
-0.000575411
-0.0418914
0.0593858
-0.00476006
0.553436
-0.611742
-0.0270884
0.0321456
0.000616889
0.425892
0.0327647
-0.0704673
-0.924932
-0.000619115
-0.0287484
-0.130415
0.0327282
0.001592
0.221764
0.00132972
-0.347055
0.316276
0.0569277
0.00347014
-0.0320438
0.00980311
0.966069
-0.0145102
0.0145102
-1.03851
-0.050062
0.301671
-0.067382
-0.000131952
-0.590893
0.474302
0.468778
-0.0941324
-0.0670484
-0.0134403
0.0134403
1.58316
0.0141308
0.019096
0.00918007
0.02495
-0.0246217
0.0139264
-0.0139264
0.0957017
-0.110714
0.0279524
-0.0330459
0.0330459
0.125783
-0.122685
-0.00170213
-0.030125
0.0318271
-0.0218668
0.0218668
-0.345985
0.313478
0.550659
0.00815841
-0.558817
-0.337346
-0.216371
0.0368086
-0.0360601
0.0503891
0.0688164
-0.364016
-0.38051
-0.0301865
0.0304673
-0.0296325
0.0299427
-0.104593
0.107498
-0.019687
0.019687
0.747976
-0.842776
-0.111448
0.130937
-0.00577245
0.0375333
0.935871
0.0810339
-0.0623455
-0.00875859
0.0147896
-0.0147896
0.0108985
-0.0108985
-0.210885
0.28346
-0.00555643
-0.0514269
-0.0207122
-0.0381959
0.0484299
-0.0731683
0.0151186
-0.0151186
0.310775
0.0216628
0.0172912
-0.0172912
0.0265038
-0.0265038
-0.0158888
0.0158888
-0.0576805
-0.0409273
0.0526518
-0.169698
-0.0292483
-0.0108461
-0.0229267
0.0283951
0.00583168
0.00538279
-0.0460327
0.063924
0.0309241
-1.78602
0.541277
0.140223
0.00128784
-0.0181622
0.0181622
0.0521134
0.0269956
-0.0290189
0.0141838
-0.0449105
-0.0337423
0.00623427
0.014114
-0.014114
0.0277684
-0.0277684
0.0168739
-0.0168739
-0.0353555
0.01127
0.387922
0.00308255
-0.0124046
0.0124046
-0.0329026
-1.339
0.025156
0.0174508
-0.0174508
0.0300627
-0.0299028
0.818036
0.0156059
0.105014
-0.101276
0.106836
-0.0931822
-0.539935
-0.195544
0.261656
-0.0661119
0.0296482
-0.0295543
-0.0616583
-0.028885
0.0905433
-0.029752
-0.0124271
0.0124271
-0.381564
0.0337215
-0.749426
0.678824
-0.0849635
0.181375
-1.33529
-0.281258
0.471901
0.0413831
0.007938
-0.0286081
0.0861007
-0.0335776
-0.102338
0.112207
0.0274709
0.0426708
0.0274722
0.143349
-0.0327715
0.0164143
-0.0164143
0.651941
0.231633
-0.954079
-0.196983
0.144685
0.0217759
-0.0217759
-0.0181619
-0.0229903
0.0326512
-0.0322812
0.0322812
-0.0324125
0.00056972
0.16091
-0.262274
0.101363
-0.132753
0.132503
0.0262727
-0.0262727
0.0209134
-0.0913918
0.101494
-0.332989
0.860405
-0.00924599
0.0171685
0.0131137
-0.0445241
-0.106788
0.131041
0.085614
-0.00136302
-0.0241349
-0.0364224
0.0344362
-0.0350575
0.000621327
-0.00367768
-0.0147545
0.0144392
-0.0390577
0.0246185
0.00248449
-0.00830909
-0.0105054
-0.0669958
0.0305734
-0.026232
-1.01898
0.0195667
-0.0195667
-0.25617
0.088913
0.709827
0.409902
0.019096
0.0170551
-0.0170551
-0.0476817
0.0154829
-0.0154829
0.186711
-0.299602
0.0241075
0.0096199
-1.19193
0.189179
-0.166914
-0.0222652
0.00355009
-0.034035
0.024789
-0.035523
-0.0158445
0.0158445
-0.0425263
-0.00537462
0.309092
-0.0206527
0.277502
0.779946
0.134553
-0.135965
-0.000995298
0.00679451
-0.15237
-0.361335
0.0130311
-0.0130311
0.076227
-0.0798459
-0.0633707
-0.982371
-0.0090084
0.000860055
-0.847484
-0.119873
0.00669289
-1.57534
-0.070342
0.00461896
-0.219518
-0.055546
0.275064
-0.0170508
0.105452
0.00491747
-0.023952
0.00867392
0.0300048
-0.0292092
-1.08242
-0.0188857
0.0188857
0.0807053
-0.859213
-0.0150737
-0.226724
0.025351
0.00542373
-0.0307746
0.761357
0.0306271
-0.0112804
-0.133481
-0.0167351
0.0912347
0.0534464
-0.00594799
-0.264998
0.0527819
-0.0446184
-0.02254
0.028163
-0.005623
-0.0400975
-0.00941013
-0.0142186
0.0142186
-0.00532187
0.0454603
0.051496
0.0346047
0.00638265
0.0254445
-0.0132385
0.0132385
-0.0178483
0.0178483
-0.0139954
-0.101648
0.0335205
0.0681271
-0.052137
0.0377198
-0.00328356
-0.0080095
0.136897
-0.0187192
-0.00739109
0.0357862
-0.09141
0.0634202
-0.0348768
0.049316
0.605881
0.0434864
0.238422
-0.0338541
-0.331212
-0.369169
-0.1953
0.153543
0.0606687
0.019566
0.00857092
0.00442171
-0.0232608
0.0683434
0.578947
-0.00462102
0.0277743
0.00023802
-0.0280124
-0.0104776
-0.00686301
0.016814
-0.016814
0.13348
-0.0560291
0.0269494
-0.00933647
0.00933647
-0.0351019
0.0496197
-0.100832
0.246005
-0.145173
0.420815
1.03506
-0.783203
-0.332549
4.98108e-05
-0.0389076
-0.0258689
0.00011532
0.0227669
-0.023385
-0.00190347
-0.060297
0.0521434
0.367143
-0.01279
0.234254
-0.254907
0.486196
0.0268567
0.0313636
-0.0947342
-0.0620471
0.00246246
0.0636913
-0.00454053
-0.0576822
0.00141988
0.00562612
0.0102165
-0.278984
0.0285216
-0.00710465
0.00992008
0.0168975
-0.0168975
0.0191538
-0.0316741
0.00468817
0.0221923
0.0202666
0.00598155
0.0331787
0.0536968
0.103897
0.0307333
-0.233095
0.0251984
-0.0596876
-0.0428804
-0.07504
0.00342998
0.930715
-0.0582761
0.0225157
0.0347229
0.00299687
-0.0271775
0.0271436
-0.0101545
0.673923
-0.0776757
0.0627681
-0.00351901
0.0406258
0.0121561
-0.0555156
0.113856
-0.0209068
-0.00342006
-0.0198408
0.0233982
-0.0236043
0.00335824
-0.0851799
0.0257654
-0.0256352
-0.0303007
0.0308191
0.0287938
-0.00686776
-0.0201296
-0.02479
0.0250089
0.079047
-0.0828613
-0.0329242
0.0243297
-0.0291216
-0.00104338
-0.0617934
-0.598166
-0.0970523
-0.0370572
-0.019823
-0.00479867
-0.0613629
0.0188366
0.0243302
-0.024849
-0.00604306
0.188412
0.0270161
-0.0281333
0.0252135
-0.0257889
0.0258339
0.00147911
0.117245
-0.126655
0.051867
-0.356484
-0.0180696
-0.00557259
-0.00327152
0.0615088
-0.00719844
0.0145773
-0.022653
-0.00168886
0.0897178
-0.0216213
0.0214327
0.0236712
0.057732
0.00523951
0.0151754
-0.00585097
0.000236129
-0.0270312
0.0743148
-0.038193
0.00738702
-0.0277247
-0.142587
-0.0276068
-0.0235355
-0.00218591
0.0506088
-0.0258351
-0.0295813
-0.00265535
0.544575
-0.029858
-0.0324052
-0.0454867
-0.0789838
-0.0030279
-0.0317592
-0.242113
-0.00943977
0.0201526
-0.024087
0.0187652
-0.0702199
0.00870497
-0.12218
0.0932666
0.00364158
0.0974108
-0.0819968
0.18527
-0.0280093
0.0235877
-0.00854653
0.00341748
0.0383393
-0.107476
0.00275272
0.0267417
0.0250934
-0.00632821
0.0465146
0.0394681
0.0668854
-0.0141784
-0.0214345
0.0331368
1.48045
0.00365895
0.438192
-0.0329792
-0.13131
-0.0770563
-0.016973
-0.0385144
-0.000157627
0.117498
-0.0735783
0.0247553
0.0188598
)
;

boundaryField
{
    frontAndBack
    {
        type            empty;
        value           nonuniform List<scalar> 0();
    }
    upperAndLower
    {
        type            symmetry;
        value           uniform 0;
    }
    outlet
    {
        type            calculated;
        value           nonuniform List<scalar> 10(2.61779 2.79578 2.18823 2.37105 2.47876 2.94496 1.9616 3.13393 2.70082 2.55494);
    }
    inlet
    {
        type            calculated;
        value           nonuniform List<scalar> 10(-2.57539 -2.5743 -2.57581 -2.57643 -2.57308 -2.57381 -2.57468 -2.57502 -2.57154 -2.57779);
    }
    airfoil
    {
        type            calculated;
        value           uniform 0;
    }
}


// ************************************************************************* //
