/*--------------------------------*- C++ -*----------------------------------*\
  =========                 |
  \\      /  F ield         | OpenFOAM: The Open Source CFD Toolbox
   \\    /   O peration     | Website:  https://openfoam.org
    \\  /    A nd           | Version:  10
     \\/     M anipulation  |
\*---------------------------------------------------------------------------*/
FoamFile
{
    format      ascii;
    class       volVectorField;
    location    "200";
    object      U;
}
// * * * * * * * * * * * * * * * * * * * * * * * * * * * * * * * * * * * * * //

dimensions      [0 1 -1 0 0 0 0];

internalField   nonuniform List<vector> 
3042
(
(29.1252 -0.974786 -6.67897e-18)
(24.6865 0.468839 -9.75197e-18)
(24.5095 4.64276 1.54253e-18)
(28.1732 1.77334 3.58835e-18)
(24.9657 -1.52784 0)
(27.0527 0.69017 0)
(28.5093 0.0833931 0)
(28.3238 -0.896832 0)
(26.4121 3.72256 2.15406e-20)
(30.6304 4.13892 -2.10655e-18)
(21.8823 -1.94312 -9.68756e-18)
(27.261 0.566549 7.61175e-17)
(24.2343 0.910754 2.39487e-17)
(25.0786 0.0814462 7.92883e-18)
(24.9397 0.638596 0)
(22.7374 3.42784 1.10494e-18)
(26.8244 1.05369 3.48823e-18)
(29.9294 -0.604818 0)
(25.4951 2.29901 0)
(27.6064 0.507444 7.61569e-17)
(28.1295 -0.920765 5.63922e-18)
(23.7891 0.394275 0)
(25.1414 0.788593 9.4966e-18)
(25.1123 -4.58129 2.01987e-18)
(27.6175 2.3286 0)
(25.7312 2.66436 8.90344e-17)
(22.9126 3.61097 0)
(25.7842 3.73134 0)
(26.5385 5.72832 -3.69915e-18)
(24.5999 2.42773 -5.50906e-18)
(30.3002 -3.126 0)
(22.8772 2.80877 -5.31737e-18)
(27.3511 1.76678 -6.03263e-18)
(27.124 -2.0544 -7.83065e-18)
(27.5926 1.71702 0)
(26.3674 0.232891 1.7925e-17)
(27.5522 1.79053 -2.32591e-18)
(29.1864 -1.09053 -1.48351e-18)
(27.1313 3.39872 0)
(29.2383 1.23559 -2.38064e-18)
(28.9289 -1.91154 -4.65241e-18)
(29.4114 -0.919535 -6.33679e-18)
(23.414 -3.31902 5.93161e-18)
(25.167 0.164267 2.55008e-17)
(28.9203 -1.59853 -2.38038e-17)
(26.4375 1.27198 6.76938e-19)
(28.1414 5.40483 0)
(25.6051 2.49712 -1.30141e-16)
(24.773 -3.54517 -6.26234e-18)
(25.7274 2.81294 1.23505e-16)
(28.1415 1.84229 -3.38148e-18)
(11.9935 -1.46724 -2.28451e-18)
(29.0401 0.0332595 1.81618e-18)
(23.8636 -3.13697 -7.02694e-18)
(27.9812 0.784345 -2.70849e-16)
(25.5064 0.936136 0)
(28.0952 0.099604 3.73313e-18)
(23.0359 0.0293105 0)
(24.0751 0.950194 0)
(23.0285 0.133406 1.66139e-17)
(24.1021 3.49109 0)
(25.617 -1.42325 -2.26669e-18)
(29.3805 -0.395235 0)
(29.9491 0.0811951 2.65635e-17)
(26.4454 1.41071 1.34597e-16)
(29.0111 0.284491 -2.30297e-17)
(27.0895 0.155628 -7.91393e-18)
(25.1388 -1.90178 0)
(27.3036 3.90815 3.70828e-18)
(25.7293 0.286113 1.0873e-17)
(25.9222 1.60745 1.61399e-17)
(29.0746 1.9028 -8.51696e-18)
(27.9656 3.29055 -5.24369e-19)
(23.9011 4.3261 -2.59954e-18)
(26.0962 1.62286 -9.4196e-19)
(27.2094 0.0627658 -7.32725e-19)
(27.8258 3.35006 6.70587e-19)
(26.5549 0.20784 -1.35289e-17)
(24.615 2.6893 5.28409e-18)
(29.1458 -0.637208 1.11016e-17)
(24.1685 0.831105 0)
(25.3766 1.51145 -2.17032e-18)
(27.6041 -2.00373 -6.37693e-18)
(26.2231 3.55433 -1.29543e-20)
(26.5365 1.02139 -8.31147e-19)
(28.9006 -1.1714 -4.24875e-18)
(29.1058 0.0220781 8.27499e-18)
(26.6111 1.28657 2.20136e-18)
(30.5399 4.0553 0)
(25.8653 2.69194 1.73192e-16)
(29.4548 0.301459 3.92718e-17)
(24.2582 -4.14051 0)
(21.8894 -1.38774 9.18884e-18)
(24.5984 -2.58153 0)
(25.3701 1.20667 0)
(27.0764 1.88097 1.50679e-17)
(27.9389 -1.39022 -5.05693e-18)
(25.0606 1.11314 3.2738e-18)
(29.5141 1.31551 3.414e-18)
(24.6793 2.27047 -1.32898e-19)
(26.2755 -2.93881 -1.26101e-18)
(29.9287 0.747585 -1.40016e-18)
(25.7475 2.83079 -6.95877e-17)
(25.4981 1.55576 2.16816e-18)
(25.5017 0.453831 -1.47886e-18)
(25.8152 0.257325 -2.0224e-18)
(28.3183 2.32025 1.78827e-18)
(25.1688 -2.04435 0)
(24.9431 0.525667 -9.98403e-18)
(28.8199 2.73272 0)
(23.1929 0.692528 -1.3254e-16)
(28.7876 0.204627 2.93547e-17)
(28.9431 1.78597 5.16638e-18)
(27.9706 4.9662 0)
(28.3199 0.0763164 -9.27107e-19)
(20.7115 -2.7786 1.4128e-18)
(22.4237 3.51469 1.27264e-17)
(26.8361 -2.00251 7.59988e-18)
(31.3638 1.08307 -1.40727e-17)
(25.3402 -4.28636 -2.95071e-18)
(29.9304 0.630193 1.41155e-18)
(25.688 -1.08088 7.70875e-19)
(25.9275 2.43299 -8.95293e-17)
(26.2756 -1.6803 -3.7528e-19)
(25.4186 -0.782882 3.73125e-18)
(26.3456 1.62132 -7.7784e-19)
(25.4321 0.306825 -3.9702e-19)
(27.245 0.112746 9.7218e-18)
(22.2903 3.27064 -5.98401e-19)
(25.0016 0.628722 -1.24778e-17)
(24.3096 2.78498 7.23208e-18)
(28.6341 -2.03629 0)
(27.7735 -2.60456 -5.18897e-18)
(23.4499 0.118617 -1.39152e-17)
(26.0256 2.18145 0)
(25.1911 -3.86787 -1.31999e-18)
(24.9011 2.28781 0)
(26.1804 1.50478 -2.06895e-17)
(28.4628 1.80781 0)
(25.4831 0.864873 0)
(25.5137 0.165522 -1.03153e-18)
(21.8186 0.0838399 0)
(25.1106 0.528095 -1.54811e-18)
(24.4167 -0.0920215 -6.06294e-18)
(25.0962 0.151319 0)
(28.052 -1.3114 0)
(26.4095 0.0404855 -6.38848e-19)
(27.7734 3.25528 7.91642e-19)
(28.6136 2.37896 -1.66994e-18)
(25.1967 0.9526 -1.14645e-18)
(29.2436 1.20627 -5.41179e-18)
(26.0125 1.66175 0)
(25.7744 1.55659 7.5195e-18)
(24.9488 -2.95455 0)
(26.005 0.693068 1.19141e-18)
(27.0387 0.499643 -8.28806e-18)
(25.8176 2.53929 0)
(25.9389 -1.72606 4.3444e-19)
(31.2711 0.00726788 0)
(27.2847 5.60956 6.71778e-18)
(24.7058 -4.50393 -1.47312e-19)
(28.1581 4.11605 -1.49386e-17)
(23.5408 0.0171415 0)
(25.8483 0.269388 2.02588e-18)
(15.2645 -2.1099 5.13682e-19)
(27.917 0.459373 -3.78007e-17)
(29.7733 0.128165 0)
(24.8132 2.06612 9.03762e-19)
(25.5096 -2.32422 0)
(25.3846 1.35995 -8.02834e-18)
(25.5542 5.71484 -1.16628e-19)
(26.074 1.72033 6.03924e-17)
(25.9207 2.03242 2.5574e-18)
(27.1582 0.519 -5.86461e-17)
(27.9349 -3.31206 2.14727e-19)
(26.9855 -1.71792 4.83523e-18)
(28.0145 1.02292 0)
(29.218 0.592731 0)
(22.7488 -3.21166 8.69522e-19)
(26.3159 0.311855 9.68821e-18)
(25.1713 2.76588 -2.23662e-18)
(24.7992 0.379624 1.62191e-17)
(30.8007 0.134721 8.01592e-17)
(26.7877 3.82183 0)
(27.9553 -1.89639 -6.78964e-19)
(28.5891 -1.62949 0)
(22.795 -2.50124 -1.51042e-17)
(24.9866 0.122039 -1.45721e-18)
(25.9262 1.55712 0)
(27.3321 1.66996 1.38342e-18)
(25.169 2.19472 1.46844e-18)
(30.0856 -3.16525 0)
(28.44 -2.88275 -5.13511e-18)
(27.045 2.2513 0)
(29.8045 0.0267982 -1.64639e-17)
(26.576 -2.87096 2.68448e-18)
(24.628 2.0272 -8.42996e-18)
(26.9702 -1.09255 7.75136e-18)
(16.6226 -2.10514 -1.8367e-17)
(21.1781 0.0893197 2.35052e-17)
(29.1198 0.800224 1.49943e-18)
(27.3515 -1.6841 -5.64414e-18)
(25.8634 3.40329 1.39337e-18)
(25.4613 3.17199 0)
(25.3447 0.330961 0)
(26.0551 3.57781 -7.1576e-19)
(28.1745 -2.58725 6.08748e-18)
(26.2923 1.25219 -4.18084e-18)
(21.8448 0.00875173 -9.36359e-18)
(23.3356 3.57397 0)
(26.0101 2.55793 -1.37132e-18)
(24.5381 0.417231 7.4091e-18)
(25.2691 0.0437647 0)
(28.9465 -1.49611 0)
(25.3615 2.99186 1.41533e-18)
(23.3235 0.281028 8.78883e-18)
(29.0308 -0.685374 0)
(28.6602 0.0304712 2.61006e-18)
(25.7957 3.09514 1.81997e-16)
(29.7778 0.172642 6.44354e-18)
(25.7853 0.86804 -4.25142e-18)
(24.8231 0.144352 -3.44042e-18)
(25.9846 0.776114 -9.51273e-18)
(25.5965 0.807065 0)
(24.6052 0.572412 0)
(26.003 1.56521 2.25805e-18)
(24.1639 0.530565 0)
(25.3192 3.19637 3.73523e-19)
(29.6961 0.0352984 3.07013e-18)
(27.1198 3.60198 0)
(26.0845 0.505736 0)
(25.4395 0.737386 -1.01178e-18)
(26.4088 -1.37583 -7.65118e-19)
(25.2824 0.668946 2.06854e-18)
(23.3999 0.485465 -4.1494e-17)
(31.0541 4.75358 5.94237e-18)
(25.9836 0.943706 -5.33493e-19)
(30.632 -0.361014 0)
(29.3858 -0.54307 1.59212e-18)
(21.3553 -0.376439 0)
(27.2875 0.0195545 0)
(27.7044 0.889777 6.87865e-17)
(30.9815 0.096177 -6.70396e-17)
(28.5416 1.82392 -2.58209e-19)
(30.1708 0.437407 -5.79592e-18)
(24.8869 0.577571 1.50811e-17)
(26.3498 0.17925 -8.71277e-18)
(27.7801 0.652418 3.7419e-18)
(25.9672 3.75235 -4.91177e-19)
(27.6845 0.545025 -3.41908e-18)
(29.9584 -0.0297474 -1.40185e-18)
(21.1403 -2.81972 2.25454e-18)
(29.2173 -0.000666418 -7.41426e-18)
(25.0889 0.599521 8.21399e-19)
(27.73 1.73089 0)
(28.4369 2.19052 6.45967e-18)
(29.3357 -1.16276 6.27331e-18)
(28.9783 6.34403 0)
(12.8413 -1.08561 -8.92777e-18)
(25.9628 0.265947 -9.78547e-18)
(16.3549 2.03408 4.01232e-18)
(28.5463 -1.39081 -1.33252e-17)
(27.0322 3.72029 -2.28707e-18)
(26.3652 0.565366 0)
(25.1125 -0.256368 -4.56369e-18)
(26.1877 -4.13707 0)
(24.6019 0.895885 0)
(28.6698 2.06013 1.16486e-18)
(27.4369 3.33807 -6.2552e-19)
(27.0609 0.0453222 -2.75425e-17)
(25.8076 5.62306 1.75012e-18)
(27.5972 0.00951127 -6.30165e-21)
(29.6677 0.0345344 -9.89228e-19)
(25.4527 1.37501 3.43124e-17)
(25.4789 0.492933 1.04688e-17)
(24.3338 -1.04712 1.51231e-17)
(28.7335 3.07998 3.92272e-18)
(26.9647 0.713607 3.83823e-18)
(29.4241 0.317264 -3.92025e-18)
(21.6587 3.50551 -1.6031e-17)
(26.4794 -0.311887 0)
(24.999 0.641425 0)
(21.7749 0.338655 -4.56324e-17)
(26.0538 1.12688 1.40318e-18)
(20.5354 -3.89375 2.62824e-18)
(27.6631 0.189639 0)
(27.1971 2.34167 -2.89482e-18)
(28.8948 0.850779 0)
(29.4621 1.87622 1.85331e-17)
(23.7068 3.6696 3.43471e-19)
(27.6683 2.24574 0)
(29.1257 -0.281307 -3.49142e-18)
(28.2693 0.857987 0)
(24.8976 0.592641 -4.42471e-18)
(28.2037 -0.116125 3.55801e-18)
(25.7351 2.73352 1.12907e-17)
(30.4495 5.2871 -7.68645e-19)
(28.6553 1.46053 5.2841e-18)
(26.3288 1.80219 -3.25806e-19)
(24.3133 0.119351 1.06389e-17)
(27.1151 3.38156 0)
(21.7321 0.00860578 0)
(25.5389 1.47087 -3.85433e-17)
(29.0489 1.04353 2.75603e-18)
(22.1766 -3.44236 3.35588e-18)
(25.4031 0.17883 1.48095e-19)
(24.3143 -3.59954 8.46401e-18)
(25.9959 2.42022 0)
(27.6347 0.907267 0)
(28.0049 2.83547 2.81778e-18)
(25.3323 1.13363 4.90125e-18)
(25.3613 0.732796 1.54807e-18)
(26.6602 1.48743 1.11874e-17)
(26.2669 1.49951 1.25847e-17)
(23.8315 -4.24669 -9.14963e-19)
(28.9855 -0.502305 -1.64291e-17)
(25.3439 0.0321808 0)
(25.4199 1.30882 -7.18882e-18)
(24.6949 0.767169 7.44426e-18)
(27.2982 -1.13131 -7.54476e-18)
(26.7433 1.2332 -7.02485e-18)
(28.9639 0.435602 1.75165e-16)
(27.2684 0.0504096 1.31017e-18)
(25.4961 0.430612 3.14628e-18)
(22.2458 -2.40757 3.68513e-18)
(28.7512 1.63349 -8.1877e-18)
(25.402 0.709676 -4.54799e-18)
(26.0434 3.79527 2.2011e-18)
(28.4023 2.1376 -4.26849e-18)
(27.9025 0.971524 4.71772e-18)
(29.4626 -0.933151 9.06362e-18)
(25.8558 -1.93419 2.65272e-18)
(27.372 1.45052 -3.10314e-18)
(25.5362 0.398362 0)
(26.9225 0.0541901 3.24734e-18)
(29.8786 1.26906 2.10808e-18)
(26.392 0.968271 7.18413e-19)
(29.0025 1.7156 -3.1362e-19)
(28.6471 -1.23959 2.72756e-17)
(26.5794 1.22271 0)
(25.9246 0.642656 0)
(29.1823 0.469208 -1.61424e-17)
(29.2276 2.04874 -2.36535e-17)
(25.4846 0.41648 0)
(25.8385 0.504625 1.96533e-18)
(24.0537 -2.62495 -2.35931e-20)
(26.0116 1.55665 -1.13952e-17)
(19.2898 3.40597 -1.48558e-18)
(27.3094 0.106616 7.00493e-18)
(28.7293 -0.098416 -1.35634e-17)
(27.0184 1.87029 8.81027e-19)
(27.7754 0.350932 3.52627e-18)
(30.9872 0.541924 0)
(30.0982 -0.27844 -2.3574e-19)
(26.1163 0.932233 5.44784e-18)
(25.5521 0.43858 -6.25159e-18)
(26.1805 -2.94596 -2.55295e-18)
(26.5684 0.109251 -6.69609e-18)
(25.806 2.31128 0)
(26.6737 0.0391713 9.15351e-19)
(27.5877 -0.197808 0)
(28.9307 0.140859 -8.95973e-17)
(30.3755 -0.698908 1.10011e-17)
(24.7472 -2.14457 3.97309e-18)
(26.1965 1.11963 -6.33909e-18)
(25.3816 0.436549 1.92938e-18)
(26.3687 -1.64385 -3.11822e-21)
(26.5288 2.23608 0)
(25.0816 0.10029 -2.83495e-18)
(25.4975 -0.498461 2.51318e-18)
(28.2219 2.69772 1.08707e-19)
(25.2307 -1.55302 2.28835e-18)
(28.0085 -0.508417 0)
(22.9068 1.83281 8.44967e-18)
(22.8406 -3.21421 0)
(25.6848 0.822974 -4.50835e-18)
(25.5102 0.76143 -7.44432e-19)
(26.1937 0.606297 0)
(30.413 4.51299 3.84769e-19)
(25.9355 1.75449 1.29078e-18)
(25.3504 0.706014 3.57215e-18)
(27.3961 1.56399 -1.37799e-18)
(24.2943 0.519446 1.67169e-17)
(27.4878 -2.29447 6.80257e-18)
(26.8071 1.14503 9.64825e-18)
(23.6868 0.474623 3.67694e-17)
(25.8876 0.871444 4.32536e-19)
(25.1726 0.638354 -1.23981e-17)
(25.8816 0.793228 6.94233e-18)
(19.9975 -3.33784 0)
(29.3999 1.10858 -2.88847e-18)
(27.6699 -0.389548 -3.48807e-19)
(25.6574 0.432943 -1.26492e-18)
(14.9813 0.210015 0)
(22.3313 0.344884 5.41008e-18)
(24.7659 -5.01186 4.43919e-18)
(30.1567 -0.689258 -8.76024e-18)
(28.0364 -1.50929 0)
(27.4886 1.21407 1.4542e-19)
(24.6842 0.551723 0)
(25.5616 3.99333 -3.18963e-18)
(27.6271 -2.98007 -4.53247e-18)
(29.6943 0.806838 3.01747e-19)
(28.2887 2.36729 0)
(23.5577 3.37365 0)
(27.5941 1.1633 -7.12759e-18)
(21.3877 -0.967007 -5.61872e-18)
(27.192 1.68605 0)
(30.4821 0.60191 1.26869e-18)
(24.7339 0.625016 -1.67614e-17)
(25.4136 3.42111 -2.23718e-18)
(26.1264 0.394103 -1.57053e-18)
(26.8253 2.05459 6.66842e-18)
(17.8491 4.35423 -2.58642e-18)
(25.3546 -2.99042 -3.46613e-19)
(24.8613 0.945629 -5.90007e-18)
(24.9346 0.563169 0)
(28.8178 1.99169 -2.60327e-17)
(22.4114 0.219317 -1.34133e-17)
(27.6769 -5.58484 -6.53488e-19)
(31.5494 3.07156 -1.04965e-18)
(24.888 0.0630364 1.40217e-18)
(25.7714 3.14883 -1.49259e-16)
(28.1234 2.11617 2.67657e-20)
(29.8767 1.0463 3.07448e-20)
(30.4384 -0.375626 -1.61941e-17)
(27.7024 3.41174 -7.95041e-19)
(25.9679 0.115132 0)
(21.9347 0.124312 -2.675e-17)
(25.5367 -2.69544 0)
(25.206 0.113808 2.84427e-18)
(25.1379 2.00747 1.12027e-19)
(25.9494 0.558249 3.32823e-18)
(25.3098 0.671183 -4.28027e-18)
(27.7561 1.32886 -2.27651e-18)
(27.0506 3.45745 0)
(25.6287 3.63537 0)
(22.7944 0.654911 -1.88322e-19)
(27.8033 -3.68972 -3.02913e-18)
(25.5988 0.999609 -7.64667e-19)
(25.6515 1.39368 0)
(18.3567 -2.30647 -1.46148e-17)
(26.7782 1.35726 -1.82109e-17)
(22.99 -3.04558 3.30563e-18)
(28.9872 -2.83355 -2.83556e-18)
(24.3955 -5.65083 4.41513e-18)
(27.92 -0.346695 0)
(21.5604 0.00666088 -5.21755e-18)
(25.9585 1.03357 0)
(26.4638 0.725584 0)
(26.7879 -1.38817 0)
(26.8661 0.14225 0)
(23.8988 -4.75968 1.22464e-18)
(27.5041 -4.28082 -3.92924e-18)
(28.4306 1.98848 -3.76827e-18)
(29.3719 -1.61549 6.79001e-18)
(28.8515 1.42749 -6.8519e-18)
(25.5454 0.998165 2.07658e-19)
(22.775 -3.9543 -6.90892e-18)
(23.9173 1.00186 -1.90919e-18)
(26.3894 0.272417 0)
(28.1997 0.208502 -3.60995e-18)
(26.5007 3.35435 6.33732e-19)
(30.0086 -0.581425 -2.34182e-18)
(27.4143 1.50811 0)
(29.3704 -1.0822 -6.50973e-18)
(28.3807 0.0197955 -3.2131e-18)
(26.7233 -0.291698 -6.53002e-18)
(25.3258 0.475418 -1.55165e-18)
(26.8668 1.09757 0)
(27.0967 3.22329 2.09853e-19)
(26.8868 -1.68039 0)
(26.1257 0.250307 2.57144e-18)
(29.3529 6.06255 3.75226e-18)
(27.5174 3.53285 0)
(26.7371 0.176543 5.581e-18)
(25.5901 0.115341 -1.17323e-19)
(28.0048 2.92575 -3.80481e-18)
(27.7579 -1.10015 -2.17668e-17)
(19.8721 0.0243523 0)
(25.3965 0.708079 4.209e-18)
(28.4453 -2.18401 1.33009e-17)
(25.7396 3.19124 -8.63818e-19)
(28.4603 2.35743 -4.19609e-18)
(28.2347 -5.44718 2.25946e-18)
(25.6928 3.40103 -6.98699e-19)
(26.7885 2.15564 -4.54058e-18)
(24.871 2.4024 0)
(28.5282 2.56527 -1.43533e-18)
(25.175 2.55162 3.10919e-18)
(26.0005 1.2215 4.88182e-18)
(27.045 3.23746 0)
(29.0219 1.9352 1.97705e-18)
(28.3055 2.50431 -1.13092e-18)
(25.4535 0.686839 -6.5404e-19)
(26.4237 1.46687 -3.27638e-17)
(23.5591 2.97603 0)
(26.2751 -1.06095 5.97292e-19)
(25.9229 3.83931 0)
(25.2835 2.11365 0)
(25.2472 1.27265 9.60591e-18)
(26.9358 0.960265 -1.46954e-18)
(24.9309 -0.391772 6.1954e-18)
(30.1339 -0.00745382 4.62964e-18)
(25.9871 0.0384111 0)
(28.2272 -2.03713 -3.68403e-18)
(25.5601 2.54551 0)
(25.852 0.441087 -6.95721e-18)
(31.091 -1.48023 0)
(25.4328 0.517632 0)
(27.6533 3.1949 -1.67139e-18)
(28.9948 1.87055 -1.66385e-18)
(29.8213 0.373995 1.72529e-18)
(19.8434 0.0552526 -6.47845e-18)
(29.0813 1.76803 0)
(21.8418 -4.55647 -1.56863e-17)
(28.028 -0.155217 8.9919e-18)
(20.3146 0.17362 -3.16922e-18)
(30.588 0.233917 -1.35338e-16)
(25.1619 0.72374 0)
(25.371 1.36296 -8.20702e-18)
(28.8746 -1.73784 9.79842e-18)
(27.7476 0.784229 0)
(26.8218 0.0819837 7.14778e-18)
(28.5468 2.36667 -1.05559e-18)
(24.431 1.37587 -1.81395e-17)
(20.1661 0.0863061 1.69206e-16)
(25.4834 0.551324 0)
(29.2773 0.970321 -2.80012e-18)
(28.2987 -1.45259 2.81147e-18)
(14.7619 -1.95659 0)
(23.5133 0.987025 0)
(28.1682 2.79628 0)
(28.034 2.61066 -1.50264e-18)
(25.3355 2.26343 -1.46145e-18)
(28.3293 -3.33183 0)
(25.5939 0.842407 0)
(25.1055 0.951704 -8.96337e-18)
(26.1164 3.33899 -2.23055e-19)
(29.053 1.76842 0)
(25.0162 0.934824 0)
(18.1801 0.868942 -3.35294e-18)
(25.5054 0.833591 0)
(27.356 3.44394 0)
(25.5541 2.17722 8.27087e-19)
(21.2396 -3.3163 0)
(30.2397 5.70212 0)
(27.465 0.477993 -5.55399e-17)
(26.1142 0.259307 -2.57923e-18)
(30.5057 0.222571 3.66443e-18)
(24.9027 0.641737 0)
(28.2367 -4.00883 2.64262e-18)
(31.5194 3.98805 1.06438e-17)
(26.0739 1.78077 -4.5828e-17)
(26.494 1.5127 -3.7635e-19)
(26.4544 0.443609 0)
(27.2255 3.13476 -1.78724e-18)
(21.8589 0.215636 -3.08131e-17)
(26.8065 1.03337 -2.85569e-18)
(27.0755 0.743106 2.54846e-18)
(25.2971 0.661341 0)
(29.743 5.94242 -7.87814e-18)
(27.5664 3.0691 -3.61083e-18)
(25.7473 2.23391 1.7829e-17)
(21.1366 0.0533799 -1.72174e-17)
(26.7807 -0.847791 0)
(30.516 0.0613567 -5.86285e-18)
(30.7185 -2.7196 -6.34861e-18)
(25.288 0.64321 3.27861e-18)
(31.0017 1.5041 9.91311e-19)
(24.6817 1.9137 0)
(26.5025 5.36029 1.8934e-18)
(28.987 0.318793 -9.28077e-17)
(21.235 -3.43284 5.72694e-18)
(28.5573 -1.03818 3.72422e-18)
(25.6795 0.183645 0)
(28.1246 2.06942 -7.17578e-18)
(26.5277 3.45573 -1.10865e-18)
(24.2142 1.0039 1.50848e-17)
(28.5346 1.74756 3.88107e-18)
(26.857 -2.01412 5.14608e-19)
(27.6208 4.09989 -4.80662e-18)
(26.2698 0.282 2.03423e-18)
(24.8923 4.43062 4.08933e-18)
(18.872 6.77187 -7.64807e-18)
(28.2161 -0.944907 2.66685e-17)
(30.5107 1.47663 -1.23693e-17)
(28.3972 1.58875 6.37289e-18)
(28.9007 1.57053 2.80071e-18)
(30.6913 5.45056 -4.33044e-18)
(28.723 -0.666306 0)
(26.9916 2.1575 -1.35295e-17)
(24.9694 1.90339 -3.46553e-18)
(28.3637 2.25665 -2.17021e-18)
(25.3311 1.82491 -6.4159e-18)
(24.366 0.616058 0)
(25.0422 0.0813469 1.65922e-17)
(26.7674 0.339353 -3.54634e-18)
(29.4669 1.47904 0)
(30.0907 4.79279 2.8103e-18)
(28.0397 -1.75573 1.13969e-18)
(29.9912 0.191716 5.39887e-18)
(18.3454 -0.267269 -1.64946e-17)
(28.8201 -0.326311 -1.44268e-17)
(27.9656 0.346456 -4.71911e-18)
(26.7414 3.63482 1.53966e-18)
(18.9503 -2.38095 1.23102e-17)
(27.1482 -0.527952 6.66049e-18)
(25.8415 1.36115 1.1208e-18)
(26.4476 2.34824 8.63352e-19)
(29.6429 1.25903 -1.84336e-18)
(24.0149 -3.27912 -5.24052e-19)
(26.2705 3.84741 -3.21207e-20)
(24.7122 0.0952685 0)
(28.0209 2.29712 9.03715e-19)
(27.2015 5.39792 -4.41041e-18)
(31.2218 0.0737629 1.00136e-17)
(28.6269 1.01305 0)
(25.1252 -0.871121 -4.30551e-18)
(19.9813 2.28653 -8.64101e-18)
(19.716 0.0602239 -1.67942e-16)
(31.2464 0.0691825 -1.27177e-17)
(28.739 1.18432 1.1253e-17)
(24.4542 3.62962 -3.92737e-19)
(28.8859 -0.0068052 4.52478e-18)
(27.4059 -0.961144 0)
(25.7595 3.40451 0)
(30.6729 0.247737 0)
(20.3492 0.125198 0)
(25.7415 3.37142 0)
(31.6519 0.0320498 0)
(19.4084 0.0303084 0)
(29.4575 1.39969 -1.64333e-18)
(26.2165 1.471 1.98821e-17)
(23.6441 0.938834 -2.15709e-17)
(25.7289 1.61658 -1.40143e-17)
(28.1558 0.37988 0)
(22.3832 -4.93633 8.61052e-18)
(22.5802 -3.55713 6.66783e-18)
(28.5573 0.183038 4.70894e-17)
(26.9842 2.00111 5.05705e-18)
(25.5009 0.46255 -4.97193e-18)
(27.7241 2.72578 7.96739e-19)
(21.9438 0.606485 -5.75748e-16)
(28.9944 0.251739 -4.95108e-18)
(24.3715 -0.730309 -1.08649e-17)
(31.3537 4.49867 -5.90269e-18)
(28.6589 2.1228 1.19301e-18)
(26.0739 1.90489 -2.47528e-18)
(22.5054 0.457271 -8.10332e-19)
(25.4126 0.152354 1.0204e-18)
(23.4827 0.0191189 4.39891e-18)
(25.7727 0.935957 3.15417e-18)
(28.2896 -0.715282 -2.84699e-17)
(19.7407 0.0662986 3.3041e-18)
(19.6067 -0.00285049 0)
(25.2458 1.01807 0)
(29.0213 0.488362 -5.53045e-18)
(25.1901 0.416313 1.08325e-18)
(27.3444 -0.14895 -8.16634e-18)
(28.72 1.9183 0)
(26.8717 -0.0169598 1.99579e-18)
(21.4815 -2.82187 -8.36083e-19)
(22.7777 0.0215703 5.21249e-18)
(27.6375 4.95597 -5.89732e-18)
(29.5784 -0.0183477 -7.04775e-19)
(25.3201 0.551222 0)
(21.6705 -0.00236172 -3.35379e-19)
(26.8699 3.19923 1.72421e-18)
(27.2959 2.00855 1.73054e-18)
(30.6805 1.15218 -2.09484e-17)
(25.2539 1.61028 -2.24066e-17)
(23.7528 0.661362 0)
(26.66 0.461325 0)
(25.4823 2.7873 5.9613e-19)
(26.8372 0.371333 -7.98142e-18)
(23.687 0.554066 8.34867e-17)
(28.1028 -4.4258 4.82696e-18)
(25.777 -1.22695 0)
(28.6181 -1.86915 -2.04861e-17)
(21.9344 -3.00091 3.17859e-18)
(28.594 2.21166 -3.65526e-18)
(24.5299 0.0428948 -2.08801e-18)
(25.1027 1.23506 -9.28072e-18)
(25.4161 5.07574 6.98345e-19)
(28.1972 2.80735 6.60778e-19)
(27.2389 0.188582 -3.58456e-18)
(28.8018 2.11579 -1.64151e-21)
(25.3517 -0.258248 -2.67421e-18)
(26.7106 1.15237 0)
(21.4206 -2.96368 -4.72292e-18)
(31.212 -0.019202 1.22502e-17)
(22.6426 0.571358 1.33047e-16)
(25.3861 0.680589 0)
(25.8866 0.24061 0)
(28.3408 1.41398 -1.99848e-18)
(21.0121 0.0215272 1.09154e-17)
(27.8993 0.856144 0)
(30.7412 -2.47589 0)
(27.4427 0.218359 4.9913e-18)
(26.8478 0.935224 3.21535e-19)
(25.7506 3.163 -4.22162e-18)
(29.503 0.55902 4.43434e-18)
(25.5822 1.30209 0)
(27.1564 1.83895 -5.31784e-18)
(27.6935 1.39655 -3.49616e-18)
(19.3964 0.051571 0)
(26.1802 2.3073 -2.75741e-18)
(31.171 2.87959 1.83317e-17)
(25.4678 0.555338 5.19517e-18)
(30.4569 0.703959 0)
(25.3571 0.278519 -6.83334e-19)
(29.7814 2.54967 0)
(26.6935 1.13033 -2.95948e-17)
(25.1312 0.278994 3.95455e-18)
(25.0742 1.30697 0)
(25.0303 0.243828 -1.31789e-18)
(27.7264 -5.39316 1.13782e-18)
(25.7239 2.42461 -1.56576e-17)
(26.492 -2.11991 -1.53307e-18)
(16.5266 -1.12046 0)
(25.9831 1.57083 2.17625e-17)
(25.3292 0.763057 3.554e-18)
(26.0267 0.231922 3.22011e-18)
(28.4896 1.70135 0)
(26.9175 0.649311 0)
(31.3473 -0.00173467 0)
(25.599 2.32082 -1.86395e-17)
(25.3914 3.06781 6.0618e-18)
(27.4794 0.552334 0)
(25.7645 0.757095 0)
(30.5485 -2.58856 4.69331e-20)
(24.3988 2.22185 -3.17695e-18)
(27.4918 1.35077 7.11429e-18)
(28.5673 0.812299 -4.42131e-18)
(29.6559 0.0326413 -1.39557e-18)
(28.724 -0.894815 -1.2753e-18)
(29.6296 -0.521318 0)
(28.1441 -5.10923 -2.33246e-18)
(27.4862 6.26744 2.68175e-18)
(29.3659 -0.148333 0)
(25.59 0.182977 -1.16963e-17)
(24.0294 3.0482 1.26111e-18)
(19.6606 0.0248079 -1.65724e-19)
(29.4202 0.055051 -3.44573e-17)
(21.0353 0.0312255 -1.50869e-17)
(27.4495 0.856602 -9.80352e-18)
(29.4056 0.354461 0)
(30.3466 0.0467113 -3.39392e-18)
(24.8672 0.761506 -5.02664e-18)
(28.4329 2.70046 -2.42114e-18)
(31.3035 0.00144113 0)
(26.3138 2.39245 3.13431e-18)
(29.99 -0.247906 0)
(29.1418 -1.58104 1.05751e-17)
(29.2235 1.79811 7.70002e-18)
(25.0546 1.15085 2.15271e-17)
(25.447 0.75079 -4.26121e-18)
(30.1567 0.079939 -2.51222e-18)
(27.352 1.12288 -4.95384e-18)
(26.8868 -1.83492 -4.16702e-18)
(30.0781 1.94078 9.34339e-18)
(24.8776 1.20419 -6.15648e-17)
(27.1623 -0.118071 0)
(28.4802 -0.985909 -6.82029e-18)
(25.5883 2.50534 0)
(30.297 -0.00832825 0)
(26.119 1.63617 2.41342e-17)
(31.1212 0.104079 1.32828e-16)
(29.2614 -0.899443 9.58568e-20)
(26.5427 1.32756 0)
(19.9895 0.101258 -2.24441e-16)
(24.7218 0.729389 0)
(26.6623 2.53858 -1.31515e-18)
(29.9508 0.0209017 0)
(30.6814 0.387376 6.66571e-18)
(24.6419 -0.109657 -7.13675e-18)
(28.1001 3.23653 6.45551e-18)
(25.5367 0.374357 -2.05256e-17)
(24.4322 0.101309 -3.08648e-18)
(26.0174 -3.83647 -6.10821e-19)
(27.2225 1.3761 1.11806e-17)
(26.705 0.292748 0)
(26.999 0.186313 3.12797e-19)
(25.6315 2.95505 0)
(26.2684 1.72887 -8.64497e-17)
(29.4151 -3.01836 4.38921e-18)
(26.8608 1.13312 7.25191e-17)
(30.7538 -1.63617 -5.09293e-18)
(26.9257 1.66766 3.53326e-18)
(25.4065 1.39309 2.87043e-17)
(26.4976 1.41689 4.14111e-18)
(19.6184 0.0119204 1.50525e-17)
(23.09 0.583004 0)
(30.3638 0.386054 -1.06208e-18)
(25.1284 0.580265 9.38215e-18)
(20.8017 0.17059 0)
(24.675 -5.82805 2.0045e-18)
(27.2623 2.66182 0)
(26.442 1.3223 -1.0682e-17)
(25.784 0.671368 0)
(29.0711 0.696624 4.98191e-16)
(27.0847 1.58701 8.80454e-18)
(26.5153 1.87667 -1.33546e-17)
(19.2736 0.0171654 0)
(31.6827 0.004925 0)
(27.0782 2.1047 7.30939e-18)
(25.2612 0.580101 -1.14738e-18)
(21.0406 -0.0107124 0)
(20.5815 0.187998 1.91479e-16)
(28.2836 2.51991 -4.62788e-18)
(28.8264 1.98926 2.95994e-18)
(25.7247 0.566426 7.23899e-18)
(28.922 1.37037 1.9304e-17)
(29.3232 1.61137 0)
(27.736 -1.75965 0)
(27.8963 3.92958 1.07768e-17)
(27.7421 0.010695 0)
(25.0567 2.34636 -2.89221e-18)
(30.9441 1.72983 7.16069e-18)
(28.6394 -1.58772 0)
(23.9822 -5.36533 1.34608e-18)
(20.9251 0.0148507 1.0478e-17)
(25.2578 3.50291 -4.95588e-19)
(26.8993 1.76442 3.82629e-18)
(26.9667 1.48413 0)
(28.1332 1.98698 3.84379e-18)
(25.9748 -0.948684 2.93702e-19)
(29.0796 -1.0674 -1.25791e-18)
(19.345 -2.66073 -1.26631e-18)
(29.6068 0.0971165 0)
(27.2262 2.0965 -1.00664e-17)
(20.1764 -2.76149 -1.32829e-17)
(19.9866 0.0192476 -5.91392e-18)
(25.799 3.41018 1.25794e-16)
(26.657 0.728022 8.94329e-18)
(25.6849 3.27525 -1.12278e-18)
(30.5302 2.68232 5.93251e-18)
(26.9095 2.2805 0)
(27.6209 -2.50392 0)
(26.242 1.01173 0)
(26.6493 1.29793 -7.00357e-18)
(29.471 2.7216 -8.18287e-19)
(30.1553 -0.0513114 -1.80732e-18)
(28.5188 -0.254137 -1.17225e-17)
(28.6562 -1.72409 -1.79839e-18)
(27.5901 0.246197 0)
(27.1989 -3.97318 -2.64536e-18)
(26.6953 1.9499 -1.14855e-17)
(25.2286 0.548023 1.02324e-18)
(25.511 2.99503 -8.00998e-19)
(23.4705 6.09471 7.54187e-18)
(24.9283 1.02708 -3.11574e-17)
(29.2503 0.175386 0)
(26.5773 -3.21945 -2.27026e-18)
(25.7558 3.25314 2.69149e-18)
(26.4867 0.259595 0)
(26.2608 1.66239 8.41114e-18)
(20.8952 -2.15803 2.28199e-18)
(22.0255 0.712996 0)
(27.6075 2.59282 3.93527e-18)
(24.4495 0.949318 -5.68302e-18)
(20.9752 -0.0064903 0)
(25.275 0.963849 -1.09253e-17)
(26.6737 1.34894 -8.34295e-17)
(27.3615 -0.642046 0)
(27.4501 3.54086 3.59918e-18)
(23.542 -3.17343 0)
(27.2186 0.661805 0)
(24.4608 1.43519 0)
(28.1139 -1.90279 0)
(26.3942 6.32585 -9.07694e-19)
(26.0667 1.34959 -2.95558e-18)
(26.7434 1.62621 2.66481e-16)
(24.4666 -3.30032 5.76148e-19)
(28.3447 -2.06739 -3.29122e-18)
(31.4435 0.0774883 0)
(25.3633 1.69304 1.09533e-17)
(28.0258 1.9497 -3.58884e-18)
(25.6408 2.34092 0)
(23.2225 -2.11229 -8.63173e-18)
(29.845 0.523778 -3.34112e-18)
(29.8742 1.2044 -9.01189e-20)
(25.2405 1.01645 0)
(27.157 1.36911 -3.62556e-18)
(26.4351 -0.194804 5.32476e-18)
(29.1495 0.746564 8.94067e-18)
(25.4341 3.80494 2.09856e-19)
(28.066 2.20656 2.70638e-18)
(20.4472 2.67368 -2.23503e-18)
(30.2052 0.875285 -2.38111e-18)
(26.5877 -2.09584 0)
(26.7886 0.199971 -1.87209e-17)
(28.0013 -1.09998 4.01169e-18)
(31.0936 0.232852 -1.28913e-17)
(26.447 2.08994 2.19298e-18)
(25.7405 2.09341 0)
(22.593 -1.22356 -1.06256e-17)
(27.7596 3.04725 0)
(26.6992 3.61039 0)
(25.8521 2.22489 4.94557e-17)
(24.6317 0.395628 9.05806e-18)
(19.3446 0.0316007 0)
(25.4401 0.724766 -4.35464e-19)
(30.0213 0.431956 0)
(25.8452 2.11132 1.74881e-18)
(25.3865 0.724354 9.08426e-19)
(28.7105 -0.673016 -5.14311e-18)
(26.1527 2.14924 -3.39507e-18)
(27.9933 -1.60199 -5.63891e-18)
(25.9776 2.0649 6.90486e-17)
(25.8761 3.16461 1.49067e-19)
(31.5601 0.0059649 0)
(26.3841 3.10559 4.01463e-18)
(25.7615 0.39264 5.51199e-19)
(29.3367 -1.43442 1.66346e-17)
(25.5649 -3.70247 1.23627e-18)
(26.2221 3.67304 2.03502e-18)
(25.3136 0.778735 0)
(19.2605 -0.00259821 0)
(28.0837 3.13313 1.52631e-18)
(28.4038 2.0903 -1.66776e-18)
(28.0409 2.4956 0)
(21.7756 0.0430376 3.15886e-17)
(23.2655 1.74339 2.23648e-17)
(24.6321 -3.32806 -5.27389e-19)
(27.9188 1.93407 2.47926e-18)
(22.2039 3.24292 0)
(25.3339 -1.14676 0)
(29.2579 0.167319 -2.65389e-17)
(29.0112 -1.39814 0)
(27.2611 6.29273 -4.21312e-18)
(27.6571 1.0235 0)
(30.1559 0.0286487 -1.22158e-17)
(19.593 -0.00539151 6.8077e-18)
(27.746 2.59297 3.29332e-18)
(24.658 1.35572 -1.99692e-17)
(28.2913 0.303007 7.08179e-18)
(25.0509 2.85394 0)
(25.753 1.38997 8.69571e-20)
(28.9914 -0.278808 1.97042e-17)
(24.0928 0.0409937 9.80771e-21)
(27.429 1.79091 0)
(25.3492 2.59835 0)
(22.0105 0.141925 1.67801e-17)
(27.6354 6.40432 -1.7295e-18)
(19.2517 0.00408085 -1.48076e-17)
(19.5936 0.000741279 8.13226e-18)
(27.4006 1.86101 -1.82574e-18)
(26.0712 -4.41355 0)
(22.9466 0.883229 4.38354e-16)
(27.2734 1.92005 2.2431e-18)
(26.6705 2.24971 0)
(23.9287 -5.49309 -5.28996e-18)
(25.3497 0.558259 1.94549e-18)
(26.0813 2.24901 4.56295e-17)
(25.1787 1.03133 6.09047e-18)
(28.7877 0.0511545 1.85984e-17)
(25.5887 0.921498 2.50386e-19)
(20.8717 -3.42151 0)
(27.297 3.02313 4.89665e-18)
(28.7257 2.20968 -1.85215e-18)
(21.308 -2.36012 0)
(26.5762 -0.0936292 7.22653e-18)
(27.0149 4.70365 3.35306e-19)
(28.3358 2.91102 -8.7962e-19)
(22.4497 1.05498 -1.27203e-17)
(20.6742 -1.14983 -2.36491e-17)
(26.9474 3.06408 -1.72355e-18)
(27.6351 2.95292 3.06226e-18)
(25.6044 0.517134 3.70763e-19)
(26.6978 1.23362 -5.0853e-18)
(26.253 -0.135905 -1.03487e-17)
(25.7316 3.26201 -5.7962e-16)
(25.787 3.21299 0)
(25.8043 1.24207 -9.55586e-19)
(28.8157 -2.03696 6.52757e-18)
(25.7597 3.86836 -4.0031e-19)
(21.669 0.0353567 -1.07616e-17)
(26.2539 3.3128 -2.60919e-19)
(25.5492 2.04545 4.12399e-19)
(25.704 2.45184 -2.22127e-18)
(25.6118 1.61607 7.38998e-18)
(26.4748 3.95313 3.15434e-20)
(25.3273 0.397783 0)
(30.7396 -1.86287 -5.3397e-18)
(26.1262 1.52727 0)
(28.4513 2.64063 0)
(29.6017 1.64059 0)
(30.1401 0.714682 0)
(25.0135 2.70293 2.28273e-18)
(26.7975 2.65146 2.0241e-18)
(27.0765 0.28347 -6.59626e-18)
(26.4615 -0.847497 -7.51201e-19)
(28.6838 1.96386 0)
(27.784 0.0499272 -2.5744e-17)
(28.2572 1.64581 -6.2494e-18)
(28.0337 0.20407 2.26384e-18)
(26.2015 0.0665055 4.03238e-18)
(26.6493 3.34796 2.50659e-18)
(15.3093 -2.39862 -3.06055e-18)
(28.6469 2.038 3.79845e-18)
(25.1849 0.0796137 -1.51557e-18)
(25.9051 1.95369 0)
(31.7022 -0.0251048 -1.45745e-17)
(25.5686 1.48736 9.38324e-19)
(22.15 0.460213 0)
(24.5996 0.737886 1.19237e-17)
(25.4561 1.35602 7.19352e-18)
(25.9402 -0.59571 -4.42124e-19)
(27.5901 -2.30631 -5.06055e-18)
(21.1835 0.327076 1.81679e-19)
(26.4201 0.0491249 0)
(28.2062 1.47939 1.87041e-18)
(22.4952 0.318065 -3.6294e-17)
(31.2941 5.05807 0)
(28.2888 -1.2075 3.17039e-18)
(21.638 2.8975 4.52542e-18)
(25.2261 0.680403 2.66769e-19)
(26.4131 -3.27017 2.90163e-18)
(24.5472 0.0796987 -3.75285e-18)
(24.3166 0.651717 0)
(16.4403 -1.93895 1.06192e-17)
(28.7161 1.73788 6.75673e-19)
(26.6896 1.69243 1.40256e-17)
(25.5249 0.36606 -3.8985e-18)
(28.5575 -1.89761 3.87352e-18)
(29.0261 1.59223 4.58121e-18)
(25.6625 0.875469 0)
(19.2367 0.00164365 -1.53908e-17)
(30.0659 -1.33393 -6.74518e-20)
(26.5625 2.03032 -9.48601e-18)
(25.7791 3.35539 -2.02698e-16)
(21.0813 0.00422987 1.34534e-18)
(22.5279 -0.167705 5.7982e-18)
(29.0977 -1.7023 0)
(24.3236 0.842717 0)
(26.8818 -0.618657 -5.97395e-18)
(29.6669 0.850086 -3.82722e-18)
(31.8659 3.43053 -7.77728e-18)
(26.913 3.48353 -1.53039e-18)
(28.5033 -0.828047 3.28751e-18)
(23.1216 -4.13503 0)
(24.1579 3.13322 -1.24664e-18)
(25.9072 2.06536 0)
(29.3521 -0.170188 8.11506e-18)
(25.7113 1.56027 -1.55475e-17)
(31.4545 -0.000854983 0)
(19.629 -0.0053997 0)
(19.3059 0.00628489 0)
(26.1768 0.00580216 0)
(19.3221 -0.00268569 0)
(19.2486 -0.00790315 0)
(27.9505 0.0476849 3.9894e-19)
(31.6496 -0.0170765 0)
(31.3668 -0.00937231 2.17461e-18)
(31.6541 -0.0010173 -2.12033e-18)
(31.5677 -0.00728239 9.08875e-19)
(31.3365 -0.0177586 -9.73187e-19)
(21.9205 -0.0179297 0)
(23.7266 0.0588835 -1.57952e-18)
(24.7957 -0.00207565 0)
(22.9532 0.0337161 -1.73317e-20)
(24.3199 0.02744 1.40927e-18)
(27.2694 -1.86726 0)
(28.6442 -0.489599 6.24881e-18)
(25.2553 0.737011 -1.06822e-17)
(21.2383 0.0301751 0)
(26.6178 0.0279735 4.12661e-19)
(21.7085 0.267364 1.3269e-16)
(28.4585 1.08965 -4.55534e-18)
(25.7547 3.48866 0)
(26.728 0.0448473 0)
(27.5351 0.0502261 1.34687e-18)
(26.2464 1.48759 0)
(25.6365 0.331929 1.26644e-17)
(27.0056 1.40808 -1.1431e-16)
(29.7672 0.432547 -4.65491e-16)
(25.5981 0.377321 7.79689e-19)
(30.0248 -0.855436 5.23462e-18)
(25.9718 2.83359 0)
(26.3811 1.43614 -7.22212e-18)
(25.2618 1.25173 1.55466e-18)
(24.9728 -0.640652 0)
(28.6272 1.2951 -2.17193e-18)
(28.6728 -0.16742 4.75972e-18)
(15.5523 -1.54968 -3.35995e-18)
(25.2961 0.0909517 1.51886e-18)
(28.3164 0.0302877 0)
(29.8022 0.010828 -3.74047e-18)
(27.7652 0.00672163 0)
(28.4332 0.892752 4.42317e-18)
(28.4424 1.91183 -3.85281e-18)
(24.8261 0.074484 6.63442e-18)
(24.1523 0.0239869 0)
(27.1579 -0.301893 8.1471e-18)
(25.7236 3.45591 0)
(25.2365 0.74132 0)
(25.2836 0.036126 0)
(25.6701 0.767068 5.11595e-18)
(27.0781 0.0199108 -9.94234e-19)
(25.3427 0.647249 -6.154e-19)
(22.3593 0.031335 -1.45766e-18)
(25.4268 3.74324 8.26915e-19)
(25.4539 0.563083 1.03125e-18)
(11.5385 -1.99421 -4.12195e-18)
(27.2719 0.0179887 -2.89032e-19)
(26.0287 6.65269 -1.30777e-18)
(25.3302 0.69685 -5.96314e-18)
(27.5185 0.487184 0)
(30.9522 2.09369 -4.07346e-18)
(19.8115 0.0443563 -6.48755e-17)
(28.7653 0.120217 -4.47703e-18)
(26.7473 0.0379159 -1.4111e-18)
(26.4221 1.54691 0)
(27.1794 0.0496824 1.37212e-18)
(28.0588 0.0484671 1.01057e-18)
(21.2082 0.364056 0)
(23.4685 0.0167423 0)
(26.9116 0.0281653 1.08824e-18)
(25.3918 0.512755 -1.9586e-18)
(24.785 0.0506853 -2.08193e-18)
(26.4553 1.57225 1.10388e-17)
(24.3461 0.0152428 0)
(24.5079 0.0263578 4.78841e-19)
(28.1335 0.051 0)
(30.2875 -2.87064 0)
(24.5525 1.93431 3.14468e-18)
(25.3111 1.24264 -1.56306e-17)
(25.0306 0.0354599 1.37441e-19)
(28.617 0.0151092 0)
(28.812 0.385096 4.86111e-18)
(25.389 5.59765 -7.28399e-19)
(26.1064 1.95916 9.22307e-17)
(25.6117 0.0459589 -2.12123e-19)
(27.5168 0.164277 0)
(25.1576 0.0409449 -6.29462e-19)
(25.048 0.050877 -1.48342e-18)
(27.0697 0.0293937 -6.59832e-19)
(26.3594 0.144144 3.01612e-18)
(27.3711 0.0444722 -1.34611e-18)
(25.0807 5.56707 3.56453e-20)
(25.6919 1.58081 -4.03978e-19)
(28.8327 0.660054 1.06127e-17)
(26.5965 0.0403045 -6.65188e-19)
(27.7033 3.54837 1.42997e-18)
(26.1115 0.828274 -3.01043e-18)
(28.5813 1.68075 0)
(25.9464 0.0466856 -6.78625e-19)
(26.901 0.0407278 6.5596e-19)
(25.1727 3.07087 2.60153e-18)
(26.3378 1.40418 2.56066e-17)
(30.348 0.280468 0)
(28.805 0.939526 -3.64329e-17)
(25.4979 0.0409018 1.70732e-19)
(25.7365 3.03919 0)
(26.201 0.0430427 0)
(28.1316 -0.537271 -2.77412e-17)
(25.7862 1.86052 -2.95763e-17)
(26.4429 -0.162823 1.27606e-18)
(27.9587 0.0271271 0)
(24.3784 0.029717 -9.51259e-19)
(26.0603 0.0524797 6.00671e-19)
(25.472 0.700788 0)
(27.8918 3.01727 0)
(26.331 0.0280284 -1.21767e-19)
(27.2868 0.0531799 1.99412e-18)
(31.2759 0.00308795 2.88759e-18)
(27.3741 0.701461 4.8529e-17)
(24.655 3.41387 -2.33435e-18)
(27.5543 0.0298292 9.73142e-19)
(25.8191 0.0591298 0)
(27.7399 0.0335692 0)
(25.6181 0.0336166 2.19473e-20)
(24.1306 0.0461951 -4.74517e-18)
(25.7751 0.278382 0)
(25.3977 0.0753678 1.15762e-18)
(25.976 -1.77996 -1.38406e-18)
(25.4276 1.1308 5.67534e-18)
(28.3678 0.0208184 0)
(16.4388 -0.917137 -5.31134e-18)
(26.1855 1.55764 -2.82655e-19)
(24.4036 3.68712 1.20539e-18)
(28.7398 2.05808 -4.50078e-18)
(27.7226 0.925321 2.59188e-17)
(26.1522 6.28802 0)
(25.9596 -3.22755 1.9951e-19)
(25.4625 0.777013 5.76931e-19)
(24.3584 -3.43887 1.63805e-19)
(31.763 -0.00183776 0)
(26.5769 0.0496714 -2.76425e-18)
(25.9318 0.0672578 0)
(26.3643 0.806759 -1.16434e-18)
(25.0516 -2.72791 0)
(25.8503 0.0317488 0)
(24.7888 2.429 0)
(26.9239 0.273825 1.57317e-17)
(19.6427 -0.00920828 0)
(19.6167 -0.0111527 0)
(29.2969 -1.57015 0)
(27.3888 2.67687 1.09932e-18)
(25.3913 0.717338 -3.5375e-18)
(26.8145 0.247209 -2.54454e-17)
(25.805 0.0863372 6.77536e-19)
(24.6656 0.0614074 -2.50979e-19)
(25.6023 1.48179 8.23584e-18)
(25.5159 0.130248 2.11934e-19)
(25.3909 0.0498981 5.92774e-19)
(27.0391 1.38812 0)
(25.7283 0.0389078 1.88126e-19)
(25.2571 1.31927 1.11171e-17)
(25.5038 0.0586306 -5.93613e-19)
(19.2434 0.00278755 0)
(29.4325 -0.00947216 0)
(27.3551 0.144189 -1.00088e-17)
(24.2737 0.299073 -7.82729e-18)
(31.3308 0.0314019 0)
(26.3412 0.0363379 5.5704e-19)
(24.0718 0.221331 -1.19544e-17)
(28.5553 2.49231 3.4233e-18)
(28.2604 0.053654 -1.10401e-18)
(26.4738 1.33778 1.82401e-17)
(30.2126 0.0979456 9.6119e-18)
(26.6629 0.286902 0)
(26.0763 0.0397644 -6.51829e-19)
(25.2864 0.0659151 -1.1557e-18)
(26.8859 2.4142 -3.38593e-18)
(27.3628 0.381971 -4.93994e-18)
(26.4461 0.122665 0)
(24.6373 0.642811 -7.16009e-19)
(26.208 0.0324075 -5.25814e-19)
(30.2232 4.09487 0)
(25.8641 2.66463 -3.45309e-20)
(25.4302 0.222746 3.98849e-18)
(28.2188 2.35736 -1.03922e-19)
(28.379 2.84442 0)
(26.5314 0.238376 0)
(24.8461 1.28263 1.40382e-16)
(31.623 1.37588 0)
(24.9375 0.0585829 -5.79604e-19)
(26.1265 -0.464601 0)
(25.4559 0.512335 -4.80661e-18)
(23.5382 0.272797 -2.84458e-17)
(25.7012 0.0763624 0)
(28.4991 -3.15843 5.02237e-18)
(21.6855 -4.0255 0)
(29.7011 -1.22471 -4.04861e-18)
(26.5601 0.275119 7.83952e-18)
(23.8905 0.0386261 8.62528e-18)
(25.218 0.591207 -2.58733e-18)
(25.6976 0.111592 7.11619e-19)
(27.6892 0.963441 -3.81348e-17)
(25.8431 2.40907 -8.89363e-17)
(27.8594 0.0505241 0)
(27.3834 0.678687 9.49096e-18)
(25.6115 1.16846 0)
(25.768 -0.180886 -3.59332e-19)
(27.2759 1.29109 0)
(24.2489 0.0339646 -6.53064e-18)
(27.0726 -2.65174 4.86562e-18)
(25.4644 0.254733 1.86814e-18)
(28.4664 3.28044 0)
(24.8221 -5.71441 0)
(27.3238 0.966324 2.20706e-18)
(26.827 -1.64666 1.27361e-17)
(24.9018 0.0422118 2.41648e-18)
(25.7827 5.3702 1.75091e-18)
(26.3164 0.0665607 3.96448e-18)
(29.724 -0.0803146 -4.37314e-18)
(25.1636 0.982143 2.93764e-19)
(24.1662 0.458037 -1.68009e-17)
(26.5666 0.0384624 -2.56698e-18)
(27.4518 0.00969398 -4.71875e-18)
(27.2147 1.20104 5.31202e-18)
(27.4063 -1.96387 0)
(25.7276 0.702661 0)
(25.7998 0.0227732 0)
(25.6391 0.921305 -1.27888e-18)
(27.0829 -3.05454 0)
(26.4199 0.0711086 5.20707e-20)
(27.2843 3.67982 -1.80902e-19)
(27.6953 -0.880592 6.9175e-18)
(25.6321 2.79093 -4.04735e-19)
(31.1372 2.51851 0)
(27.6012 0.0467029 -5.5955e-18)
(26.4891 0.0294123 5.14086e-19)
(28.6005 0.0437719 0)
(27.0941 1.43609 -1.71414e-17)
(27.8589 1.43405 2.56396e-17)
(25.9702 1.43065 0)
(29.9854 0.10991 -1.37625e-17)
(25.8865 -2.77758 0)
(28.4313 0.0458694 0)
(25.6961 0.615856 -4.33195e-18)
(29.545 -1.87415 0)
(24.6076 -5.11349 -3.12032e-18)
(29.4896 0.0104774 0)
(25.4056 0.717133 2.26151e-18)
(31.6184 0.0226994 -1.50877e-18)
(29.6927 -1.17918 1.99569e-18)
(27.4636 -1.93273 -4.22593e-18)
(24.1569 0.320605 1.75654e-17)
(25.8566 -2.20954 6.45905e-19)
(25.777 0.0253326 0)
(31.5116 1.58263 -4.45357e-19)
(27.4025 -0.472788 1.04094e-17)
(27.6322 0.149287 1.67203e-17)
(25.1133 1.41785 -1.41408e-18)
(25.6058 0.145992 3.36745e-19)
(26.9371 1.62373 -3.18529e-18)
(24.6069 1.78781 1.17441e-17)
(30.4636 2.25188 -1.73935e-17)
(26.0935 0.0772855 -7.71604e-18)
(25.7592 2.67036 0)
(26.1159 -1.77926 -1.34268e-18)
(31.7624 0.000158043 0)
(25.7146 3.17992 0)
(24.0137 0.0310801 2.94714e-18)
(24.6013 0.117912 1.50402e-17)
(24.2153 0.225685 -1.06336e-17)
(28.5333 0.432454 2.97794e-17)
(25.4795 1.81819 0)
(26.541 1.15331 -6.90167e-19)
(25.9733 2.80283 0)
(30.6006 3.95118 7.50848e-18)
(27.5417 0.114888 -1.77036e-17)
(28.6883 0.196905 3.08168e-17)
(26.7495 1.78156 7.39806e-18)
(29.9488 1.12389 -6.25371e-18)
(25.294 0.420461 4.53994e-18)
(28.3404 -2.01966 0)
(25.1448 -2.26663 0)
(28.1654 0.0413705 6.47372e-18)
(25.6105 0.312964 -4.30299e-18)
(27.186 0.967041 1.15516e-17)
(25.5107 2.16424 -5.81919e-19)
(22.9219 0.0173506 3.12201e-19)
(25.6163 -0.0277061 -1.14033e-18)
(26.9507 0.746161 0)
(24.8257 2.79422 1.21483e-18)
(26.5852 3.69152 4.81583e-19)
(26.2068 0.0932652 4.00096e-18)
(27.1855 0.378084 0)
(28.6882 0.295061 1.01393e-16)
(27.898 1.82227 6.68445e-18)
(25.3178 -2.96753 0)
(19.2797 -0.00572855 0)
(25.8757 1.18268 0)
(24.628 0.0281464 0)
(24.5837 0.507799 7.32219e-18)
(24.4822 0.350772 -8.6161e-18)
(27.751 -1.39513 0)
(19.5734 -0.00172277 0)
(28.5235 0.0186633 1.49913e-18)
(24.4351 0.148073 -1.11262e-17)
(27.1028 0.444044 9.56008e-18)
(28.6392 2.27801 0)
(26.1724 0.186113 -5.25722e-18)
(24.2982 0.39398 -9.12288e-18)
(29.2818 0.078356 1.73084e-18)
(26.6744 0.948294 -3.16847e-18)
(28.3076 -2.36684 0)
(27.109 -2.33077 -6.81019e-19)
(25.9629 0.105263 -1.27049e-18)
(28.4825 -1.07849 1.28759e-18)
(15.778 -1.29467 0)
(26.0593 0.184242 -6.65481e-19)
(25.5339 0.211405 -9.59832e-19)
(28.5014 2.52706 2.04018e-18)
(30.3005 0.00567251 -4.44135e-19)
(26.6886 6.33358 0)
(24.701 0.0190859 0)
(31.4059 -0.0128739 2.76219e-18)
(27.3327 -3.64344 5.373e-18)
(26.6807 0.2743 0)
(24.2729 0.181821 1.7089e-17)
(30.2484 -1.09653 0)
(27.8802 2.0484 1.04874e-17)
(25.7716 2.93229 0)
(26.5158 -2.02522 0)
(25.6032 0.0980475 -2.31186e-19)
(21.8196 0.675251 1.40536e-17)
(25.2687 1.8521 -3.44126e-18)
(25.9458 -2.93797 0)
(25.7649 3.19052 0)
(24.8825 1.56796 2.79439e-17)
(25.7325 1.58125 4.95753e-18)
(25.6604 2.02125 1.90388e-18)
(25.9384 0.219003 2.96588e-18)
(25.6315 0.555038 -3.33694e-18)
(19.8009 0.0101507 -3.11159e-17)
(26.9477 3.68304 7.56538e-19)
(27.5304 0.066967 1.67698e-18)
(23.9378 0.277684 -3.21211e-17)
(25.5216 1.46709 0)
(28.7485 0.473054 6.90143e-17)
(25.3943 0.229328 4.04639e-19)
(26.538 1.93469 3.64964e-18)
(22.2441 2.4883 2.46509e-18)
(25.2505 0.780849 7.02853e-18)
(25.2233 1.14285 9.01108e-18)
(25.8758 2.32362 -7.11406e-17)
(26.7207 0.822839 -7.0765e-18)
(27.6155 6.32823 0)
(22.68 -0.0251307 -5.11803e-18)
(27.3416 -2.31289 1.35031e-17)
(25.6094 1.46658 0)
(26.0699 0.120533 -3.38129e-18)
(27.8363 -2.53962 -8.72105e-18)
(27.8202 0.157601 6.84924e-18)
(25.4092 0.36244 0)
(26.5272 0.1278 6.40461e-18)
(28.46 0.102905 -1.93245e-18)
(24.3039 0.124095 -6.88894e-18)
(25.368 4.72669 -6.56574e-19)
(29.9557 -1.46746 -5.13372e-18)
(30.0429 0.369915 0)
(25.9574 0.0331028 0)
(22.936 0.769586 0)
(20.5911 -2.86534 1.01493e-17)
(25.2841 1.847 0)
(27.8335 0.276432 0)
(24.1163 1.06337 5.57221e-18)
(23.4881 -1.39763 4.14479e-18)
(20.9297 -0.0049429 5.20973e-18)
(28.9668 0.051457 0)
(26.9861 0.246251 1.40813e-17)
(25.3026 0.723162 -3.99261e-18)
(23.098 0.233765 0)
(29.0223 -1.28308 -1.88735e-17)
(24.9864 -1.25365 5.26408e-18)
(24.1624 2.41547 -1.23344e-17)
(24.7389 -0.293983 -7.06707e-18)
(29.0811 1.91659 1.97078e-18)
(24.7169 1.07098 1.91072e-17)
(26.5969 -2.41807 0)
(26.4807 0.19713 0)
(25.7202 1.99749 4.34493e-20)
(25.9974 2.06235 -1.73735e-18)
(26.2776 2.03765 8.0345e-19)
(25.8311 0.0247673 0)
(25.2451 0.0350825 0)
(27.773 2.2911 0)
(25.1111 0.82805 2.67092e-18)
(27.583 0.405371 0)
(27.0616 3.7963 0)
(24.1017 0.141767 6.76281e-18)
(29.2535 1.72433 0)
(25.7335 -0.435184 4.26862e-19)
(25.7864 1.54802 6.96169e-19)
(25.8464 0.13551 2.81794e-18)
(23.7873 -2.17481 8.70673e-18)
(24.7756 0.179395 3.96171e-19)
(25.6501 1.9062 -4.83313e-19)
(25.2765 0.875458 1.95134e-18)
(25.1373 0.67685 -4.97265e-18)
(25.1675 1.89978 1.52112e-17)
(27.7184 1.23714 -2.65909e-18)
(25.3442 0.707391 0)
(25.6316 2.88263 0)
(24.6399 1.23534 0)
(25.8221 2.98062 0)
(26.7702 1.11787 0)
(25.47 6.36376 0)
(29.5753 0.147545 -1.24312e-17)
(27.3211 1.05547 2.04698e-17)
(27.5071 -2.1268 4.03035e-18)
(23.3809 -5.21853 -2.59778e-18)
(26.7585 2.87671 7.28753e-19)
(22.6147 2.49677 0)
(26.1499 0.200688 -3.34431e-18)
(24.9152 3.48099 2.05721e-18)
(25.187 0.832851 -3.24426e-19)
(24.5646 0.25113 0)
(29.3188 1.40816 2.69473e-18)
(25.6595 2.27 0)
(27.0127 0.0355473 3.67729e-18)
(27.0029 1.18389 -1.07895e-16)
(25.2504 1.12879 -1.02193e-17)
(24.6573 0.284189 0)
(25.9355 0.153918 0)
(19.6136 0.0290831 0)
(31.3509 0.025629 0)
(31.6723 -0.0205429 0)
(19.2412 -0.0418919 0)
(25.3973 0.714602 0)
(26.5732 1.21978 -1.63825e-17)
(21.5033 0.0203611 -2.15881e-18)
(30.1178 0.0254701 6.30589e-18)
(30.2495 -0.7282 5.82325e-19)
(28.1236 0.498248 4.33986e-17)
(28.8456 1.3546 2.90817e-18)
(27.465 2.70261 0)
(26.3795 -2.06444 5.9125e-18)
(25.4683 1.5974 -1.02152e-17)
(25.7327 0.0297353 0)
(27.4337 0.640406 -3.69296e-17)
(26.2068 1.60785 -7.48828e-18)
(24.0259 0.184906 -5.01674e-18)
(26.9866 0.0216873 4.95877e-18)
(28.4288 0.1126 0)
(25.6397 1.5798 7.95848e-18)
(27.1208 0.367046 1.89741e-17)
(27.9416 1.68408 3.20384e-18)
(24.475 1.1442 -8.12107e-17)
(25.5375 2.12586 0)
(24.2362 0.0287604 0)
(26.8043 0.995096 -2.65456e-18)
(31.4103 0.0225417 1.80727e-18)
(26.1363 2.32375 -5.60174e-16)
(27.3581 0.209747 0)
(25.5209 0.397394 4.50659e-18)
(28.0204 3.10812 0)
(25.9924 1.96808 -1.68382e-17)
(25.6146 2.11999 0)
(26.1827 -0.831346 -1.68401e-18)
(22.3938 4.92195 0)
(25.747 0.175289 0)
(25.574 0.333528 9.93047e-18)
(27.4293 0.359109 0)
(26.5946 3.09739 0)
(27.4963 0.0100891 8.98221e-19)
(28.0525 0.281933 -2.90912e-17)
(24.9983 1.27407 -4.25266e-18)
(25.518 0.809994 -1.38867e-18)
(26.8379 5.14781 -3.50141e-19)
(21.2994 2.73418 2.21023e-18)
(27.6899 0.188995 -6.8407e-18)
(27.5081 0.705871 -5.23006e-17)
(24.3518 0.453628 7.517e-18)
(23.0593 -0.0822992 -2.36078e-17)
(25.7954 2.97415 0)
(26.1266 4.61852 -6.73427e-18)
(25.3473 0.798024 -6.73675e-19)
(25.4832 1.05448 -7.90632e-19)
(16.7253 1.66034 0)
(25.7158 0.927383 0)
(25.3733 1.79812 6.02541e-17)
(24.229 -0.114053 2.51652e-17)
(16.9023 1.49154 8.30118e-18)
(24.4807 -3.25056 8.58806e-19)
(25.3577 0.926261 0)
(25.6975 1.17135 0)
(31.3976 0.00950309 0)
(16.0231 1.58707 -3.46301e-18)
(14.7903 -1.44513 -1.01006e-17)
(24.5047 1.60004 1.42284e-16)
(29.9666 0.981807 4.24858e-18)
(28.6529 -1.76005 1.36382e-17)
(24.9664 0.176294 4.56635e-19)
(30.3213 -0.841485 -9.30614e-18)
(15.5863 2.2253 -2.34162e-18)
(16.9772 2.18542 6.60048e-19)
(30.0778 1.59217 0)
(16.8151 -4.19365 0)
(24.7257 1.88498 0)
(30.667 -2.71434 0)
(17.1306 -0.883634 0)
(18.5455 0.928234 3.74373e-18)
(25.6035 -5.27393 -1.85443e-18)
(16.6723 1.92484 -8.13298e-19)
(28.7232 1.98761 3.60594e-18)
(29.1253 -0.113694 9.92403e-18)
(29.7516 5.28522 0)
(27.216 0.86567 -3.14576e-17)
(16.3069 2.14817 -8.00815e-19)
(15.899 2.08237 0)
(23.4532 0.439809 -3.67895e-17)
(12.2104 1.84098 0)
(27.2761 0.227094 1.6682e-17)
(17.8382 0.855087 4.19454e-18)
(24.7519 0.22565 -2.04563e-18)
(26.7816 -3.9181 8.37118e-19)
(14.8239 2.25555 0)
(16.843 1.22213 -4.25163e-18)
(25.8315 0.188976 9.34621e-19)
(12.8986 1.93852 -1.88397e-18)
(22.2294 -2.80114 7.25813e-19)
(25.4304 0.619584 0)
(28.0645 -2.06077 0)
(27.2911 3.19811 0)
(16.8682 1.33228 0)
(17.4172 1.19741 4.8257e-19)
(25.4171 0.0331081 0)
(20.8492 -2.47042 4.95651e-18)
(29.487 1.52316 3.66804e-18)
(17.3105 1.30963 0)
(23.8824 -0.517764 -3.03804e-19)
(24.1042 3.44893 2.59126e-18)
(25.5128 0.571484 0)
(28.1837 1.32542 1.79044e-18)
(29.2736 5.04252 5.90777e-18)
(17.6822 1.29398 2.49736e-18)
(25.9247 1.61446 -3.55796e-17)
(27.4573 -1.45992 0)
(17.3341 1.02332 -3.52868e-18)
(19.6635 -0.127429 -5.03432e-18)
(17.3815 1.15141 8.36585e-18)
(16.8368 1.38125 3.55628e-18)
(16.2789 1.43447 -3.92258e-18)
(16.0921 2.49484 0)
(17.1757 1.45579 0)
(16.4947 1.97252 2.44954e-18)
(17.8251 1.2283 4.47769e-19)
(19.6527 -0.255814 5.15585e-18)
(26.0442 2.9105 0)
(18.2046 0.657671 0)
(16.7084 1.80376 3.84776e-18)
(18.2432 0.152177 0)
(15.6326 2.39719 5.65095e-19)
(16.9101 1.24206 3.19773e-18)
(19.991 0.251053 -1.3544e-19)
(25.4234 0.696791 0)
(17.8545 0.715475 -5.95334e-19)
(28.7989 1.99237 -5.37756e-19)
(17.7715 1.17069 0)
(25.8586 3.72731 1.20434e-19)
(24.7196 1.12359 1.08902e-17)
(17.1442 1.40265 0)
(19.7443 -0.383973 5.20253e-18)
(15.7117 2.40396 -1.45722e-18)
(16.9804 2.14304 2.38946e-18)
(25.1385 0.644426 7.08883e-18)
(19.4926 0.491327 0)
(14.3304 2.38967 -5.65765e-19)
(23.4228 -3.89786 -4.32437e-18)
(29.9115 1.02974 -3.38546e-18)
(14.1539 2.38274 -9.41456e-20)
(19.5813 0.0979725 7.99702e-20)
(18.5677 0.597016 4.40666e-18)
(17.1518 1.04854 0)
(26.3106 0.162557 2.25985e-18)
(26.8575 3.72921 -1.48789e-18)
(24.5492 1.5994 0)
(17.2642 0.910669 0)
(31.1127 3.51723 0)
(27.8187 -1.15385 0)
(25.4933 -2.0175 -2.53104e-18)
(22.5677 1.39375 6.83806e-18)
(27.1118 0.292926 -1.69128e-17)
(17.7015 0.805518 4.48091e-18)
(25.5354 -4.97673 1.75778e-18)
(23.4359 0.145215 2.13925e-17)
(28.9658 -0.976666 0)
(14.5713 2.28262 -1.22942e-18)
(18.6516 0.0172995 -5.9333e-18)
(14.2394 2.3089 2.15732e-18)
(25.678 0.213854 -5.10732e-18)
(29.3688 -0.623781 -2.22082e-17)
(14.0942 2.40576 0)
(30.0803 0.468712 0)
(23.7947 0.0511796 8.40407e-19)
(19.7744 -0.511173 -4.95869e-18)
(25.7327 0.233037 -2.24597e-18)
(26.1869 5.12447 6.82096e-19)
(25.0481 0.590677 4.85046e-18)
(27.0215 -2.65609 4.22387e-19)
(27.0406 0.326848 0)
(25.7935 0.165364 0)
(27.9493 0.34625 0)
(23.1505 -1.49445 1.09151e-17)
(13.7648 2.3075 -3.44125e-19)
(24.6396 0.204174 6.97e-18)
(22.786 -0.553858 0)
(26.088 2.10539 5.82893e-17)
(29.0985 1.67692 -5.30025e-19)
(19.6524 -0.0666611 -4.98296e-18)
(16.8019 -4.07676 2.1264e-18)
(27.0723 0.102637 4.77442e-18)
(29.6392 0.831272 2.2039e-17)
(20.752 -2.62982 5.78714e-18)
(26.6931 1.10454 5.26355e-17)
(25.2294 0.751967 3.4456e-18)
(28.1881 2.66858 0)
(12.713 2.24229 5.04598e-19)
(29.3277 1.39206 -5.01714e-18)
(25.1789 0.0311739 0)
(28.4224 0.724185 0)
(26.9943 1.08413 -1.64553e-17)
(25.6504 0.281453 2.19424e-18)
(26.5268 2.53723 -1.04277e-18)
(25.4597 1.25904 1.08751e-18)
(21.5875 -1.44997 -6.51093e-19)
(27.0705 6.20908 -4.4912e-18)
(25.6051 0.259814 5.28794e-18)
(16.678 -4.19947 4.58247e-18)
(25.8011 1.95716 1.45645e-17)
(25.5746 0.748973 -9.07804e-19)
(28.4099 -1.90489 5.46338e-18)
(26.2327 0.143681 -1.01564e-17)
(13.2404 2.34503 8.58075e-19)
(23.9664 0.234425 9.9914e-18)
(19.8412 -0.823619 5.03886e-18)
(12.6781 1.97676 0)
(29.7079 0.533819 1.37418e-17)
(25.7913 2.63203 4.72853e-17)
(21.17 -2.10646 4.59678e-18)
(18.3116 -4.23566 -3.06931e-19)
(24.677 -2.57781 4.58485e-18)
(23.2346 0.0525399 9.85371e-18)
(27.0289 1.22828 1.42028e-16)
(25.4434 1.68608 0)
(31.8952 2.81869 1.52322e-17)
(19.4506 -3.96685 2.87924e-18)
(27.2594 1.00244 -8.07995e-17)
(21.6165 0.027734 -9.59797e-18)
(26.1426 0.673298 1.9269e-18)
(25.3988 0.679834 -1.08359e-18)
(29.9421 -1.09555 0)
(23.4138 -0.506962 2.23646e-17)
(27.4505 -1.78802 2.60412e-18)
(25.9961 0.331982 4.77235e-18)
(23.4335 0.234734 -2.05515e-17)
(26.8775 0.826847 0)
(20.2093 -1.99967 -1.29837e-18)
(17.3196 -4.21121 -1.58579e-18)
(19.7211 -0.715779 -1.11802e-17)
(23.8804 2.70958 -5.59697e-18)
(30.3368 0.935298 1.65299e-17)
(27.8198 -1.79531 -7.90608e-18)
(29.8956 0.0329217 -1.42978e-17)
(26.905 0.778219 1.84193e-18)
(17.9869 -4.28988 -1.19402e-18)
(27.4186 0.83268 6.23529e-17)
(19.9607 -3.96169 -4.6822e-18)
(25.3062 0.815005 0)
(18.7478 -4.22229 -3.16656e-19)
(21.4671 -1.93174 9.04979e-18)
(18.6316 -4.13928 0)
(20.6913 -2.86036 0)
(25.1184 0.522297 0)
(20.2755 -3.27378 -1.74378e-19)
(28.2469 2.95978 -8.1274e-19)
(26.3776 0.253545 -5.2191e-18)
(23.0461 4.43359 0)
(20.5336 -3.0543 5.09345e-18)
(23.671 -2.75378 2.24855e-18)
(27.1139 -2.98495 2.54222e-18)
(26.8299 0.31744 -5.94436e-18)
(11.9925 1.80744 3.91208e-18)
(25.3207 0.98944 -8.46733e-19)
(19.8345 -3.67703 3.16628e-18)
(20.0356 -3.42558 3.11376e-18)
(14.0411 -1.29432 -5.73175e-18)
(25.4257 0.351984 -4.27866e-18)
(16.3185 -4.01301 -2.77377e-18)
(24.8248 1.50002 0)
(17.8754 -4.34929 9.45065e-19)
(28.7155 -4.01674 0)
(25.1441 0.456803 7.68451e-19)
(26.3574 -2.26051 0)
(18.9423 -4.1378 -3.56751e-19)
(24.8725 3.02148 -1.62004e-18)
(26.4231 -2.32898 -1.23442e-18)
(28.5489 0.0301025 0)
(12.0125 2.05456 0)
(23.1503 3.78515 0)
(22.6724 2.85735 -4.32046e-18)
(29.6228 -0.322525 0)
(19.0246 -1.20653 0)
(26.1885 3.77074 -1.2024e-18)
(27.5849 1.43075 5.07324e-18)
(29.9764 -0.897835 9.9071e-18)
(25.518 1.48185 -1.67137e-17)
(25.5481 0.307347 -7.10747e-18)
(27.2617 0.50079 0)
(29.8593 -0.00620837 4.2366e-19)
(30.4199 -2.01628 4.28346e-18)
(30.6837 -0.0927856 7.54482e-18)
(23.0988 -3.28655 6.00836e-19)
(29.1934 -2.02982 -6.12506e-18)
(25.4134 0.889562 -2.32465e-18)
(27.2501 -2.23628 -1.96921e-18)
(15.7669 -3.71462 -8.02308e-18)
(30.125 -0.189089 7.72477e-18)
(15.5896 -3.85563 -9.0416e-18)
(24.642 -1.32748 -4.60132e-18)
(24.1667 0.417867 -1.27557e-17)
(26.8668 0.52921 -7.07198e-19)
(25.4323 -0.075848 2.09134e-18)
(23.8463 2.48765 7.18521e-18)
(28.9413 5.63594 -7.58052e-18)
(25.1742 0.389311 1.55902e-18)
(25.4341 0.735051 5.02969e-18)
(26.1445 -2.3955 -4.0289e-19)
(27.9281 -0.703952 -5.26707e-18)
(27.8855 0.585242 0)
(27.8337 2.12399 -4.47138e-18)
(25.9926 1.66948 3.43925e-17)
(27.0421 0.962608 9.53764e-17)
(25.8027 1.64179 -1.09717e-17)
(24.914 0.397186 6.57453e-18)
(25.0602 0.540992 -4.45808e-18)
(27.2392 -2.97662 5.73604e-18)
(12.2089 1.75438 1.77725e-17)
(25.34 1.15989 -2.58483e-18)
(22.6896 3.06656 -5.94124e-18)
(28.0498 -1.58806 -2.19294e-18)
(27.7675 0.0370197 0)
(30.0947 -0.00676876 -2.70439e-18)
(25.4981 0.738412 5.44726e-18)
(15.5349 -3.56662 0)
(26.6901 0.285085 -9.15237e-19)
(25.4241 1.33127 3.77835e-18)
(27.3342 -2.9146 6.46495e-18)
(24.8749 0.311157 0)
(25.4359 1.89048 1.99784e-18)
(20.8424 -2.93217 -2.01793e-18)
(25.4917 1.70377 1.02246e-17)
(9.97419 1.44945 1.82679e-17)
(25.1214 5.40514 3.6489e-19)
(27.6497 1.33233 0)
(26.0451 -1.59037 5.52092e-18)
(27.7556 2.38455 -3.04951e-18)
(25.0846 1.62353 0)
(25.0532 0.477648 0)
(25.4081 1.91826 -6.05249e-17)
(29.6365 1.50684 -7.09363e-18)
(27.3198 0.825358 -3.09856e-17)
(26.8513 1.02891 -2.22328e-17)
(25.4153 0.680142 4.46171e-19)
(26.4067 0.246126 0)
(27.9305 0.0275433 -1.04279e-17)
(24.8688 0.527401 -1.19473e-17)
(26.2795 2.20082 -3.47358e-18)
(25.091 0.418785 -2.62083e-18)
(27.4072 -2.69885 4.31185e-18)
(23.7056 0.0689625 -8.59206e-18)
(24.6769 0.491696 4.63872e-18)
(25.3815 1.39137 1.7141e-17)
(25.4076 0.72114 0)
(25.2436 0.480192 -1.17874e-18)
(12.4191 1.44124 -8.59784e-18)
(25.7811 1.69973 2.04011e-17)
(27.4382 -4.595 1.36475e-18)
(25.801 2.81901 0)
(16.512 -0.944462 1.1247e-17)
(24.0287 1.57343 0)
(27.7873 0.266994 0)
(28.1207 0.0868656 0)
(12.8498 -1.76617 -8.739e-18)
(27.0894 -3.27087 0)
(24.3939 1.21376 1.04843e-16)
(26.9016 4.37621 -3.86066e-18)
(25.0789 1.50657 -5.2139e-17)
(25.2976 6.87185 8.19017e-18)
(27.4209 2.80846 -2.44726e-18)
(24.7763 1.01312 -3.14771e-17)
(23.9106 0.0808566 2.13427e-18)
(26.355 1.38311 -5.26187e-17)
(14.8622 -3.28738 0)
(25.2253 0.88306 -7.62312e-18)
(24.2498 0.697128 0)
(28.0162 1.6155 6.85289e-18)
(25.5168 1.59872 -1.74883e-18)
(14.7722 -1.08767 4.84542e-18)
(25.4375 1.41512 -7.37605e-19)
(27.6598 1.96182 -2.11675e-18)
(30.1006 -0.861225 6.71033e-18)
(24.9158 1.76536 0)
(27.0423 2.81088 2.71529e-18)
(25.0893 0.833246 -1.06766e-17)
(25.0223 3.12694 -2.84532e-18)
(21.6101 0.00032536 0)
(31.7176 0.0107012 -7.18487e-18)
(27.8674 2.67858 1.04848e-19)
(29.0264 0.669055 0)
(26.9064 -4.51853 -1.29204e-18)
(26.6333 -4.19515 0)
(26.6123 0.259946 7.48769e-18)
(25.1649 0.224501 2.40746e-18)
(26.4829 3.17393 0)
(13.9137 -2.5121 2.07543e-17)
(22.3034 -2.20622 9.88642e-18)
(24.556 -1.37833 -5.42077e-18)
(27.7965 -2.22463 -5.64687e-18)
(29.7693 2.11513 0)
(27.3371 -1.46133 -2.05571e-18)
(24.141 0.265457 1.45761e-18)
(29.332 1.56584 0)
(25.1746 -0.151366 -1.34436e-17)
(25.3983 0.344969 -5.31594e-18)
(14.6135 -2.98663 -1.74964e-17)
(25.6721 2.62901 3.48195e-20)
(27.4687 0.244562 -2.78409e-17)
(25.3675 1.24138 -3.06727e-18)
(17.9934 -1.33918 0)
(24.8331 1.63699 0)
(25.0562 1.48532 -1.85645e-18)
(26.3695 -0.553053 6.68908e-19)
(25.1949 1.48534 4.85053e-17)
(25.8996 1.62705 -2.83814e-18)
(27.547 2.19388 1.35626e-18)
(26.1937 -2.82306 -5.81883e-19)
(24.4662 0.296065 6.58734e-18)
(27.7022 6.09971 0)
(27.5374 0.304955 0)
(17.088 -2.9008 3.97998e-18)
(28.8323 0.102958 -8.55634e-18)
(26.3373 1.54373 1.34835e-18)
(14.5985 -1.34708 -5.96683e-18)
(26.6381 1.58515 6.38808e-18)
(27.0239 -2.95483 -3.82112e-18)
(25.2758 3.95172 -1.17289e-18)
(27.7261 0.0397616 1.06822e-19)
(29.2298 -1.49555 -1.20333e-17)
(25.2627 -5.93871 3.59897e-18)
(26.0391 0.141425 0)
(26.5325 -3.54959 -2.69944e-18)
(24.5981 0.33589 -6.57793e-18)
(18.2596 0.615005 8.96412e-18)
(25.8597 1.02967 4.33256e-18)
(27.3659 0.27836 0)
(23.7264 2.13484 -8.89352e-18)
(28.3031 1.25993 -1.79258e-18)
(27.7768 0.219684 9.18144e-18)
(31.1213 -1.10088 -2.93718e-18)
(25.5494 1.09515 5.21901e-19)
(28.2226 0.891293 6.30612e-18)
(25.22 1.59345 -7.04416e-17)
(21.4532 0.110723 7.57261e-18)
(25.3202 1.4411 -1.79778e-17)
(26.2448 2.00093 -1.16571e-16)
(24.8719 0.895074 -2.32208e-17)
(26.9419 -0.128945 4.91415e-18)
(30.0529 0.923486 0)
(26.6165 0.165543 6.14511e-18)
(24.6721 1.67006 2.26735e-18)
(28.1907 0.54277 0)
(26.09 -0.239766 3.81292e-18)
(27.2075 2.53872 -3.66875e-18)
(26.9489 0.172959 1.15914e-17)
(15.6526 -1.22593 0)
(25.3548 1.49526 1.31189e-17)
(30.6124 -0.270713 -7.6663e-18)
(28.0697 -1.04755 2.59999e-18)
(14.6812 -1.41854 -3.36296e-18)
(23.0614 0.155961 -2.59514e-17)
(24.9099 0.853706 2.34142e-17)
(21.5647 0.126185 3.53418e-17)
(27.0154 0.929006 -5.99081e-17)
(26.6574 0.092983 2.97439e-18)
(28.3786 -0.409336 1.56247e-18)
(27.2064 0.66748 0)
(26.2471 2.80479 1.54169e-18)
(23.3652 0.114215 -6.51428e-19)
(28.5817 4.53579 -1.6267e-17)
(26.8282 1.01637 2.3877e-17)
(25.3271 1.07484 1.44841e-18)
(28.5178 0.138602 0)
(26.9529 1.34737 0)
(24.2031 -0.497363 -7.18737e-18)
(26.7153 1.33741 1.59041e-18)
(27.0622 -5.38835 8.44875e-19)
(24.831 0.360947 0)
(28.5488 0.636496 -1.70986e-19)
(27.0161 2.52432 4.12486e-18)
(15.1484 -0.909553 -6.15366e-18)
(26.4467 2.88359 0)
(26.7566 1.43081 3.68921e-18)
(29.4939 0.985669 6.54835e-18)
(28.3164 -0.218032 2.10378e-17)
(25.4393 0.664494 0)
(25.3243 1.21224 0)
(27.3695 2.20595 -4.50393e-20)
(25.58 1.71488 4.31911e-18)
(25.3289 1.53253 2.3941e-17)
(26.862 0.156498 -6.13506e-18)
(26.7972 -1.63299 1.68525e-18)
(26.4659 4.30778 3.44237e-18)
(28.7139 1.62151 8.87305e-18)
(26.8155 0.351201 -2.89319e-18)
(25.2412 1.66247 1.25361e-18)
(22.9749 0.311364 -5.67808e-18)
(25.043 0.883351 2.17644e-17)
(25.6115 0.708598 0)
(26.7354 -0.508461 0)
(26.6327 1.43771 -5.22103e-18)
(28.3682 1.99003 -5.00923e-18)
(25.8309 1.09797 -3.339e-18)
(22.9294 1.69342 0)
(27.9934 1.28918 1.55667e-18)
(21.5348 -2.62259 0)
(29.6183 -2.56921 0)
(28.5929 5.39902 4.69828e-18)
(23.7811 3.87265 0)
(28.1938 3.0401 -2.52398e-20)
(26.2392 1.86674 4.38808e-19)
(25.1091 0.74955 4.37055e-18)
(22.039 -4.03051 0)
(16.1279 -1.1956 0)
(29.6799 -2.32511 4.08527e-18)
(13.2683 -1.86477 2.13429e-18)
(27.9863 0.229243 0)
(25.3144 0.983272 -5.26107e-18)
(22.8155 -5.1622 -5.54638e-18)
(26.553 2.80146 0)
(29.0407 -2.5792 0)
(31.2725 0.629986 -9.86484e-18)
(25.6809 1.06764 -1.64227e-18)
(11.1609 -1.98337 0)
(14.5682 -1.17868 4.55915e-19)
(17.8485 -0.626817 1.01459e-17)
(26.6542 1.66989 5.31977e-18)
(25.9237 -0.113499 -3.08065e-18)
(26.7609 -3.08818 2.95289e-18)
(25.3268 0.820603 4.90982e-18)
(29.3699 4.62504 -1.34313e-17)
(29.9684 -0.947768 -2.7076e-19)
(29.2124 2.49619 7.78621e-19)
(20.2448 -2.3975 9.43295e-18)
(25.0386 0.780695 -2.89141e-18)
(18.2554 -0.489995 0)
(25.5896 1.50176 0)
(23.7237 0.419181 0)
(25.5461 0.7177 0)
(15.3548 -1.0423 0)
(18.0153 1.0385 -3.86783e-18)
(23.3481 0.0227762 0)
(15.4832 -1.28376 -2.19546e-19)
(18.6068 -0.220143 0)
(23.2696 0.0307118 -4.51331e-18)
(25.3939 1.47194 -9.33289e-18)
(28.1726 4.52608 9.20703e-18)
(15.7166 -1.04543 -6.67152e-19)
(15.3865 -1.02887 5.07006e-18)
(25.5424 0.640411 2.09902e-18)
(17.7545 2.51848 0)
(30.0483 -1.0043 -9.69691e-18)
(15.7969 -0.698532 -6.07418e-18)
(16.7076 -0.405418 0)
(30.0551 2.86491 -1.11055e-17)
(26.9605 -2.78371 0)
(25.958 0.23729 -6.21705e-18)
(17.6511 2.54791 -2.56479e-18)
(25.2862 -0.308159 5.02648e-18)
(27.594 2.11629 -1.33664e-18)
(28.2575 0.68169 0)
(27.1986 0.19848 3.59115e-18)
(24.4646 3.87729 0)
(26.0953 -2.02101 -1.19954e-18)
(16.3902 -0.42984 -7.26986e-18)
(24.7726 0.70128 1.62141e-17)
(24.0708 2.46494 0)
(15.6374 -0.771484 4.70343e-18)
(19.0094 0.889897 -3.77324e-18)
(24.1843 2.2665 -1.69682e-18)
(26.2126 1.38296 7.78696e-18)
(30.3424 -0.647519 4.56999e-18)
(15.1036 -0.929312 0)
(26.9706 0.693554 7.10888e-18)
(23.4873 0.201047 3.27968e-18)
(31.4346 3.69538 4.0124e-18)
(29.8644 -0.128204 -3.11253e-18)
(17.8884 -0.105911 -1.31018e-17)
(25.3162 0.630678 3.71727e-18)
(28.0152 5.81463 0)
(29.8583 -1.1629 7.4152e-18)
(19.2741 -1.6248 0)
(25.595 1.81246 -1.75992e-18)
(19.5521 0.877159 1.47e-17)
(25.4611 0.964298 2.89328e-18)
(25.7098 1.54225 8.53652e-18)
(22.9825 3.27377 0)
(29.5051 0.0354095 7.10981e-18)
(18.2923 0.663274 9.89674e-18)
(19.5468 -0.0221417 0)
(23.2161 3.28465 2.13416e-18)
(24.1547 3.22014 0)
(26.6262 3.62632 0)
(25.7983 -0.451887 8.47626e-18)
(26.8092 1.28249 -2.50122e-18)
(23.6715 0.46608 6.12732e-18)
(24.8679 2.55341 -4.49928e-18)
(24.5954 -3.14007 0)
(24.9363 2.28207 -3.26382e-18)
(15.3603 -0.766729 -2.66324e-19)
(25.4139 0.730118 0)
(26.9429 -4.84097 1.67487e-19)
(23.6278 -4.87067 -7.98445e-19)
(25.2138 1.21182 -9.86723e-18)
(25.5479 0.0478877 0)
(25.258 0.888233 1.11306e-17)
(28.0082 -2.43174 0)
(19.7502 2.77451 1.3369e-17)
(23.4592 3.47659 2.64257e-20)
(22.8363 0.0495866 0)
(23.2079 0.0301749 -6.03201e-18)
(27.063 0.152688 -9.65108e-18)
(25.9259 3.87958 -3.68494e-21)
(24.9122 -2.16347 -5.63212e-18)
(25.1008 0.690846 0)
(24.498 2.90799 7.6364e-19)
(21.0903 -2.85877 1.23078e-18)
(27.371 2.15319 4.51432e-18)
(26.188 0.2095 0)
(24.6277 2.85525 7.82976e-19)
(24.3262 3.05511 -3.16005e-18)
(25.2873 0.932738 -1.5866e-18)
(25.105 3.19224 0)
(25.1696 1.80295 3.57082e-18)
(26.1843 2.64577 1.24056e-18)
(25.1995 2.01436 7.83149e-19)
(22.8223 3.53879 0)
(24.5516 3.14657 -2.63788e-18)
(13.5733 -1.73421 6.27214e-19)
(24.7617 2.05644 8.03918e-19)
(27.4545 1.98436 4.78997e-18)
(25.8626 1.93455 -3.21027e-18)
(25.6515 1.61161 -1.68419e-19)
(28.8063 -0.206707 -7.03517e-20)
(22.639 3.42477 0)
(26.6908 1.46746 1.36702e-16)
(25.9544 1.6166 -2.03933e-19)
(24.4461 2.03375 -3.43332e-18)
(29.6314 0.0565349 -2.64393e-17)
(25.6364 1.85336 0)
(30.0367 -3.48979 0)
(25.4905 2.12955 0)
(25.318 1.69332 0)
(24.9514 0.511751 5.0658e-19)
(26.2943 1.23569 0)
(25.4409 0.791602 -6.19368e-18)
(26.3 1.76165 4.31955e-19)
(24.6354 2.09448 2.9514e-18)
(28.8606 -0.398903 -4.98295e-18)
(19.5679 3.06041 0)
(28.0331 0.50361 4.83036e-18)
(23.2587 3.56276 1.41037e-18)
(26.7505 2.2241 1.76976e-18)
(25.6291 1.74435 0)
(27.441 0.503572 0)
(28.1131 -1.79442 2.73573e-19)
(27.2218 0.876705 -5.4155e-19)
(14.5688 -0.871208 0)
(25.5706 1.54005 -3.95448e-18)
(24.1808 -5.86773 9.66972e-19)
(29.8265 1.34865 -7.89364e-18)
(20.2951 3.13495 -1.65962e-18)
(28.036 0.344297 0)
(30.4523 -3.30148 -8.56611e-18)
(21.1893 3.55142 0)
(27.6916 1.88686 2.05828e-18)
(25.5431 1.52241 -7.9461e-18)
(26.0743 1.61421 -3.60755e-17)
(26.2573 1.1776 -4.21677e-18)
(23.2134 -2.69369 -3.12844e-18)
(28.067 0.167592 3.59059e-18)
(14.6922 -1.84982 3.65433e-18)
(22.3254 3.49461 -2.08728e-19)
(26.8488 2.7815 -7.35937e-19)
(24.1222 -6.04658 -1.86132e-18)
(25.3553 -0.532834 9.59692e-18)
(29.4886 0.335475 -2.05374e-19)
(26.5406 0.087052 -1.08719e-17)
(31.207 4.19463 -2.99942e-18)
(21.4441 3.54367 5.28436e-19)
(28.5478 2.29862 1.07064e-18)
(25.4214 2.21047 6.95998e-16)
(26.1496 2.00315 1.1453e-16)
(24.9464 1.73724 2.69342e-18)
(27.7095 0.19731 4.52077e-18)
(21.0028 3.55458 2.56321e-20)
(29.9741 -0.305898 -2.35274e-18)
(23.1148 -3.02621 -3.10223e-18)
(28.6849 -0.0640722 0)
(25.3125 0.929023 -1.51941e-18)
(20.8795 -4.34729 -2.72607e-18)
(24.2899 -5.00494 -1.19655e-18)
(27.7823 1.66059 -8.52253e-18)
(18.7347 2.78424 0)
(17.9261 4.32081 -3.91959e-18)
(19.5401 -0.0322474 0)
(30.1762 0.0452442 0)
(19.3459 3.25894 1.50657e-18)
(12.2846 -2.05664 -2.60091e-18)
(28.6582 0.024699 4.8063e-18)
(25.1384 1.10809 1.21971e-17)
(29.0167 -0.582636 4.90355e-18)
(10.3933 -1.74697 -1.75141e-19)
(27.8019 0.69881 1.06281e-16)
(29.907 -1.238 1.16028e-17)
(25.099 1.60551 0)
(25.6017 0.244611 -2.64652e-18)
(27.8755 -0.556691 1.55618e-17)
(31.52 3.87432 -1.00653e-17)
(28.5121 0.838195 1.91667e-17)
(24.4897 -1.74348 -4.1069e-18)
(20.5474 3.4829 0)
(24.9707 0.686274 -1.45717e-18)
(28.322 -4.35558 -3.5612e-18)
(27.4556 -5.50622 -8.22368e-19)
(23.4644 -2.28107 3.79662e-18)
(25.3327 0.841152 9.82539e-19)
(30.4068 -0.535274 1.50012e-17)
(28.2616 -1.42374 -9.63417e-18)
(20.0461 3.28931 -1.18469e-18)
(22.836 0.0196123 4.50447e-18)
(23.0892 0.201875 1.83998e-17)
(25.4219 -3.29731 5.97276e-19)
(23.6527 0.742707 -1.70011e-17)
(25.463 0.760103 -1.48549e-19)
(29.039 0.000619718 1.9472e-18)
(26.9371 1.23679 9.08898e-18)
(25.3404 2.66521 0)
(25.7253 2.87472 0)
(18.1252 2.7435 8.52762e-19)
(25.3321 1.28895 -1.05826e-17)
(17.2918 -0.00274955 -1.25423e-19)
(28.9581 2.02424 -2.40139e-18)
(25.4144 0.809637 5.40615e-19)
(25.4005 -3.1751 -1.1216e-18)
(25.1934 0.180674 4.53032e-18)
(23.4791 1.35514 -6.71944e-18)
(19.6576 3.31054 -9.36626e-19)
(30.5231 3.46327 -1.1657e-17)
(27.121 -1.3438 0)
(21.143 2.6899 1.91387e-17)
(25.315 0.0306739 -3.92821e-19)
(17.2421 4.46723 4.29593e-19)
(20.817 -1.48845 -1.00295e-17)
(20.6128 -2.10171 0)
(30.0084 -3.82472 -4.31248e-18)
(24.0552 -1.78701 7.03774e-18)
(28.2103 1.97097 0)
(15.8076 1.23324 -4.71156e-18)
(27.2713 2.44585 0)
(27.5147 2.49527 0)
(29.9936 -2.78036 0)
(28.9027 -0.790682 5.17009e-18)
(30.1107 0.0624235 3.92522e-17)
(28.7577 5.02755 9.3346e-18)
(16.7351 3.96983 -2.5864e-18)
(25.2673 -5.67423 -2.90931e-18)
(30.9122 -1.22308 5.90771e-18)
(26.1541 1.53407 7.85466e-18)
(25.1943 0.321514 0)
(27.737 -0.750993 1.03407e-18)
(22.9071 0.0500417 0)
(24.5872 3.29124 3.12016e-18)
(25.0488 1.32516 2.27631e-17)
(28.4503 -5.5672 -7.8807e-19)
(18.164 4.20798 -6.02873e-18)
(14.2008 -1.56606 0)
(27.3896 -5.71475 -1.65181e-18)
(26.793 -6.03991 1.49296e-20)
(29.8846 -2.61166 0)
(24.385 -5.94818 -1.8039e-18)
(26.2633 -6.03557 -5.03456e-19)
(20.3867 2.35813 -7.23241e-18)
(25.5341 1.73004 -5.59487e-19)
(25.9451 2.96291 0)
(19.0384 1.24229 -7.86459e-18)
(31.3198 3.31109 0)
(31.5442 -2.3571 -8.61111e-18)
(27.1125 0.953049 -8.3146e-18)
(26.6193 1.01531 -4.23205e-18)
(29.0669 -1.09335 5.26463e-18)
(28.1125 0.572432 3.67866e-17)
(23.8543 -5.87836 9.3102e-18)
(28.9607 0.38976 2.77546e-17)
(28.1535 0.78865 -6.55328e-18)
(29.8972 -4.14115 -2.9652e-18)
(31.3668 -0.0177431 0)
(20.9041 0.0369196 1.15026e-20)
(22.6577 -5.2856 7.81898e-18)
(27.0989 2.88132 0)
(18.0887 4.07757 -1.98845e-18)
(29.6053 -4.42769 3.52672e-18)
(25.053 0.300717 -4.03072e-18)
(29.3336 1.58216 8.55936e-19)
(28.9481 -5.44124 5.14665e-18)
(25.5009 1.51522 4.99503e-19)
(29.289 -4.72432 -3.42788e-18)
(27.5355 0.82242 -1.44504e-17)
(24.8775 0.801778 0)
(28.3672 6.39099 1.08499e-18)
(20.1142 1.9146 -1.44123e-17)
(23.3173 0.964914 7.61574e-18)
(29.42 -1.71692 0)
(19.6783 1.59124 -7.9549e-18)
(21.4711 0.101755 -3.27042e-17)
(28.9276 -4.94176 -7.25186e-18)
(28.0035 1.46308 -3.71376e-18)
(28.1984 -1.28033 -7.13213e-18)
(26.627 0.0756615 -1.08963e-18)
(27.0667 3.15418 1.43301e-18)
(22.4283 -4.47866 0)
(27.0104 -5.79074 0)
(18.9151 3.21395 -8.29736e-19)
(27.259 -5.97803 2.87567e-19)
(18.4984 2.91992 0)
(25.4399 0.665875 0)
(27.5134 -2.71663 -5.25232e-18)
(24.8256 0.420886 -7.13213e-18)
(21.7874 -2.12331 8.68643e-18)
(27.5517 2.29669 1.48301e-18)
(28.1407 0.0224637 5.50801e-19)
(25.409 -6.1279 -1.92508e-18)
(26.6758 2.86654 -1.35158e-17)
(25.988 -5.07987 1.52216e-19)
(25.1725 0.182429 -6.47781e-18)
(25.9979 -6.17861 1.26547e-18)
(25.8634 1.54682 1.9496e-18)
(25.7124 1.79187 0)
(31.2801 0.822144 -1.12596e-17)
(20.3434 -1.29757 2.68846e-17)
(24.0278 0.0595174 7.80206e-18)
(25.9654 1.82927 0)
(14.5274 -1.13392 -1.3552e-19)
(26.8417 0.0774768 6.93212e-18)
(26.1466 3.12144 1.11869e-18)
(27.5815 -0.573594 3.54818e-19)
(27.9096 1.35937 1.45286e-18)
(27.1653 2.47068 1.80128e-18)
(29.5273 -1.42279 0)
(28.2849 0.440154 0)
(23.8872 1.84531 3.59887e-18)
(24.8932 0.724853 2.12365e-17)
(25.1989 1.96662 0)
(24.6835 2.73498 -8.59377e-19)
(12.3909 -1.97002 -1.18037e-18)
(26.2016 1.92052 -1.83456e-16)
(25.7427 1.05167 1.28283e-18)
(25.5828 1.69655 -2.77594e-18)
(24.9268 6.02876 3.51994e-18)
(24.3868 3.94629 -1.93212e-19)
(11.5322 -1.86188 -1.94481e-18)
(23.6173 -1.17764 0)
(25.7508 2.98823 -1.30153e-17)
(30.778 -1.44957 1.50728e-18)
(20.3297 3.87184 -1.22389e-17)
(24.2114 1.79849 -3.1013e-18)
(27.0768 1.14378 4.03161e-18)
(25.2585 -2.49231 4.04712e-18)
(14.2194 -2.08816 5.73052e-19)
(25.6056 0.659655 0)
(22.6812 -5.5763 6.77506e-18)
(25.1983 0.422574 0)
(25.3886 0.70658 -8.24277e-20)
(29.6529 -1.37422 3.8572e-18)
(25.4103 2.47064 0)
(28.2649 1.0867 0)
(27.8193 -1.95552 1.07087e-17)
(25.945 0.0398577 3.86356e-18)
(30.5779 -0.461774 0)
(30.3462 -0.128072 6.67007e-18)
(26.8315 1.53734 2.73462e-18)
(17.9146 4.22091 2.51698e-18)
(27.1007 0.836561 0)
(27.3022 0.0499028 -4.46454e-18)
(22.9488 0.032614 -3.83256e-19)
(26.725 -0.411082 4.44758e-18)
(18.1386 2.58098 -1.8558e-17)
(24.2381 -1.22227 -1.00394e-17)
(22.3924 -5.34659 0)
(16.3416 0.558383 0)
(24.0717 0.0304915 7.22632e-19)
(23.3715 0.156413 7.62779e-18)
(28.1798 3.04611 -1.50511e-18)
(27.8143 1.15743 2.66838e-18)
(25.2568 0.525638 -1.19895e-18)
(17.157 0.31264 1.35259e-17)
(10.846 -1.80951 0)
(27.5303 1.97227 1.47136e-17)
(27.4896 2.30897 -1.74697e-17)
(26.0296 0.784192 -2.32203e-18)
(24.9183 1.12659 -2.44368e-17)
(24.878 3.93139 9.65094e-21)
(26.9418 0.62049 -4.06931e-18)
(28.5585 0.393026 0)
(25.3002 0.884396 3.54058e-18)
(15.3779 -0.516826 0)
(27.9459 0.185462 0)
(20.2252 2.03391 -1.05519e-17)
(15.8683 3.84909 0)
(19.009 0.0408141 -6.2693e-18)
(17.3309 0.30953 -2.49378e-19)
(28.0056 0.777122 0)
(28.4824 -0.123728 -2.30527e-18)
(25.9385 1.75047 -2.48424e-17)
(24.6435 3.16138 1.27523e-18)
(26.8229 3.69376 -2.05389e-18)
(30.933 2.47622 0)
(26.1546 2.87154 -1.57904e-18)
(28.288 -0.746365 -3.67928e-18)
(30.8067 -0.923118 -6.49321e-18)
(30.4501 -0.0146733 1.08465e-19)
(25.3 1.13951 2.6802e-18)
(22.4297 -5.25612 -1.37567e-20)
(18.3167 1.76518 2.46034e-18)
(25.5449 -3.28408 -4.2078e-18)
(26.4548 -2.24723 0)
(27.1598 0.0871518 -8.20333e-18)
(26.9796 2.62287 1.02417e-18)
(25.2927 5.75639 -1.4559e-19)
(30.3338 -0.353241 -6.97735e-19)
(14.5308 -1.18572 -1.12015e-18)
(19.5673 3.20595 6.27897e-18)
(16.817 4.10297 0)
(29.988 5.906 0)
(25.4101 0.70328 -8.84825e-19)
(21.1036 -1.84437 0)
(25.3061 0.877507 -6.47715e-18)
(13.384 -1.64418 1.19119e-18)
(27.4217 3.58609 -1.83002e-18)
(25.551 1.85976 3.97367e-18)
(26.2612 1.46968 3.59164e-17)
(25.2871 -2.26697 0)
(28.826 0.0114302 0)
(21.0336 -4.13416 0)
(16.6871 -0.131675 6.85374e-19)
(29.854 -3.97704 -7.0425e-19)
(25.3564 0.369873 -9.57347e-18)
(20.8132 -0.00436295 -1.14791e-20)
(30.2179 0.01366 0)
(27.3544 2.28556 6.11963e-18)
(26.476 1.8206 2.07463e-18)
(24.8122 1.59877 -1.95223e-18)
(25.1484 0.70867 2.88436e-18)
(25.4815 2.21486 -8.64795e-19)
(27.5472 2.38352 1.69607e-18)
(29.3341 -4.56298 0)
(28.7542 3.89707 -1.55303e-17)
(25.3036 1.05304 3.60631e-18)
(27.8646 1.89719 -3.79849e-19)
(28.6526 2.22675 0)
(11.7266 -1.7665 -1.36357e-18)
(25.6574 2.03611 3.43631e-18)
(28.757 -5.09472 -3.23181e-18)
(25.698 1.69273 1.63956e-17)
(27.5231 1.61099 0)
(23.6118 0.102906 -1.10753e-17)
(25.8193 1.77141 -1.768e-19)
(25.1976 1.30789 0)
(25.303 1.06526 -1.38156e-18)
(28.0661 -2.258 8.36234e-18)
(29.182 0.260331 -3.28563e-17)
(27.0357 -5.65812 0)
(21.6058 -2.21587 4.27936e-18)
(28.0114 -2.21976 -2.72476e-18)
(27.1727 0.937153 -2.39999e-18)
(28.5557 0.142286 3.67966e-17)
(29.9513 1.07093 -3.14258e-18)
(28.2346 -2.12006 0)
(25.7998 -5.83017 -5.01496e-19)
(25.5426 2.49613 -8.04798e-19)
(17.8096 2.3296 7.63542e-18)
(26.3775 -2.47337 -1.89838e-18)
(12.5953 -2.05097 1.09148e-19)
(25.5617 2.00682 -8.58553e-19)
(21.3548 -4.82685 0)
(26.5875 1.21401 -2.473e-17)
(28.3221 1.57759 -2.85191e-17)
(23.37 -5.4925 -4.97295e-18)
(27.1116 0.85792 1.57339e-17)
(18.2968 4.00353 0)
(31.5658 1.69553 5.90794e-18)
(26.7237 3.89412 2.29271e-18)
(28.5908 0.0757052 1.18388e-17)
(17.2924 -1.7238 -2.49765e-17)
(19.98 4.34191 0)
(22.3095 -3.22737 0)
(27.1255 -0.624341 -7.34639e-18)
(26.0017 1.89078 0)
(18.9392 0.129957 6.0505e-18)
(28.7302 2.00587 1.992e-18)
(25.7638 -2.7523 6.47964e-20)
(27.1722 2.77176 -1.20183e-18)
(25.6096 1.67884 -2.36467e-18)
(28.4502 -1.94012 -6.31713e-18)
(26.5067 -0.422387 -3.68592e-18)
(26.1963 -0.276081 1.01701e-17)
(27.9137 1.52574 -6.99372e-18)
(13.0838 -1.75042 0)
(24.3907 0.397393 1.61676e-18)
(29.2681 1.28512 4.93985e-18)
(25.0981 0.354021 1.30042e-18)
(27.8435 -1.58512 0)
(29.1323 -1.13001 -8.21709e-18)
(27.722 2.38259 2.67953e-18)
(31.2099 0.917677 5.28965e-19)
(18.2243 0.0328241 1.23038e-17)
(31.6818 1.91995 8.6196e-18)
(28.5148 -0.610077 0)
(25.5288 0.0139853 4.96195e-19)
(26.8995 0.223406 0)
(26.6736 -3.2434 1.98177e-18)
(28.1436 0.972312 0)
(26.7266 1.12954 6.73093e-18)
(24.0792 -1.10304 2.10698e-18)
(29.8799 5.92183 7.00582e-18)
(29.4882 -1.18447 1.02352e-17)
(25.4314 -2.65508 -2.24716e-18)
(24.0757 0.641527 -6.41233e-17)
(25.2725 1.00569 1.29294e-18)
(15.7953 3.56604 1.86103e-19)
(20.7499 0.00729452 -5.89412e-20)
(26.0482 2.63286 1.00361e-18)
(26.9108 0.927172 8.31269e-18)
(16.345 4.27278 0)
(15.7515 3.75123 0)
(18.7944 -3.25178 7.59319e-18)
(28.089 1.96152 0)
(26.213 0.788822 -2.6959e-18)
(17.4468 0.942409 0)
(28.2171 1.0615 1.32225e-17)
(26.6907 6.21301 2.0992e-18)
(27.6499 -0.962113 -1.03312e-18)
(26.2691 3.08404 -8.0136e-19)
(26.48 1.31524 1.6476e-17)
(26.9177 0.43446 9.72168e-18)
(25.0011 2.28778 0)
(24.9413 0.0258997 0)
(27.1709 3.66678 -1.43292e-18)
(27.9431 0.617652 -9.6567e-18)
(26.145 -0.614519 1.43336e-18)
(23.2218 0.0675527 4.03801e-18)
(28.6525 2.20898 -1.83037e-18)
(29.5354 -0.172592 -7.87195e-18)
(25.3285 1.98682 0)
(29.8307 0.880429 -2.15608e-18)
(12.4405 -1.95081 1.47971e-19)
(26.6597 0.178451 -3.1412e-19)
(21.7373 -4.61258 1.08856e-17)
(28.0881 -0.866 2.4766e-18)
(29.5933 -1.06831 7.12264e-19)
(20.9863 -4.56079 1.06988e-17)
(28.3264 -0.26247 0)
(25.4955 1.5663 6.24753e-18)
(23.632 -1.29374 4.97424e-18)
(27.9999 0.797856 0)
(25.2472 0.674829 1.18009e-18)
(26.5178 -1.4383 -1.79663e-17)
(24.6642 0.93039 -4.45081e-17)
(26.4325 1.64952 1.23931e-16)
(28.4373 0.250042 0)
(26.9503 1.21015 4.54302e-18)
(24.996 2.587 0)
(25.7423 1.83574 -1.85326e-20)
(20.1754 -3.97502 -1.16346e-17)
(28.1636 1.15684 -1.10086e-18)
(24.3115 2.56288 -1.62881e-17)
(26.8357 1.39215 -4.75729e-18)
(25.3873 0.499989 -6.63286e-18)
(14.0839 -1.17398 -4.23956e-18)
(28.3557 1.69414 1.6597e-19)
(23.7586 0.115182 0)
(26.8607 -2.59463 -4.65686e-18)
(26.7681 -0.212652 -5.02286e-18)
(24.7857 1.18692 -1.25412e-17)
(22.5626 1.9675 9.68018e-18)
(26.982 0.773051 -3.17784e-18)
(22.9235 -1.67605 -5.33794e-18)
(27.1172 0.784944 0)
(25.5377 0.652305 8.0601e-19)
(29.8535 1.15312 4.84354e-18)
(24.9156 0.45863 0)
(21.9972 -0.624388 1.29134e-17)
(27.785 1.05582 -5.6199e-18)
(27.9627 0.707591 -1.18153e-16)
(30.0882 3.26009 1.26725e-17)
(22.3042 -1.81185 -5.46222e-18)
(27.5444 -0.307489 8.36392e-18)
(25.567 0.681598 0)
(11.2289 -1.5832 -6.55461e-18)
(28.4464 0.491391 -5.11138e-18)
(21.3441 -1.94092 4.56184e-18)
(27.2023 0.419381 4.4449e-18)
(23.5965 2.55513 5.28373e-18)
(28.4241 0.0179385 2.26223e-18)
(28.2436 -0.529178 0)
(22.1835 0.128105 1.71087e-17)
(25.0599 0.417688 0)
(26.7 1.54465 0)
(27.607 -1.08251 -2.59844e-18)
(27.5107 -2.78647 1.32215e-18)
(26.4989 -5.05065 4.3106e-19)
(25.6778 1.75438 -1.16086e-17)
(17.6433 0.236844 0)
(25.0726 1.01328 0)
(26.3429 1.77324 4.94448e-19)
(25.6476 1.61913 2.80236e-18)
(27.6803 5.84641 0)
(23.9689 -1.3138 -3.04127e-18)
(26.2285 -3.50573 4.21629e-19)
(25.6986 1.82882 0)
(22.7841 0.0266965 -9.36088e-18)
(24.8382 1.39321 1.32448e-17)
(19.6196 -3.20073 0)
(27.7122 -2.38601 -3.30195e-18)
(26.5265 1.69204 -7.89855e-18)
(18.4588 8.1153 0)
(28.3031 -1.62513 1.16671e-17)
(26.9925 0.600381 0)
(19.9149 1.24899 1.69474e-17)
(25.0552 3.9135 -1.69998e-18)
(23.3383 -3.24027 0)
(27.9126 -1.40879 9.771e-18)
(26.1097 1.80546 0)
(25.9434 5.8249 -7.84365e-19)
(27.7764 -0.26278 5.56225e-18)
(30.8966 -0.00443224 1.0293e-17)
(28.7732 6.35114 0)
(22.562 -0.920607 1.65563e-17)
(27.1387 0.536298 -5.00423e-19)
(25.3394 0.120467 2.17696e-18)
(24.9498 9.94846 -3.04087e-18)
(22.9628 -1.42736 0)
(15.8889 4.05245 0)
(26.8756 0.88412 -1.03391e-17)
(25.5113 5.63537 1.15083e-19)
(28.3474 5.95788 -7.99203e-19)
(27.2846 -2.51725 -6.44353e-18)
(27.9238 -2.26975 0)
(25.389 -2.42387 0)
(14.6624 3.48659 1.44608e-19)
(26.482 1.42095 -2.69316e-18)
(29.6027 -1.32412 -5.98723e-18)
(17.8155 3.47631 -4.50941e-18)
(25.5015 0.810433 2.39625e-18)
(29.7668 0.725022 0)
(27.4142 -0.0311561 6.0495e-18)
(21.9823 -2.28637 0)
(26.7258 2.39669 3.38164e-18)
(24.1035 -1.72525 -9.75386e-18)
(26.3006 2.5734 -8.61465e-19)
(26.6639 -2.66552 -1.31481e-18)
(30.1591 0.627837 1.06229e-18)
(13.6541 4.18623 -1.2605e-17)
(23.1892 -1.86808 2.77658e-18)
(24.3702 1.57889 0)
(31.8604 2.45706 -9.32621e-18)
(23.8678 1.39521 7.11471e-18)
(31.607 2.68994 -2.43121e-17)
(31.7078 1.99833 9.43161e-18)
(25.2726 0.712337 -1.91362e-18)
(31.1933 -1.45652 2.79603e-18)
(28.9314 -1.62711 0)
(25.6006 1.6118 3.03889e-18)
(28.274 0.305054 -2.58999e-17)
(25.3828 0.598458 -1.29158e-18)
(27.1765 -1.084 -9.28493e-18)
(25.3121 1.18062 1.44418e-18)
(24.033 0.334041 1.70498e-17)
(27.5132 1.96141 0)
(25.7138 4.04208 -2.67581e-19)
(19.9924 -3.09154 -2.57392e-18)
(25.3467 -2.40263 -2.00761e-18)
(31.0108 0.33544 4.18726e-18)
(25.3214 0.703908 -1.21886e-18)
(22.9105 -1.75233 -3.76432e-18)
(29.4355 -0.232089 0)
(25.6591 1.73911 5.06173e-19)
(29.1864 -3.59922 6.41625e-19)
(24.9533 0.968194 0)
(27.4592 2.04112 0)
(27.0653 1.01237 -7.80422e-18)
(30.3577 -0.455855 2.15173e-18)
(15.2135 3.47076 0)
(26.6768 6.19943 0)
(28.2202 -0.016868 0)
(31.4976 2.18902 -5.62804e-18)
(19.1746 0.190989 1.34944e-17)
(9.39436 -1.42988 -2.52727e-18)
(24.9881 -0.886969 0)
(22.4434 -1.85139 1.48319e-19)
(21.3176 1.01835 -5.76403e-18)
(24.2594 -2.05024 0)
(24.9187 -0.814025 0)
(27.4545 -0.52823 0)
(23.8234 0.634579 -5.21877e-17)
(24.5767 0.78579 -7.46463e-17)
(22.7359 -1.60135 -6.20372e-18)
(25.2268 2.17274 -1.18428e-17)
(21.5749 3.13183 1.72728e-18)
(25.1149 5.87796 -9.85442e-19)
(28.8836 1.25157 0)
(25.9866 3.45618 0)
(27.149 3.03186 -3.03865e-18)
(25.329 -0.859156 0)
(25.4293 0.377965 1.34052e-17)
(23.4154 -1.15038 1.06564e-17)
(26.9972 -0.453925 0)
(27.9282 1.19177 3.40483e-18)
(25.8319 2.49995 3.58804e-18)
(24.2128 -0.743643 7.32576e-18)
(24.0694 -0.795504 -1.0407e-17)
(22.7521 -1.51438 -2.64049e-18)
(22.7056 -1.40872 5.35621e-21)
(25.312 1.41841 -4.62599e-18)
(26.2532 1.46217 1.32774e-19)
(31.5885 1.39283 0)
(25.4696 0.646791 -1.55614e-18)
(27.4208 -0.895755 0)
(28.3753 1.25037 1.72977e-18)
(26.6669 -1.02473 5.92492e-18)
(25.5393 0.873737 4.41047e-19)
(26.4991 -4.77916 -4.9957e-19)
(26.6029 -2.61258 0)
(26.1821 -0.142572 0)
(24.6662 1.24563 1.60279e-17)
(28.7412 -1.86821 6.78192e-18)
(27.1057 5.84363 2.90553e-18)
(25.3251 0.609081 7.90159e-20)
(19.4202 -0.45297 -1.41822e-17)
(27.9007 -2.4836 3.72037e-18)
(22.5048 -1.47008 -1.23697e-18)
(25.6841 -0.00464855 -1.42868e-17)
(17.2373 1.22445 -4.4012e-18)
(21.8272 -1.68268 6.00915e-18)
(27.702 1.02514 -1.76231e-17)
(24.6809 -0.850563 -1.47324e-17)
(24.8136 0.181441 -5.99244e-19)
(28.0058 6.1966 3.80627e-19)
(28.4794 3.82018 1.1269e-17)
(27.5801 3.75009 0)
(25.5664 -3.31629 -6.97205e-20)
(30.3225 5.2904 7.7756e-19)
(25.7498 4.47041 1.1892e-18)
(15.5806 3.57111 1.49759e-19)
(26.6178 3.89511 -1.38013e-18)
(24.4432 3.40166 -1.27763e-18)
(25.4776 0.657277 -1.74324e-18)
(27.0128 3.71734 -1.37229e-18)
(25.7339 -3.36082 -1.10258e-18)
(27.9608 6.30124 2.68689e-18)
(26.894 0.492572 6.37342e-19)
(28.1553 1.33608 -8.89873e-18)
(24.8518 0.4807 4.98929e-18)
(20.1205 -2.55129 -2.83581e-18)
(27.816 1.82601 9.19289e-18)
(25.3428 1.05735 -4.90937e-18)
(28.7853 4.27696 -4.33268e-18)
(27.8178 3.09887 2.09788e-18)
(27.3373 3.99923 -3.24576e-18)
(24.1969 0.621913 0)
(29.0664 -3.31112 0)
(19.1413 -2.85615 2.81364e-20)
(24.9739 0.877796 -3.51027e-18)
(27.7288 2.2572 -6.42969e-19)
(26.6962 -2.65276 1.38684e-18)
(28.7958 -1.68997 0)
(16.4645 -2.77542 8.48983e-19)
(20.9298 -1.68311 -2.2978e-17)
(20.676 -2.37849 0)
(22.3643 -1.5743 5.20076e-18)
(24.3964 0.837102 -1.15523e-18)
(27.7062 1.57888 1.03768e-19)
(27.6144 0.845583 0)
(22.6758 -1.74323 1.9219e-17)
(27.4808 3.57993 -2.85855e-19)
(27.8463 -1.2634 7.82797e-19)
(30.0644 0.628962 -9.58322e-18)
(30.2614 -3.45166 0)
(25.1349 1.0915 -9.4291e-18)
(27.3511 2.8358 5.84067e-19)
(26.4577 2.65486 0)
(24.6069 5.38789 0)
(26.571 0.110593 0)
(28.0245 0.535669 -5.67851e-18)
(23.2596 -0.561751 -4.57943e-18)
(24.9096 0.338702 0)
(25.2354 1.09273 -2.47507e-18)
(25.1033 0.20311 -2.41016e-18)
(25.6258 -0.229438 2.27407e-19)
(28.3325 2.29284 -4.11668e-18)
(22.613 -1.66484 4.99459e-18)
(25.8065 -4.44641 0)
(24.7495 0.867718 8.63926e-17)
(30.8373 -0.141333 0)
(25.4382 0.612085 -2.25545e-18)
(26.0213 -0.0932892 4.85653e-18)
(24.7539 2.20182 0)
(25.5745 1.97993 -3.99584e-18)
(23.9775 3.92825 -2.00492e-20)
(20.2043 -3.06441 8.51298e-19)
(30.4962 -0.276442 -4.20902e-18)
(23.4686 -0.110249 -4.96907e-18)
(24.9689 1.15022 -5.14e-18)
(27.8052 -0.982029 -4.01726e-18)
(27.7801 1.50865 0)
(30.799 -0.697769 1.75363e-19)
(25.88 1.78887 -1.38084e-19)
(28.0225 1.1262 -2.56644e-18)
(30.0341 -3.66759 2.7219e-18)
(21.2097 4.63086 0)
(29.3898 0.946003 -5.93826e-18)
(31.6091 2.44047 2.57878e-18)
(26.5273 -0.821302 0)
(26.9307 1.2915 3.66048e-18)
(26.0834 -2.6735 -1.92198e-18)
(24.9356 0.76536 3.43733e-18)
(28.1272 -2.27612 0)
(28.9514 1.2555 -6.45267e-18)
(29.6978 3.87447 3.20801e-19)
(31.7485 1.78341 1.56092e-17)
(30.2043 0.0166028 0)
(16.9319 4.40519 -2.21224e-18)
(29.7818 1.20547 4.23419e-18)
(19.2848 -2.79898 0)
(27.6405 -2.62824 0)
(24.1419 0.688642 3.97183e-18)
(30.6937 -0.254703 -3.36327e-18)
(25.1073 4.00211 0)
(27.3648 -1.85402 -1.62545e-17)
(25.3971 0.592854 8.51723e-18)
(30.7281 1.00821 -2.48038e-18)
(26.4361 -1.79901 3.45409e-19)
(29.8051 3.65764 -5.95005e-18)
(25.3892 4.00762 1.96526e-19)
(25.4607 0.709665 3.54315e-18)
(25.813 0.2583 1.96379e-18)
(26.803 5.85355 -7.02582e-20)
(29.4425 -0.961193 6.13732e-18)
(30.9362 -0.623587 3.40204e-18)
(31.1261 -0.887159 -8.30597e-19)
(29.6614 -4.31716 0)
(30.8447 -0.418147 1.66726e-18)
(26.0211 3.69552 1.58773e-18)
(26.0182 -4.90341 0)
(29.2222 1.1674 0)
(30.5727 -0.0996183 -3.75699e-18)
(20.9781 -2.61218 -2.777e-18)
(25.074 0.720461 -4.76556e-18)
(26.5776 -5.77305 -9.92423e-20)
(24.5095 3.98241 0)
(25.9112 0.0214412 1.43736e-18)
(26.9332 0.973767 0)
(31.2513 0.609012 2.58914e-18)
(26.2635 5.87782 0)
(29.125 -4.85142 1.13451e-18)
(27.0546 0.831388 -1.26316e-17)
(24.0925 6.06875 -5.33964e-18)
(29.7652 -3.75813 -3.32804e-18)
(27.5537 -1.33417 1.72996e-18)
(24.3939 -2.83251 0)
(21.3033 -1.73036 -5.16209e-18)
(31.0631 -2.04378 5.09295e-18)
(29.9059 0.0132548 -1.91329e-18)
(29.6137 -0.868151 -1.81643e-19)
(27.9292 -0.0159035 -5.59111e-18)
(25.9938 0.541579 6.2404e-18)
(26.9811 0.530018 3.79819e-18)
(28.2664 -2.01136 0)
(26.8345 0.128663 1.12603e-17)
(29.2647 0.703509 -1.52795e-18)
(27.3971 -0.52323 -9.2947e-18)
(24.9141 6.21776 0)
(24.6115 1.54231 0)
(29.5772 -4.06258 0)
(25.6286 5.88255 3.42275e-18)
(31.2261 2.10336 -4.26188e-18)
(25.0112 1.03103 -4.62968e-18)
(29.3436 -4.37929 0)
(24.6119 1.58876 -3.99587e-18)
(28.2762 -2.1148 -5.58722e-18)
(19.6773 -2.84111 8.03556e-20)
(24.7176 5.97811 4.98091e-18)
(24.4347 -3.0668 0)
(18.486 -3.03119 1.12516e-18)
(23.9323 0.394247 0)
(25.6512 6.18842 3.08133e-18)
(26.2437 -5.85983 -3.63191e-19)
(24.6313 1.43608 1.00158e-17)
(29.0884 -4.63441 9.29662e-19)
(25.5322 5.84083 -1.6206e-18)
(23.609 -0.733721 1.32915e-17)
(26.6946 1.39285 8.71094e-18)
(25.7554 -2.25139 1.31125e-18)
(25.5908 -2.53418 1.55323e-18)
(11.6295 -1.18746 2.73619e-18)
(16.4168 -2.70788 -1.40566e-18)
(28.7898 -4.89568 2.46755e-18)
(26.5683 -5.51922 0)
(29.8401 2.96175 1.52013e-17)
(25.3437 -5.25341 7.23562e-19)
(28.5651 2.0411 7.63763e-18)
(24.9022 2.69211 -1.32911e-18)
(25.1279 6.00998 0)
(28.9415 4.53088 -6.06964e-18)
(25.8582 -5.69568 0)
(29.1601 4.31355 1.63886e-18)
(30.3285 0.604255 5.94122e-18)
(26.9944 -0.900756 1.8581e-18)
(26.1269 3.93713 1.58925e-19)
(23.5532 0.400286 -1.28966e-17)
(26.4238 -1.65344 8.31553e-18)
(24.8828 3.37593 1.38564e-18)
(23.1304 -3.26699 3.02596e-18)
(30.626 -0.126014 7.59652e-18)
(26.6856 -0.0797515 6.13186e-18)
(23.0748 3.85981 -6.77748e-19)
(23.4987 -0.0881046 7.25289e-18)
(26.8911 0.609771 -1.38312e-18)
(28.5645 6.21424 0)
(23.9297 5.96894 0)
(24.4811 -2.82491 0)
(30.947 0.628906 1.23546e-17)
(24.6912 -0.728842 -4.09565e-18)
(26.4492 5.92757 0)
(28.1821 -2.25544 0)
(30.641 -0.10658 7.48583e-18)
(21.9174 -3.23955 -5.77004e-19)
(20.1701 -0.570717 1.01301e-17)
(23.8061 5.76501 -1.37586e-18)
(20.771 5.14969 1.52603e-18)
(19.9379 -1.96783 -7.16984e-18)
(22.9025 -0.0279732 1.0718e-18)
(27.926 2.96721 1.03058e-18)
(19.9279 -2.91155 -1.55193e-18)
(27.8601 2.06282 -2.79228e-18)
(30.4207 1.56041 -1.22037e-17)
(24.9504 3.45895 -1.26696e-17)
(28.7451 -3.65495 3.58787e-18)
(28.137 2.49232 0)
(25.3073 0.703969 6.37819e-18)
(27.5915 1.5313 2.20836e-18)
(27.762 2.25531 0)
(24.039 1.87837 -5.26729e-18)
(15.7017 -2.50368 0)
(26.5222 -2.94756 -1.12796e-18)
(29.5664 1.25859 3.16706e-18)
(28.2632 0.02482 -3.58579e-18)
(16.7162 -2.73336 2.51241e-18)
(27.6904 -2.14399 0)
(24.59 0.471501 -8.35834e-18)
(26.5853 2.4751 1.21909e-17)
(22.5649 -3.48054 -6.8221e-19)
(28.868 -3.85716 -3.23592e-18)
(25.4527 5.70997 -6.71718e-22)
(26.3037 2.4861 3.96589e-19)
(28.0881 5.5596 0)
(21.4742 1.85809 -1.33721e-17)
(29.6677 3.43759 -1.10354e-17)
(26.3814 0.0914873 2.55068e-18)
(23.9881 0.104878 -5.71014e-18)
(29.9936 -3.50416 8.52612e-20)
(29.0514 3.30198 6.86709e-18)
(19.3928 -2.88941 1.73877e-18)
(24.3573 0.768189 1.74288e-17)
(25.2539 -0.866293 -7.43562e-18)
(25.599 1.89076 -3.46718e-18)
(22.3846 -3.21632 -9.02104e-19)
(30.4148 1.52543 1.36543e-18)
(24.5396 -1.44906 7.19633e-18)
(23.0425 -4.71582 4.86153e-18)
(27.4855 4.52521 8.27154e-18)
(23.3858 0.518679 7.06994e-17)
(22.6744 -4.41532 -2.11967e-18)
(30.0558 3.94317 4.56784e-18)
(17.302 -2.93591 0)
(30.9242 0.19298 -7.9374e-18)
(27.6774 6.17995 0)
(29.3311 3.95757 2.27188e-17)
(26.3006 3.94383 6.51801e-19)
(25.4133 0.628944 1.26255e-18)
(28.2564 0.144301 0)
(29.11 -1.64331 1.02459e-18)
(21.8157 -3.36973 0)
(23.2415 5.64211 0)
(28.2299 5.94799 0)
(20.6795 0.680842 3.21067e-18)
(27.4517 -1.66458 1.55173e-17)
(28.1059 -2.35645 4.58434e-18)
(24.9015 5.55099 -3.74636e-20)
(24.8066 -0.430701 -7.71855e-18)
(24.9454 0.701926 -1.10085e-17)
(25.7325 -1.99191 -7.31132e-19)
(29.3972 3.13863 4.6579e-19)
(22.0008 1.91978 4.28571e-18)
(27.6057 -2.05816 1.06038e-17)
(26.2155 -5.63936 7.17159e-19)
(24.807 5.56626 7.16654e-22)
(25.8054 -3.12326 2.76416e-18)
(16.6466 0.254506 -1.49954e-17)
(20.7939 -3.22332 5.30379e-19)
(19.4876 1.01838 4.84859e-18)
(25.7085 0.986549 1.3091e-18)
(18.0357 -2.89329 -1.02272e-19)
(23.2276 -4.51036 0)
(28.7084 -2.33711 0)
(20.3614 0.0884483 1.17178e-16)
(26.1025 0.473523 -6.17841e-18)
(18.8506 -2.9586 0)
(24.0819 1.60553 0)
(28.0946 5.2889 9.76633e-18)
(24.7254 1.30557 0)
(27.7608 -2.51473 0)
(26.1853 -0.0345169 -5.66602e-18)
(27.5875 -1.22329 -2.54942e-18)
(27.3477 4.71023 0)
(26.3011 1.67216 -7.79306e-19)
(27.1273 0.245191 -5.94636e-18)
(25.4328 5.8885 -1.74352e-19)
(25.2207 0.953827 -4.18899e-18)
(29.4145 -3.3055 -7.23252e-20)
(28.6194 6.0257 0)
(23.5555 -0.00708724 8.44755e-20)
(26.743 0.583715 1.19029e-18)
(15.2969 -2.20427 6.38946e-18)
(29.168 -0.837318 9.02639e-18)
(24.5958 5.65933 -5.54389e-20)
(22.1875 5.07909 -9.23684e-20)
(23.6141 0.00368298 4.80212e-19)
(25.8952 -0.298662 -8.52951e-18)
(25.5819 6.0161 -4.41529e-19)
(29.0097 3.6925 -1.78705e-17)
(22.446 5.04539 0)
(22.2277 0.839066 8.942e-18)
(24.3703 -1.11789 4.33433e-19)
(27.6704 -1.62622 0)
(24.0011 -3.38189 -3.56697e-18)
(24.4722 2.21893 6.5089e-18)
(22.983 5.42251 -1.72019e-19)
(24.507 1.78963 0)
(23.8004 -0.126124 3.67381e-19)
(25.7424 -0.0620061 4.34205e-18)
(26.5545 -1.63096 8.00756e-19)
(26.9445 0.399753 1.17604e-19)
(26.3942 3.94995 -1.6329e-18)
(27.725 -1.44714 -4.856e-18)
(22.1959 0.976101 -6.45288e-18)
(22.0715 5.17086 3.1646e-19)
(20.7211 -0.0594421 -1.75496e-17)
(19.7526 0.449035 6.38153e-18)
(26.7898 -1.98255 0)
(25.8281 -3.07445 -2.25032e-18)
(21.6981 -2.32688 -6.83673e-18)
(26.8972 0.368494 1.89514e-17)
(25.7729 -3.27036 5.55187e-18)
(23.2279 5.39237 1.15554e-18)
(24.3276 2.03791 0)
(25.466 -1.98787 0)
(25.0448 5.86493 5.4456e-19)
(24.4008 -3.09403 -1.05864e-18)
(26.6237 6.3523 6.92187e-19)
(11.8658 -1.49098 1.1138e-17)
(10.9155 -1.42247 1.26395e-17)
(26.1136 -2.31397 0)
(31.4513 1.22581 2.18559e-17)
(26.1695 -3.17486 3.73956e-19)
)
;

boundaryField
{
    frontAndBack
    {
        type            empty;
    }
    upperAndLower
    {
        type            symmetry;
    }
    outlet
    {
        type            freestreamVelocity;
        freestreamValue uniform (25.75 3.62 0);
        value           nonuniform List<vector> 10((26.1768 0.00580221 0) (27.9505 0.0476875 3.98939e-19) (21.9205 -0.0179291 0) (23.7266 0.058889 -1.57952e-18) (24.7957 -0.00207564 0) (29.4325 -0.00947207 0) (19.6136 0.0290851 0) (31.3509 0.0256296 0) (26.9866 0.0216879 4.95877e-18) (25.5479 0.0478908 0));
    }
    inlet
    {
        type            freestreamVelocity;
        freestreamValue uniform (25.75 3.62 0);
        value           nonuniform List<vector> 10((25.75 3.61901 0) (25.75 3.61887 0) (25.7502 3.61904 5.76722e-19) (25.7499 3.61842 -2.55411e-18) (25.7502 3.61824 0) (25.7501 3.6188 -9.15701e-19) (25.75 3.61938 0) (25.7499 3.61924 0) (25.7495 3.61709 0) (25.7503 3.61742 0));
    }
    airfoil
    {
        type            noSlip;
    }
}


// ************************************************************************* //
