/*--------------------------------*- C++ -*----------------------------------*\
  =========                 |
  \\      /  F ield         | OpenFOAM: The Open Source CFD Toolbox
   \\    /   O peration     | Website:  https://openfoam.org
    \\  /    A nd           | Version:  10
     \\/     M anipulation  |
\*---------------------------------------------------------------------------*/
FoamFile
{
    format      ascii;
    class       volScalarField;
    location    "150";
    object      nuTilda;
}
// * * * * * * * * * * * * * * * * * * * * * * * * * * * * * * * * * * * * * //

dimensions      [0 2 -1 0 0 0 0];

internalField   nonuniform List<scalar> 
3042
(
0.00878373
0.144515
0.0762172
0.0235172
0.034009
0.13489
0.151145
0.00777728
0.00978026
0.00987533
0.0644027
0.143574
0.144751
0.0414622
0.0317121
0.0060801
0.13953
0.00961497
0.141112
0.144358
0.00781218
0.148231
0.0491996
0.0312599
0.00610894
0.140705
0.00613426
0.00594006
0.0352813
0.0138048
0.00871493
0.090791
0.124785
0.0382431
0.0408433
0.120407
0.0395221
0.0246243
0.00627721
0.00724441
0.0124902
0.00889552
0.0552699
0.039213
0.0216719
0.10131
0.0387647
0.140855
0.0561243
0.14063
0.0228821
0.00396313
0.157536
0.0618256
0.144449
0.111347
0.149186
0.166979
0.145139
0.15585
0.00652406
0.0998734
0.0196868
0.153261
0.142063
0.067491
0.0978176
0.0292543
0.0892899
0.0663618
0.140135
0.00963418
0.00892997
0.0824554
0.0883504
0.145785
0.00660022
0.132367
0.0112236
0.0377744
0.145036
0.0751658
0.0582584
0.0129172
0.107521
0.0305845
0.156523
0.140509
0.00916757
0.140798
0.148002
0.0406295
0.0724838
0.0774385
0.140327
0.127613
0.00818388
0.0572724
0.0120199
0.0198628
0.0169581
0.0111536
0.140532
0.0790779
0.0649868
0.0684421
0.00646736
0.0896915
0.130548
0.0818154
0.147021
0.076621
0.0128981
0.0528597
0.150873
0.00753049
0.0791298
0.0423204
0.0173808
0.0361598
0.011763
0.107237
0.140962
0.0896089
0.113487
0.137873
0.11999
0.146568
0.00598308
0.143258
0.00812009
0.0125586
0.0440745
0.153783
0.130222
0.0475426
0.03189
0.14138
0.018199
0.115325
0.107136
0.160669
0.132309
0.117608
0.137213
0.0496715
0.10993
0.0117937
0.0923919
0.142394
0.0153745
0.138974
0.141683
0.0687408
0.127437
0.132021
0.140807
0.0920276
0.15107
0.0334836
0.0329107
0.0727131
0.162157
0.0726305
0.0045975
0.145248
0.149899
0.0352845
0.0825105
0.139478
0.0288237
0.141551
0.132743
0.143546
0.030909
0.0772202
0.0432947
0.142864
0.00703502
0.120564
0.0247524
0.127414
0.146919
0.00653441
0.0510022
0.0367823
0.0663425
0.142585
0.141671
0.054077
0.0441071
0.0100114
0.0274797
0.0415351
0.157599
0.0185648
0.023214
0.0885382
0.00686576
0.160286
0.0184565
0.0694234
0.0143155
0.0155152
0.132421
0.0113404
0.0370689
0.105133
0.0832272
0.00582581
0.0428426
0.145193
0.129412
0.0292889
0.0212113
0.151009
0.0253164
0.163542
0.14038
0.0142499
0.127513
0.125135
0.126507
0.132171
0.144591
0.0911748
0.146052
0.0134401
0.0154491
0.0993299
0.125976
0.136558
0.0935463
0.140649
0.14886
0.0123773
0.12209
0.0106649
0.0204973
0.0733886
0.145299
0.143691
0.148076
0.00670864
0.0073874
0.143748
0.118786
0.0644652
0.00825274
0.0711528
0.158008
0.00776212
0.0209079
0.142784
0.0348949
0.0136026
0.0093145
0.0093116
0.00418144
0.0956476
0.00443506
0.0320167
0.00628765
0.118905
0.12219
0.0351891
0.127637
0.0118632
0.0135433
0.12072
0.0353788
0.152071
0.164016
0.140606
0.0747604
0.104448
0.078966
0.137071
0.0168238
0.0696585
0.108194
0.143296
0.151577
0.113942
0.0156289
0.0754116
0.0353005
0.0207387
0.0674012
0.00636645
0.0060137
0.0232583
0.142592
0.0263873
0.0529049
0.140618
0.011327
0.019433
0.135773
0.118628
0.0152593
0.175882
0.141076
0.0184313
0.0434348
0.121224
0.0529743
0.0492387
0.0663308
0.0142044
0.140579
0.14097
0.136765
0.140547
0.0377277
0.0498492
0.12605
0.140954
0.128529
0.0802334
0.139271
0.145538
0.148138
0.113692
0.0615424
0.0170936
0.140457
0.00605385
0.0152973
0.050676
0.00995332
0.039195
0.0625241
0.0935411
0.103358
0.00777432
0.11289
0.0128809
0.0350812
0.14143
0.129814
0.0664118
0.0759943
0.13335
0.131227
0.0744532
0.14124
0.0471011
0.1484
0.0708083
0.058516
0.0692807
0.0197832
0.00891603
0.120183
0.0767251
0.00832484
0.113751
0.0530112
0.120372
0.0787578
0.149904
0.00999985
0.0874868
0.111864
0.127304
0.00751035
0.0542667
0.137995
0.118548
0.0127979
0.0988275
0.0608623
0.0994926
0.00718708
0.130918
0.135381
0.123042
0.0241191
0.137079
0.139564
0.0553587
0.145615
0.0553037
0.0956314
0.14802
0.126183
0.142151
0.128363
0.0213044
0.0142627
0.0748165
0.132684
0.00502032
0.151646
0.0229005
0.0208412
0.00853279
0.064453
0.144363
0.0955099
0.0411681
0.00772632
0.0148634
0.00653623
0.0601869
0.0687893
0.0597696
0.00821223
0.14404
0.00929075
0.124951
0.0570957
0.0058649
0.0078348
0.0357668
0.143516
0.0869585
0.154783
0.00783762
0.0108992
0.141859
0.140306
0.00637905
0.0109417
0.0193783
0.0104745
0.0982916
0.158921
0.0726528
0.131323
0.0490744
0.129125
0.138501
0.046699
0.0134827
0.00926248
0.146785
0.0279582
0.116613
0.0932638
0.0190038
0.137371
0.0574921
0.0211363
0.010565
0.0650747
0.169658
0.119084
0.115249
0.0868863
0.144198
0.0265722
0.021582
0.0166761
0.0211029
0.0173259
0.113293
0.0383361
0.117272
0.128638
0.0506612
0.106821
0.0136812
0.125592
0.00965943
0.161716
0.112377
0.13207
0.142681
0.0058018
0.00783934
0.10179
0.0161802
0.00627703
0.109683
0.128449
0.0127578
0.0661537
0.154888
0.140898
0.0121389
0.0198552
0.00632243
0.00910672
0.0127304
0.0520869
0.0253827
0.00985219
0.0316037
0.109952
0.00592868
0.00967306
0.0135541
0.139844
0.142031
0.099547
0.102238
0.00622865
0.141788
0.0723027
0.137772
0.118657
0.162265
0.102785
0.0413011
0.140917
0.13018
0.00795009
0.134853
0.00619136
0.00936006
0.0131262
0.155945
0.00705204
0.016532
0.0611731
0.149978
0.145784
0.134891
0.079051
0.0179354
0.0626389
0.136151
0.010689
0.124792
0.151502
0.0931987
0.0163995
0.0460156
0.00418492
0.14469
0.00614225
0.0165135
0.0464673
0.0258481
0.129438
0.142608
0.0179246
0.00680496
0.0461368
0.00476876
0.120914
0.01231
0.141101
0.00726503
0.0158664
0.144037
0.0998663
0.00879918
0.143575
0.0192277
0.0119783
0.141503
0.138484
0.117392
0.0185496
0.15433
0.0991904
0.143102
0.136164
0.0160988
0.0163669
0.141087
0.162163
0.096818
0.00792029
0.00710956
0.138386
0.00935563
0.0308774
0.0514642
0.147808
0.0344162
0.0396879
0.129294
0.0204503
0.0160299
0.121723
0.0184368
0.0740452
0.0819158
0.119276
0.0825277
0.0127698
0.0580075
0.0319697
0.0227049
0.0158201
0.0158851
0.0343964
0.12568
0.0442637
0.0147112
0.133358
0.145036
0.12612
0.108717
0.0645357
0.0264184
0.0327405
0.00707562
0.00499036
0.0311985
0.0602528
0.102192
0.023849
0.0916992
0.100311
0.0495642
0.00766245
0.0078112
0.00771108
0.145454
0.0195493
0.0464317
0.148801
0.0251682
0.111863
0.0576327
0.149647
0.146586
0.021749
0.00646482
0.0276026
0.0795585
0.140158
0.144652
0.14661
0.140185
0.148253
0.153194
0.0110146
0.141687
0.145221
0.139953
0.146282
0.0119435
0.0455783
0.148395
0.0540603
0.102958
0.0191501
0.14337
0.0241435
0.110311
0.0124494
0.0113305
0.135254
0.150259
0.117212
0.163756
0.124319
0.0670767
0.157136
0.161977
0.138093
0.022278
0.131574
0.0882088
0.0136309
0.121121
0.00623271
0.163353
0.0571986
0.159031
0.134875
0.173628
0.0203816
0.0421164
0.0273696
0.13506
0.146829
0.11178
0.0302166
0.135833
0.147463
0.0170103
0.0628442
0.0182994
0.0497836
0.00649737
0.150413
0.142394
0.0600406
0.0115267
0.144811
0.00823396
0.122628
0.142528
0.0448837
0.155122
0.148245
0.130574
0.0878686
0.0257603
0.166691
0.0539753
0.0102077
0.0842727
0.140975
0.112807
0.0154973
0.0957526
0.0546721
0.0467924
0.155173
0.0535884
0.0233034
0.107516
0.0293835
0.129357
0.0539954
0.141936
0.139513
0.142405
0.14288
0.0114588
0.140902
0.00832372
0.00447094
0.141727
0.0712956
0.0846086
0.00638441
0.139141
0.153822
0.141
0.114129
0.0797252
0.131815
0.0106014
0.0116102
0.0597319
0.0280208
0.155326
0.0443992
0.0307481
0.0116276
0.0154525
0.0453243
0.0676205
0.00730712
0.15864
0.152752
0.164537
0.0759904
0.146832
0.00902877
0.131368
0.00900603
0.151847
0.0490441
0.0277807
0.0162377
0.00907518
0.142561
0.134241
0.00656564
0.0738394
0.00833993
0.0451461
0.142859
0.113624
0.0083833
0.0429778
0.159205
0.141641
0.145534
0.0225427
0.142229
0.148376
0.143833
0.0396968
0.153856
0.00962546
0.120151
0.0887538
0.0590143
0.148945
0.0441143
0.0711116
0.133996
0.144269
0.140587
0.141691
0.0150497
0.142685
0.00978623
0.131792
0.138822
0.0941804
0.160302
0.148796
0.00901872
0.142092
0.14762
0.00918479
0.00572522
0.141918
0.132614
0.143816
0.0691642
0.13343
0.15778
0.151267
0.0456945
0.137772
0.175213
0.148686
0.00634837
0.00911115
0.133847
0.0866703
0.0109319
0.00875897
0.0824032
0.0725666
0.0360759
0.0247898
0.00886102
0.0142085
0.169092
0.00814938
0.0677866
0.142251
0.0215212
0.108294
0.00929484
0.00707268
0.151124
0.0410536
0.0326854
0.153693
0.140211
0.110398
0.140282
0.0339844
0.0438082
0.0105746
0.115143
0.142295
0.0624041
0.00890513
0.0724987
0.0110546
0.11501
0.0298169
0.0655726
0.138935
0.0237453
0.0457958
0.142971
0.149738
0.00954088
0.140301
0.132823
0.141736
0.0493452
0.144694
0.0060769
0.0221268
0.173356
0.138375
0.142298
0.0832545
0.00910353
0.00939714
0.143415
0.143041
0.0102347
0.0155262
0.103522
0.141934
0.00864083
0.0180105
0.147564
0.134963
0.0066495
0.0498629
0.0784685
0.0127125
0.009559
0.142167
0.00652673
0.113825
0.0728232
0.00740501
0.0199687
0.00604773
0.00807869
0.0368713
0.141959
0.0584792
0.0103453
0.0631884
0.141238
0.0838233
0.0998378
0.0118986
0.141124
0.144918
0.156329
0.121888
0.14483
0.0618175
0.139528
0.0530095
0.0623176
0.0535873
0.141213
0.0217737
0.150666
0.113939
0.131084
0.0188217
0.0501805
0.00598996
0.14164
0.16082
0.00769466
0.00635481
0.0174487
0.162927
0.106586
0.00891542
0.00609727
0.00612831
0.0514551
0.149307
0.00918788
0.0171315
0.0621243
0.156733
0.165388
0.0207964
0.12843
0.0454105
0.017835
0.096817
0.0574708
0.156367
0.0452916
0.0343565
0.156135
0.0109865
0.159259
0.163646
0.0434978
0.029812
0.143026
0.0467773
0.050643
0.0116932
0.13005
0.141123
0.0679355
0.152526
0.121621
0.0299013
0.0200161
0.0087261
0.0522511
0.111777
0.0705006
0.00849186
0.0937463
0.00947456
0.0223823
0.0173513
0.13482
0.0965778
0.117876
0.140454
0.140479
0.106888
0.028738
0.00704484
0.165229
0.0194474
0.0598291
0.140827
0.138411
0.00639451
0.132913
0.0101071
0.141739
0.00843371
0.00734161
0.00827163
0.0230808
0.0337684
0.0984054
0.103754
0.0129193
0.150349
0.0236926
0.0578706
0.121135
0.0177294
0.00581252
0.00669922
0.132371
0.141389
0.153147
0.141471
0.149889
0.144155
0.141549
0.114324
0.0245741
0.146329
0.108265
0.0272436
0.152785
0.0146304
0.0477386
0.00618183
0.142375
0.010434
0.148621
0.145164
0.00555238
0.00671269
0.134261
0.105099
0.035158
0.00699522
0.125837
0.162307
0.0141287
0.130445
0.140262
0.176735
0.0913924
0.0122052
0.123022
0.0982734
0.00702978
0.0128307
0.0137466
0.0415017
0.037006
0.00746625
0.141272
0.0198579
0.14146
0.154728
0.170468
0.168975
0.106693
0.167605
0.163995
0.160813
0.156413
0.158231
0.157294
0.158212
0.158932
0.182386
0.164883
0.144674
0.173175
0.155183
0.00871122
0.0368503
0.0600582
0.181507
0.116997
0.153253
0.026889
0.14013
0.123413
0.152527
0.141883
0.0582199
0.142049
0.143964
0.132201
0.012116
0.0328795
0.141065
0.142128
0.115236
0.0225762
0.0339555
0.00416682
0.125349
0.160543
0.162288
0.157794
0.030038
0.0172164
0.143255
0.154747
0.0942785
0.140126
0.136311
0.126838
0.133157
0.139762
0.133784
0.176733
0.00748921
0.136225
0.00391264
0.145002
0.00900375
0.140892
0.12144
0.0268854
0.151532
0.0298451
0.125313
0.0896603
0.146419
0.154888
0.144897
0.161841
0.132878
0.125856
0.144974
0.141881
0.152649
0.148718
0.15259
0.00950508
0.0132784
0.138757
0.137547
0.157062
0.0267444
0.0380497
0.14139
0.109364
0.145765
0.131921
0.136329
0.138243
0.12414
0.150735
0.0200811
0.0853009
0.024017
0.117392
0.00775688
0.122499
0.00658168
0.0951598
0.13116
0.0138244
0.141842
0.0272218
0.085414
0.114071
0.140516
0.100631
0.0780065
0.141468
0.114425
0.15816
0.15073
0.0970117
0.13955
0.013204
0.105747
0.090467
0.155703
0.143666
0.00675298
0.154539
0.0952588
0.155646
0.109091
0.15251
0.0660404
0.119138
0.00753786
0.0922007
0.157011
0.00464881
0.0909399
0.00637776
0.00835286
0.119526
0.0180133
0.0583923
0.124287
0.00859144
0.149149
0.116293
0.0954836
0.116449
0.0156466
0.103717
0.0215383
0.142478
0.168973
0.1672
0.011429
0.00587231
0.0755431
0.142206
0.0942764
0.1474
0.140753
0.108743
0.119793
0.132298
0.105919
0.142159
0.113756
0.170163
0.166403
0.145931
0.0176438
0.149767
0.105467
0.0200569
0.00850299
0.154896
0.141562
0.0263813
0.138299
0.0972681
0.125826
0.0401944
0.0866209
0.115806
0.144254
0.100977
0.029797
0.0383237
0.130203
0.102377
0.00751029
0.131918
0.14298
0.010199
0.140064
0.114604
0.115141
0.150233
0.0963219
0.0243949
0.0266851
0.0121869
0.136327
0.155382
0.140552
0.0969922
0.143603
0.140952
0.151202
0.0824459
0.104074
0.122862
0.12938
0.151884
0.0214937
0.114129
0.0826107
0.0130545
0.0791784
0.0569246
0.141934
0.0505606
0.103764
0.00857587
0.136703
0.146262
0.116149
0.151984
0.0773157
0.00872855
0.133602
0.105655
0.123688
0.0117413
0.10898
0.00795955
0.0785878
0.0320818
0.00938679
0.151507
0.111356
0.152944
0.074189
0.11638
0.0987805
0.15058
0.00806507
0.152084
0.134729
0.0192158
0.0203614
0.156112
0.139804
0.155051
0.0164278
0.00894912
0.147078
0.0834702
0.108785
0.0174842
0.00749986
0.14637
0.0614729
0.101731
0.0728013
0.019259
0.0348835
0.0894289
0.140759
0.00766692
0.151872
0.140291
0.1553
0.146689
0.14769
0.0899887
0.141503
0.102981
0.140584
0.0261856
0.146776
0.148599
0.0713086
0.00933629
0.132707
0.0103692
0.00735198
0.153332
0.0543506
0.143156
0.052281
0.165833
0.125908
0.0991549
0.0129515
0.0104068
0.0961034
0.143894
0.148037
0.0285898
0.068035
0.165803
0.11182
0.147638
0.144811
0.145695
0.062919
0.172049
0.164338
0.147329
0.143352
0.00815209
0.113127
0.146107
0.153057
0.105007
0.0368085
0.0628501
0.0832124
0.0455433
0.00624528
0.0853416
0.10631
0.00795478
0.160367
0.0117849
0.144811
0.157214
0.0336009
0.139413
0.147993
0.0130201
0.0254021
0.140511
0.0793609
0.10184
0.0846302
0.0589067
0.065414
0.140275
0.130406
0.14165
0.141259
0.076873
0.135513
0.152449
0.0101961
0.150023
0.148418
0.141552
0.145898
0.12346
0.0689302
0.00657558
0.142153
0.142275
0.140966
0.106414
0.0125078
0.171901
0.0278384
0.0862578
0.088287
0.0114984
0.146677
0.124641
0.121069
0.150271
0.148735
0.074393
0.0153248
0.00692094
0.102749
0.101293
0.0365905
0.141701
0.109072
0.0151475
0.00616144
0.171185
0.160472
0.143178
0.141851
0.152576
0.0261239
0.104583
0.00825538
0.118549
0.00688152
0.143444
0.0083913
0.127812
0.065573
0.0661721
0.0669736
0.105622
0.130108
0.0240941
0.135122
0.144466
0.00797969
0.149363
0.00924302
0.119049
0.0895896
0.0788405
0.0818957
0.145184
0.14138
0.141905
0.142869
0.130742
0.0525522
0.137658
0.140782
0.141884
0.140779
0.141807
0.0119413
0.0453128
0.128305
0.00899687
0.0157026
0.0281905
0.0924209
0.0940443
0.0080033
0.142503
0.146059
0.00681349
0.141024
0.142257
0.142778
0.0755306
0.145296
0.0820058
0.175971
0.160395
0.158493
0.171322
0.134858
0.142201
0.178954
0.155106
0.0119661
0.145764
0.0187229
0.0233111
0.00795908
0.141595
0.105872
0.143753
0.139296
0.149107
0.133007
0.149152
0.14162
0.126879
0.0294669
0.143789
0.141176
0.15565
0.142226
0.156263
0.141161
0.144884
0.0562433
0.00993071
0.141292
0.141162
0.0818842
0.0590549
0.0776581
0.0833468
0.144285
0.0240722
0.150289
0.146228
0.0544899
0.13058
0.0570612
0.0061655
0.145939
0.143934
0.14563
0.0145664
0.0271649
0.0776809
0.140722
0.100578
0.00389214
0.124633
0.141589
0.0279923
0.00420196
0.0106483
0.0874349
0.109116
0.152591
0.00386071
0.00378244
0.14227
0.00989788
0.0220603
0.144633
0.0126405
0.00413351
0.00433432
0.0427407
0.00370474
0.125554
0.00777224
0.00481126
0.00467822
0.0172666
0.00403141
0.00704782
0.0546868
0.02116
0.130328
0.00401648
0.00425637
0.149474
0.00357289
0.144402
0.00443602
0.145103
0.0356148
0.00399304
0.00420267
0.0771813
0.00352638
0.00599511
0.116362
0.0243965
0.105754
0.00420963
0.00437444
0.121643
0.00443909
0.0102636
0.00418618
0.10794
0.0973532
0.136591
0.030506
0.0326833
0.00405179
0.141738
0.0708521
0.00439842
0.00471135
0.00449246
0.00417961
0.00394246
0.00420288
0.00419167
0.00402908
0.0045408
0.00470601
0.117717
0.00418342
0.00393836
0.00418822
0.00423836
0.00377368
0.00442319
0.140324
0.00450612
0.00720558
0.00441432
0.102932
0.129882
0.00408947
0.00468457
0.00409619
0.00416296
0.142708
0.00448899
0.00402436
0.0436982
0.0463506
0.00392817
0.00467023
0.00446197
0.00442667
0.106933
0.00978594
0.142495
0.00464236
0.02304
0.0640996
0.0320078
0.0943343
0.144082
0.00446025
0.0223071
0.152884
0.0344436
0.00410734
0.00431159
0.00371879
0.0794257
0.0322646
0.00389159
0.0342028
0.154978
0.0046336
0.0773571
0.0597502
0.0310626
0.0584867
0.143369
0.127925
0.145626
0.086685
0.00376992
0.146365
0.0923028
0.141302
0.00705801
0.00468942
0.00382856
0.142923
0.0532855
0.00454726
0.142376
0.142414
0.00622598
0.00334131
0.0129019
0.131735
0.0329484
0.135612
0.0797567
0.0417136
0.0892375
0.005016
0.0108172
0.0842439
0.00332763
0.141378
0.135901
0.0222384
0.100075
0.00370168
0.14877
0.00449617
0.00361082
0.0461073
0.140777
0.00473705
0.00393931
0.0149439
0.158048
0.142827
0.141613
0.0111916
0.00388763
0.143293
0.16761
0.123899
0.137878
0.0149288
0.0193298
0.00865671
0.127265
0.151312
0.10047
0.00455816
0.00354554
0.00452572
0.0075576
0.033915
0.0355187
0.0328262
0.141668
0.00391976
0.143677
0.00429911
0.141454
0.00405947
0.00467901
0.00374432
0.00455509
0.141615
0.00448372
0.00763041
0.128125
0.0723852
0.00451219
0.011168
0.00960722
0.142016
0.00360213
0.140946
0.00433572
0.00441104
0.00363017
0.0333454
0.00339537
0.142711
0.00390859
0.0156974
0.140602
0.0342517
0.00410841
0.010159
0.0734393
0.158501
0.00342781
0.0058347
0.00656738
0.0345352
0.00448506
0.102423
0.0514258
0.0151565
0.139182
0.0916096
0.126117
0.160068
0.0124243
0.00931925
0.00825706
0.0222237
0.0972019
0.00878049
0.00386344
0.0119937
0.00312553
0.101654
0.146537
0.139496
0.125683
0.108762
0.0224815
0.139556
0.114776
0.0758069
0.0641493
0.144928
0.0250752
0.141696
0.14301
0.141683
0.143586
0.142832
0.0479436
0.00371234
0.141402
0.00649386
0.0375745
0.151652
0.0115402
0.137176
0.00419226
0.136577
0.141635
0.0126742
0.144173
0.0639209
0.00613717
0.141517
0.00702303
0.0525277
0.121419
0.0551685
0.0230984
0.142222
0.142602
0.141468
0.00760109
0.143484
0.142721
0.125256
0.124126
0.0642724
0.143834
0.129461
0.141803
0.00998835
0.154397
0.144506
0.141787
0.131696
0.137606
0.00381785
0.141619
0.0190478
0.140612
0.00475639
0.010333
0.145448
0.148588
0.00426399
0.0436875
0.143947
0.0818189
0.142266
0.0153186
0.0222514
0.143298
0.152443
0.141976
0.00347225
0.142238
0.0162069
0.0296336
0.141585
0.00422954
0.141732
0.0316445
0.0173244
0.129027
0.114869
0.142766
0.0111325
0.171698
0.15546
0.105623
0.020487
0.0229392
0.0309576
0.139204
0.137586
0.0226235
0.00433073
0.00585346
0.00674978
0.00996765
0.055037
0.0583405
0.147525
0.011961
0.0452144
0.131949
0.00425391
0.038188
0.144988
0.1418
0.0233256
0.142644
0.133491
0.109617
0.142034
0.0865226
0.0297766
0.0667001
0.146036
0.0170199
0.144663
0.00560717
0.15038
0.090959
0.00368401
0.142047
0.0149583
0.00606804
0.151814
0.0170973
0.00997488
0.124265
0.0460821
0.145283
0.00455909
0.120113
0.1445
0.110743
0.029172
0.145833
0.00892328
0.106338
0.0375874
0.141952
0.15859
0.141929
0.141467
0.143223
0.102041
0.0107766
0.135967
0.033922
0.0458557
0.118565
0.0298792
0.143255
0.00453409
0.136988
0.0158582
0.0566074
0.00399253
0.154601
0.143154
0.156061
0.142948
0.126666
0.0467645
0.0908095
0.0340668
0.154646
0.0520285
0.142637
0.141709
0.0380506
0.0830409
0.111388
0.0919976
0.011205
0.144324
0.0310537
0.0337782
0.00409396
0.0301104
0.00661303
0.00723856
0.0827239
0.109908
0.141868
0.0343143
0.1415
0.141886
0.142509
0.00782038
0.0851689
0.0927576
0.140538
0.0640836
0.100354
0.142847
0.136401
0.103279
0.0902661
0.00650917
0.116675
0.007339
0.0374619
0.00880099
0.0161841
0.0337997
0.00597858
0.00721292
0.0759305
0.142817
0.0309707
0.00431241
0.0160571
0.00375101
0.14639
0.140038
0.0150745
0.0322379
0.022129
0.0105731
0.114867
0.00348892
0.00396799
0.00467438
0.0794628
0.12247
0.0134152
0.139056
0.0358718
0.0187915
0.0727568
0.00874594
0.142985
0.00546068
0.140171
0.148427
0.137441
0.0040136
0.00482858
0.161436
0.00435536
0.00535136
0.160621
0.141774
0.0594807
0.00427022
0.00398708
0.13776
0.00426434
0.0125748
0.00402791
0.00462302
0.0421617
0.00947028
0.126509
0.00477949
0.0488587
0.0306678
0.0403439
0.144487
0.00621605
0.00774473
0.00490705
0.143737
0.00520374
0.00405629
0.00466932
0.00549774
0.100833
0.0155566
0.00398611
0.142551
0.151839
0.0101623
0.0141402
0.00497185
0.0598735
0.0269071
0.0154794
0.0358408
0.14141
0.00507018
0.104078
0.140841
0.00648065
0.154346
0.00482167
0.150872
0.00571557
0.00589644
0.00602316
0.0818739
0.00633494
0.111885
0.00536134
0.0108853
0.0057213
0.00430836
0.091982
0.0188503
0.0236072
0.137158
0.116326
0.138004
0.0117173
0.00486511
0.00566933
0.159918
0.159604
0.145292
0.00724825
0.0184475
0.142943
0.00548392
0.0059743
0.00605221
0.115524
0.00543762
0.00550555
0.141683
0.00587827
0.00584358
0.0405575
0.00574276
0.00568568
0.00555409
0.00399366
0.00568867
0.00591277
0.00573015
0.00601659
0.00638414
0.00550906
0.142137
0.00596432
0.00555156
0.15209
0.00545862
0.00613058
0.00566735
0.00597703
0.143514
0.00610661
0.110677
0.00617136
0.00545108
0.00645284
0.00561526
0.0542929
0.00579046
0.1273
0.00609954
0.00598037
0.00921779
0.00615932
0.00402822
0.00619159
0.00578516
0.0510644
0.00518284
0.00605036
0.00650622
0.00549106
0.032517
0.141609
0.141685
0.00616428
0.0107897
0.00587874
0.00398537
0.0057844
0.0294555
0.00528303
0.0642688
0.0510714
0.121896
0.0179448
0.00560062
0.0108864
0.14093
0.140944
0.0474841
0.00609582
0.0054158
0.0137395
0.00910769
0.00636915
0.141289
0.0138975
0.0220351
0.0354153
0.00514116
0.00550232
0.173407
0.16432
0.00511915
0.00330752
0.0063486
0.136272
0.00640582
0.00305282
0.144576
0.0106553
0.0578437
0.0641901
0.0842929
0.0165181
0.0945389
0.0940344
0.00529948
0.143282
0.0159582
0.00885687
0.0112129
0.140286
0.0152503
0.0373278
0.00497502
0.164728
0.153597
0.0113787
0.112722
0.128102
0.159921
0.135043
0.120824
0.140574
0.00514998
0.141935
0.00482312
0.00794893
0.10122
0.012663
0.138719
0.11012
0.00499995
0.0292364
0.0661395
0.0692041
0.126157
0.00494762
0.0565953
0.00892568
0.00626371
0.0911357
0.00618607
0.00367209
0.03096
0.0259856
0.00641076
0.00636683
0.151976
0.0396433
0.0042282
0.012734
0.00792768
0.141738
0.139301
0.0708799
0.158192
0.106104
0.134281
0.00608588
0.00489569
0.00356619
0.00548937
0.00589162
0.00630401
0.00525781
0.00577535
0.00528003
0.0727104
0.0284106
0.00504133
0.0206183
0.00699831
0.00631329
0.00627978
0.00631558
0.145477
0.00593546
0.146901
0.0428968
0.00631633
0.159493
0.183974
0.0106384
0.0249226
0.00455908
0.00622988
0.142324
0.00991083
0.00624423
0.141621
0.00627607
0.122746
0.143334
0.0121041
0.00559965
0.108358
0.00665576
0.00517569
0.157575
0.00615578
0.0330937
0.00609248
0.123683
0.00573012
0.0249154
0.00552997
0.00510248
0.00589466
0.00498447
0.0985979
0.0158901
0.144221
0.00541853
0.00596844
0.159966
0.0057966
0.117963
0.0190042
0.12879
0.00587922
0.0064617
0.136258
0.014816
0.0510784
0.152542
0.141523
0.00389427
0.135264
0.0244377
0.0775298
0.0383413
0.119199
0.0146895
0.0429976
0.00538118
0.143408
0.141937
0.114669
0.00336475
0.141484
0.118066
0.136982
0.00801688
0.00596741
0.00352784
0.0963866
0.140485
0.0072442
0.00584843
0.00508138
0.0852264
0.00749483
0.00415122
0.136763
0.0052872
0.0318493
0.140557
0.0113118
0.0407283
0.0327076
0.0315331
0.0966284
0.00738335
0.00690716
0.080446
0.00445406
0.14314
0.148421
0.171718
0.104535
0.00523116
0.00659404
0.00531808
0.00532324
0.157716
0.105692
0.00879308
0.0492908
0.136724
0.00402336
0.0032996
0.119288
0.115985
0.00570439
0.132878
0.00625383
0.00601537
0.0338622
0.0812605
0.0040589
0.146699
0.00617363
0.00402164
0.00519633
0.00432791
0.0502041
0.0410966
0.141609
0.00804179
0.00620026
0.00890751
0.0318393
0.0498683
0.00763165
0.162078
0.141967
0.0063406
0.00495442
0.0095349
0.00839747
0.146874
0.0317841
0.0302976
0.0105262
0.00366597
0.00541051
0.00406759
0.0111604
0.13976
0.00560808
0.138956
0.00348661
0.00709534
0.141356
0.141865
0.00764847
0.158409
0.0191466
0.00459284
0.00807959
0.0379723
0.181117
0.163333
0.0328135
0.0768478
0.0422747
0.142757
0.129113
0.027116
0.00835645
0.0648991
0.139834
0.0275455
0.00942023
0.00350794
0.132422
0.00901963
0.141615
0.047288
0.153991
0.141579
0.136462
0.141812
0.0110404
0.14851
0.00913589
0.00536729
0.0199581
0.0870911
0.149025
0.00767539
0.018908
0.00976103
0.125519
0.00523563
0.00839388
0.00398548
0.14126
0.00651259
0.142319
0.103123
0.0115529
0.133362
0.00465569
0.010239
0.00802562
0.150142
0.0094206
0.00517908
0.00756503
0.0975776
0.0750428
0.00484583
0.00663174
0.0190212
0.0262153
0.14154
0.0107393
0.109795
0.0068676
0.0343481
0.00388872
0.122114
0.0715743
0.141537
0.00847985
0.0280453
0.00581252
0.00950426
0.0335968
0.00991067
0.0628476
0.118479
0.143353
0.0500117
0.0380722
0.142525
0.00655378
0.0119017
0.021459
0.00759958
0.145903
0.141946
0.00543387
0.179487
0.123647
0.142805
0.00484672
0.00413052
0.00781642
0.107477
0.120743
0.00435354
0.106637
0.0175144
0.0716893
0.0258688
0.142171
0.142283
0.124052
0.139283
0.00922928
0.0559469
0.091057
0.156841
0.00804458
0.00813554
0.141596
0.0131857
0.00387144
0.136194
0.0141494
0.0571272
0.0215527
0.00637418
0.0473444
0.138072
0.00644882
0.112146
0.142084
0.0647158
0.143704
0.141837
0.0390134
0.0881043
0.119897
0.0738745
0.00733393
0.0343392
0.114459
0.0853233
0.056345
0.00353269
0.00614916
0.152564
0.02509
0.106464
0.0373245
0.00724968
0.142933
0.00600962
0.0923928
0.138139
0.00885694
0.143618
0.0116542
0.0541992
0.144932
0.0391951
0.0062523
0.102399
0.137686
0.00370199
0.0362265
0.00527222
0.0932333
0.00733978
0.0430555
0.0527732
0.15771
0.0293216
0.08365
0.00820935
0.0107244
0.0177459
0.141534
0.0043048
0.142658
0.0804907
0.141595
0.025922
0.097683
0.0504418
0.141468
0.161836
0.0445753
0.0171221
0.0096673
0.0817455
0.0329901
0.0312109
0.142946
0.0571893
0.095784
0.00804509
0.0484428
0.079777
0.0278707
0.0970391
0.0136769
0.011166
0.014395
0.0952254
0.128515
0.0264994
0.00633149
0.00420215
0.14264
0.0307877
0.0196024
0.0227262
0.0206486
0.00749028
0.00386314
0.140116
0.015507
0.00479055
0.128057
0.0134505
0.112082
0.00568262
0.0437204
0.0147161
0.0425501
0.0244744
0.00843472
0.0201695
0.00645106
0.122806
0.0108363
0.116111
0.0174659
0.013905
0.142203
0.009231
0.0104696
0.141582
0.0960727
0.127871
0.0793292
0.13917
0.147672
0.0365284
0.0061865
0.00692629
0.00757574
0.0159768
0.141647
0.00605438
0.00828453
0.0772184
0.0147006
0.142937
0.0361348
0.0898821
0.0111423
0.00522006
0.0130707
0.0930431
0.0180673
0.0450534
0.00298224
0.00629793
0.00609092
0.0769919
0.0151496
0.034911
0.00781678
0.146687
0.144105
0.00576761
0.128169
0.00605914
0.0316624
0.00658585
0.0063478
0.00572684
0.00736042
0.0410684
0.00580529
0.105718
0.0422468
0.126168
0.00658634
0.00615614
0.0059252
0.00571684
0.137383
0.094439
0.0150512
0.138419
0.0846639
0.00707106
0.0810986
0.123303
0.0217878
0.00840444
0.107918
0.0293788
0.0109334
0.0274722
0.133842
0.0452263
0.0161801
0.00593938
0.0613624
0.0349203
0.00576636
0.00700133
0.00640337
0.144472
0.00927189
0.0735069
0.00672647
0.0592994
0.0104219
0.0836178
0.00412457
0.00808554
0.00738893
0.138921
0.00617553
0.0100908
0.00860359
0.141433
0.108905
0.143974
0.00796818
0.115813
0.0857472
0.0544117
0.00602354
0.00742095
0.120621
0.017499
0.00514501
0.133463
0.00594272
0.0639855
0.0106847
0.00505437
0.0102858
0.00541746
0.00560479
0.144454
0.04123
0.144066
0.0112697
0.0072314
0.00822107
0.00796639
0.00711285
0.142466
0.00575414
0.03858
0.0587862
0.127559
0.108322
0.0994715
0.143623
0.142195
0.1403
0.00680855
0.00635432
0.00584171
0.0306855
0.14358
0.012953
0.0892739
0.00690835
0.123117
0.141243
0.00592391
0.00694902
0.0067968
0.105297
0.0218025
0.00763867
0.0407166
0.0071123
0.0787427
0.0399926
0.00786332
0.0578249
0.0654322
0.0162177
0.0907067
0.00645448
0.0225185
0.143225
0.0105693
0.00678568
0.0430538
0.0135652
0.00706606
0.00821454
0.00737057
0.0054137
0.0153638
0.145519
0.00776612
0.00622337
0.0415311
0.0679522
0.00872807
0.00784858
0.00759484
0.00619497
0.139531
0.128781
0.0284201
0.0269321
0.0082381
0.00830653
0.00754962
0.00780189
0.00592493
0.0220182
0.00709429
0.0081285
0.00552119
0.142997
0.00919854
0.00590266
0.124706
0.0963455
0.01465
0.0272603
0.00780963
0.143043
0.0457531
0.00975601
0.00798377
0.00721245
0.00540226
0.00847249
0.161484
0.0257642
0.100791
0.00643041
0.100686
0.0111547
0.126588
0.00670594
0.0975148
0.00777707
0.0293179
0.00973674
0.00658438
0.00963611
0.133994
0.00958984
0.0216334
0.0109163
0.00707335
0.00709319
0.00743819
0.00496856
0.115595
0.0069022
0.00861337
0.011261
0.0100932
0.00636868
0.101738
0.0066462
0.0078433
0.0206399
0.00421037
0.0049025
0.0102058
0.011821
0.00801469
0.0180896
0.00728477
0.0171092
0.0124455
0.00819235
0.011418
0.0453991
0.00849835
0.0872867
0.00692645
0.0111525
0.00773292
0.00831271
0.007255
0.0178711
0.00715461
0.00598944
0.0153012
0.103413
0.00950744
0.00741975
0.00719139
0.00966608
0.113909
0.00664451
0.0155396
0.00976649
0.00781991
0.0552449
0.00612398
0.0473233
0.0400516
0.171136
0.00608055
0.00563727
0.00627762
0.0082169
0.105325
0.0177917
0.00749734
0.141772
0.0470396
0.00711398
0.116881
0.00516226
0.0594427
0.00717088
0.0494534
0.00503386
0.0268079
0.125764
0.124073
0.00739571
0.014944
0.0194281
0.125884
0.00804374
0.0786481
0.0472204
0.122065
0.114685
0.00915557
0.0664246
0.00568231
0.144662
0.0522684
0.134214
0.0069095
0.00851785
0.0243481
0.0235986
0.0707989
0.148435
0.028386
0.00928169
0.00534854
0.0173238
0.00718354
0.0495818
0.00716965
0.123272
0.00736551
0.0119431
0.00721272
0.00664426
0.00755425
0.0670961
0.0480594
0.0152593
0.0173638
0.0316662
0.143319
0.00768723
0.0590935
0.0878031
0.0324126
0.0114436
0.0140046
0.00867562
0.00580326
0.00706881
0.00617112
0.121878
0.00551843
0.0285925
0.029154
0.153833
0.00613627
0.00574866
0.118647
0.00777981
0.0166585
0.018397
0.112504
0.0620698
0.00756756
0.0871668
0.00671842
0.018024
0.0696813
0.0146694
0.0175937
0.164278
0.108961
0.00506009
0.0330372
0.0120538
0.00701576
0.16434
0.0906775
0.0164522
0.0612648
0.00868198
0.00754347
0.0225782
0.0452702
0.00760958
0.119408
0.00670973
0.123243
0.110221
0.0819291
0.00764423
0.103044
0.0968702
0.0523764
0.00845387
0.00642636
0.0650407
0.00654612
0.00825873
0.00815654
0.00951455
0.131838
0.00866989
0.0101018
0.119537
0.00744777
0.0141256
0.00738922
0.00946554
0.00512366
0.00385639
0.0331579
0.0136619
0.0132101
)
;

boundaryField
{
    frontAndBack
    {
        type            empty;
    }
    upperAndLower
    {
        type            symmetry;
    }
    outlet
    {
        type            freestream;
        freestreamValue uniform 0.14;
        value           nonuniform List<scalar> 10(0.106693 0.160813 0.182386 0.164883 0.144674 0.166403 0.175971 0.160395 0.133007 0.116326);
    }
    inlet
    {
        type            freestream;
        freestreamValue uniform 0.14;
        value           uniform 0.14;
    }
    airfoil
    {
        type            fixedValue;
        value           uniform 0;
    }
}


// ************************************************************************* //
