/*--------------------------------*- C++ -*----------------------------------*\
  =========                 |
  \\      /  F ield         | OpenFOAM: The Open Source CFD Toolbox
   \\    /   O peration     | Website:  https://openfoam.org
    \\  /    A nd           | Version:  10
     \\/     M anipulation  |
\*---------------------------------------------------------------------------*/
FoamFile
{
    format      ascii;
    class       volScalarField;
    location    "150";
    object      p;
}
// * * * * * * * * * * * * * * * * * * * * * * * * * * * * * * * * * * * * * //

dimensions      [0 2 -2 0 0 0 0];

internalField   nonuniform List<scalar> 
3042
(
-121.303
-4.64338
26.6904
-56.7975
21.7819
-12.9296
4.44656
-109.379
-4.32764
-149.717
99.5679
8.42811
-20.6281
14.1639
18.0797
28.2578
-3.91344
-128.122
-25.9964
13.7852
-111.865
-7.78446
17.2193
20.9267
-57.4746
-16.5295
34.1077
-25.2216
-26.6383
41.3189
-94.7924
72.0068
-29.3002
-34.8117
-49.6797
3.08531
-48.6924
-86.7079
-48.5344
-78.1844
-76.0714
-118.508
59.4511
11.8318
-76.9049
-18.5867
-70.78
-31.2251
25.8906
-25.926
-56.3372
25.4576
-1.22498
50.341
41.8695
2.55967
4.07383
-0.557755
-25.0727
-3.13095
23.3696
5.03678
-84.9626
5.87638
19.7209
-83.666
-34.2578
18.2559
-41.0999
5.4448
8.14988
-65.4012
-44.3012
42.1184
-9.9475
0.733629
-49.8904
3.15402
40.6629
-91.9713
-17.7532
8.41712
-47.1482
-1.78343
-21.5901
-80.3645
2.69944
0.616173
-148.507
47.0767
23.8973
41.3461
96.7384
31.615
6.42065
-21.3226
-109.151
17.6264
-75.5977
34.5514
-10.9324
-77.7386
-11.8689
5.57937
5.43632
2.00967
-57.8656
16.0279
20.7741
-78.1101
-27.3687
-77.2031
-64.0591
-68.011
4.34781
37.7422
78.3223
-27.3703
-139.468
16.0239
-80.1312
3.43195
37.2498
-12.2213
9.67529
1.3232
0.40095
2.608
34.1094
-5.61218
44.6678
-70.4332
-51.3215
-3.0976
1.9663
17.6979
21.6872
7.97163
-59.0585
2.31788
0.446829
-3.34226
14.6315
35.2342
-0.279408
-61.3572
-0.128587
-40.3031
-72.8535
-5.1618
-72.8267
6.78209
9.32695
23.0601
-11.6378
-13.7131
30.4613
-2.89621
5.54117
-47.3759
31.9666
-65.1444
-0.780849
3.40706
-45.5373
15.7779
17.4458
23.7662
8.31107
10.8616
-0.970241
17.7046
4.63289
6.21391
-53.574
-30.1182
-60.3428
79.2724
-21.6737
-16.3404
17.6265
24.3952
24.5345
-25.4496
-56.4181
-73.5989
75.9108
-0.954566
9.51991
-42.3705
13.1068
-90.2821
-64.7146
-36.1728
2.03861
-19.0053
33.8766
-30.4793
64.3773
-4.35282
-73.8529
-40.0869
6.86161
16.5759
-0.0364703
3.58594
-61.4174
-15.577
98.2034
15.4009
-10.4218
-5.16963
-0.76949
-80.3014
14.3997
-9.22527
-80.863
0.301651
47.5361
-87.7973
-6.98997
24.5283
-10.6407
-4.73889
-7.9182
-7.78564
-10.6383
22.0982
-87.7697
-34.4469
-12.5048
-3.80704
-14.7965
-3.56111
-13.2644
-154.818
-10.386
-126.722
-86.0462
109.583
-0.0747465
49.6357
17.4609
-70.3688
-101.058
-5.802
-16.5643
-53.4582
5.15033
-50.3019
0.549134
30.0674
-83.7856
-4.01638
-52.638
-54.3464
-104.191
-91.3502
47.8761
5.57646
52.447
-71.7789
-33.4758
-18.1984
16.901
-6.5731
31.1496
-59.0851
-33.1476
-19.1992
-5.49468
-0.564809
0.395801
8.61804
6.27145
38.9372
-78.1942
-8.52405
-83.0292
101.663
-6.12247
-6.26666
-18.1026
-10.8941
151.787
-49.4817
-39.6778
-72.7312
-99.4221
31.6238
-62.5491
-82.7145
92.8976
13.5107
-63.7855
-5.43136
-146.47
-64.9634
-1.84019
37.154
-26.0541
-0.241352
7.93815
-73.8786
93.5331
-0.36516
38.995
-9.56901
-49.0868
-46.6037
4.85949
-3.00654
-5.239
6.15722
52.6234
-87.6824
-0.636041
6.14232
27.5953
-38.8617
-3.08947
44.4015
0.771078
2.2502
87.7066
-64.7904
-3.71552
-32.5028
-54.8877
-57.5468
-111.16
-3.63529
-43.4142
2.34464
-29.8709
-81.2935
-19.1653
-65.7007
-75.2604
4.27053
-9.97924
-89.7421
-92.042
2.06524
-7.53219
46.4529
8.95178
158.706
1.93805
-75.8124
-34.77
-52.8974
-131.401
-132.127
-13.5505
4.46581
-52.0182
-21.3839
-3.79578
-0.057108
-46.4581
8.41927
-120.473
28.0706
-14.4765
0.934473
-88.8527
-22.6695
-0.550806
7.73176
-51.2142
15.2583
-57.9278
74.9504
-16.0368
-6.16154
-4.7239
-14.7432
-121.612
6.91405
-4.10282
-44.321
-9.11156
-43.5182
-28.2601
-12.2459
-9.05213
-4.19019
-9.02656
153.885
-74.8066
-48.8169
-2.53026
81.3434
-14.8829
35.0364
-107.152
-103.011
-45.8712
-6.91166
5.43907
-46.7162
-91.1397
-52.9639
36.4972
-48.1145
108.27
-39.2629
-91.0831
-7.90399
21.4795
-13.0606
-30.1271
-54.1784
-51.1307
23.1383
-4.89427
-77.1348
-10.5135
-16.4577
-166.055
0.0590825
-28.9682
-64.1431
-76.6634
-117.248
-37.9895
7.16414
-5.47658
9.3241
-0.691959
13.5975
-9.82004
-2.65133
-53.7391
-23.6813
14.6256
-33.5632
-48.071
-0.194804
1.26691
193.631
-7.13529
71.3501
-74.9565
64.462
-55.7812
-0.943847
-9.4663
-20.4482
-24.7225
2.20064
54.3615
-37.9647
-57.0939
-86.9273
-66.5194
1.42303
80.5092
49.4964
4.42373
-63.8305
-12.7341
-88.9788
-30.0751
-109.077
0.602051
-11.6659
0.406849
21.6315
-52.2979
-96.0351
3.58883
-104.833
-43.5256
-25.7051
1.72517
-46.7307
-50.0126
-6.81795
-4.70534
-66.9243
5.01789
-62.6388
-36.9822
11.7916
-29.7103
24.541
-55.5236
13.8523
-9.51419
-47.5459
-62.3246
-52.1663
-5.0709
23.7827
56.3576
-11.8241
-24.8575
-50.6358
11.8329
-8.02824
22.5113
-0.622752
0.406431
-62.0878
-43.2602
-6.72245
-109.543
3.38961
-49.0884
-62.5921
-83.3907
-4.69634
-67.1437
117.012
-59.4706
-19.4712
34.8288
13.1834
8.77634
-75.3732
-51.9071
0.916481
-55.3692
36.6617
-13.6119
5.71562
-75.0198
-65.8162
-57.3415
-47.7757
-58.742
-48.8715
8.73374
-62.6593
-3.87184
-6.65599
-3.18693
-72.3511
19.3523
-81.6602
0.923909
-29.7351
-8.71041
10.4213
-121.986
10.1932
3.39722
-94.2209
-7.28926
-51.9453
-155.476
20.8584
-0.779239
-20.2339
-32.0733
-11.9032
-28.3062
9.13473
6.7491
-114.064
-38.4677
8.59168
-3.60162
-25.384
-92.4616
-92.4308
-1.93214
-159.554
28.9539
-28.7726
20.9348
119.106
-71.9362
-1.49453
-53.4005
-12.2046
41.5265
-60.5396
-27.0178
-52.375
4.32934
20.9906
-88.7432
-63.5444
-127.857
-62.1342
-66.3411
-130.107
-76.2092
-21.3593
18.3623
-53.1423
17.5758
-10.3252
18.5924
-26.0984
-97.5481
-117.305
-58.7281
-94.0056
-139.042
-78.919
-57.9606
-25.398
179.398
-35.3661
-3.75231
-20.9496
-77.5945
-26.3861
-3.99429
-0.916601
-50.4022
-46.8141
12.0236
-70.1347
17.0806
136.616
-17.7349
20.8146
-68.6783
9.6521
-78.583
-42.2103
-19.8938
47.1227
-33.9309
36.229
11.0898
-7.30817
-71.3016
9.95898
-36.2509
9.87607
13.9429
112.666
82.6037
8.63569
-34.4845
3.3342
-43.6757
-58.0825
-80.2014
37.0533
-141.166
-57.583
3.36551
-18.2713
0.487286
1.42598
-6.18034
-64.7884
-5.55754
-2.13559
10.5726
-80.0341
12.4531
-41.4319
-59.9635
-13.5718
-36.2424
-0.85244
-58.6209
1.12418
7.22942
-0.561139
-24.5708
-42.38
-130.55
17.4736
-19.9444
-23.8005
6.13814
-3.7509
-13.6562
-45.9666
4.76003
-69.7169
98.0056
-60.4751
0.490867
-11.4953
3.04358
-49.3433
4.25554
-57.8923
10.0329
19.4462
113.148
1.13541
-24.9656
-0.00602766
5.40364
-63.0202
-1.82288
-57.1023
-105.671
-44.1164
-0.62823
2.9514
-81.8837
3.02655
-38.3236
-51.7883
-4.11978
-13.9081
-140.434
3.86128
-126.379
-0.115249
-111.33
4.93574
-0.947836
-14.7251
-1.21059
-24.3544
4.99962
-73.1654
-78.9913
10.5285
10.7853
2.36114
-75.1938
-3.84586
2.49098
-14.1169
11.8938
-45.1266
-8.07826
-99.5719
46.8888
-46.5171
-70.5742
3.60822
-79.3495
-101.536
-37.6297
-55.9392
-97.3966
7.89862
43.9716
-3.8404
6.52251
-2.35999
-45.0467
31.8618
-96.4611
23.3658
-53.5266
5.02484
-17.2254
-111.17
-79.9714
-65.1757
-10.8603
-3.03505
-88.5159
-42.9722
-88.9885
-118.945
-17.8915
-23.5508
-118.246
0.689145
0.294312
16.7773
31.9646
-83.9071
18.2206
-20.1891
-10.2666
-26.5901
3.816
-147.923
29.6316
-58.5788
3.0637
-1.15345
-3.71363
-39.492
-1.67555
4.03255
-51.0536
30.2265
-79.977
25.7759
-102.929
-15.9805
11.939
-20.5771
-2.74736
-22.778
-92.1344
-3.10732
-27.7958
58.6272
-58.9976
8.71197
-7.91819
73.5404
-36.5194
-6.59465
-3.19307
3.77295
-37.3894
-1.07776
-0.328547
-22.0907
-55.1679
-58.9484
-6.25643
-81.0794
-69.0542
-84.7965
-58.1165
-51.5783
16.7077
-137.236
-96.8895
68.8666
-1.59848
20.6499
-31.6637
64.3397
-54.0299
-5.64015
-107.809
44.8356
8.76497
-40.2861
144.978
-10.3232
-40.8954
-24.3506
4.1403
-130.853
-32.8579
-59.6843
-15.5253
27.6943
-101.638
-141.018
-68.9434
-82.0862
-35.7084
-33.3014
-26.6078
-1.06695
8.87896
68.688
-12.3961
11.1633
-39.0595
10.4429
3.96343
24.7183
124.64
-55.0224
-58.8884
27.981
-0.810279
8.13915
33.3974
-39.5205
-32.1142
19.482
10.2955
-47.2157
-74.5839
-33.2601
-9.92634
77.3902
-14.8191
-63.3043
13.7921
15.4438
-61.4058
0.195621
67.6388
-82.5247
-74.8025
-4.069
-85.8543
-17.4952
-88.0709
13.6805
-51.9121
64.3053
-86.431
-23.0949
3.75263
-56.8819
-137.995
-20.5287
6.30929
83.1479
-49.5892
-13.2355
13.8806
-4.13356
-5.39698
2.11661
50.1101
-4.86346
-0.06882
-78.7861
-13.0025
-57.5348
24.459
0.366715
4.55504
-12.1076
-4.7483
-85.4604
7.08391
-31.4202
-3.19969
-1.73344
-48.0255
-57.8667
-49.2509
-3.19067
65.9251
-6.95371
-59.2686
39.3892
14.0717
14.5232
-101
-48.9906
-50.7714
2.38646
-1.05579
-45.4093
31.0849
-67.0477
25.4627
-1.61397
-86.6692
0.0851851
-45.7916
8.8277
-6.74826
-68.138
-2.53294
-1.75385
-45.1363
-3.17663
-69.6495
-42.0612
-26.0208
72.7956
0.858194
57.2026
14.3873
3.06016
-0.959881
130.608
-34.3349
-59.3119
112.249
-20.7572
-35.1407
-51.6856
82.1594
60.7274
-27.4457
-40.7473
-2.54812
-25.4005
-13.2887
-74.9708
100.936
-4.09248
-77.6291
1.87533
-2.14426
-7.33957
2.81816
-1.7592
11.513
-19.6076
0.0442678
-102.591
10.9992
-56.683
-74.5232
-84.9423
22.478
-29.6526
-33.9623
-17.3183
-57.4489
2.52727
-60.2911
-59.4017
-13.2475
-16.8872
50.1913
-59.6276
-0.367739
13.7
2.92063
6.26914
-22.7489
-11.0781
4.07953
-3.4926
-44.3146
-37.7031
0.317552
-61.4765
-11.7712
-142.082
-66.0632
52.775
-5.57056
-27.4621
-0.901678
-12.2499
40.8149
-75.4306
-9.97462
1.58038
-71.1015
-75.1901
-4.13522
-1.30572
-91.1335
-7.83912
62.4557
0.0670654
82.7658
-81.6992
37.9911
-28.9706
-98.6673
-157.816
-19.7901
-71.4046
70.5464
43.0926
16.4713
-85.3714
8.56338
-0.0755464
-0.259005
0.229952
0.0300538
-0.174468
-1.03564
0.196141
0.4653
0.849027
0.304869
-0.226973
-0.284959
-0.821971
-0.372601
-0.194796
0.377471
-0.428111
-80.377
-75.0144
14.4336
1.42297
0.0903742
-13.9916
-68.1433
16.6271
0.387222
0.505671
18.1333
3.84876
87.1402
68.3803
-0.2351
-116.748
-8.28131
5.45615
-6.3639
20.2197
-67.7128
-75.7652
-60.2798
-0.325723
1.10164
-1.45054
-0.00212228
-69.1998
-57.4753
-0.649419
-0.489475
-36.2551
-1.92775
9.60171
-0.189956
-6.53063
-0.426248
-0.68132
0.905982
9.08232
1.38702
35.5593
0.254149
-38.4408
-4.79729
-33.0133
-139.594
-12.6881
-77.6882
0.268321
-18.7454
0.556686
0.585862
-52.8477
-0.507516
0.107014
1.68048
-0.41622
34.5254
0.109382
-0.3892
1.91241
-94.5288
46.4362
11.6277
-0.0927663
1.81976
-77.5008
3.3796
29.9788
-0.061096
4.4004
-0.207505
-0.411172
0.467834
2.87826
0.215326
4.63777
-0.0553129
-76.4732
0.113765
-40.0643
-13.2855
-63.7921
-0.00803342
0.233872
26.0101
10.3991
-120.394
-74.8876
-0.0726238
13.5589
0.150014
-57.4523
7.87819
-3.74094
0.67196
-0.594808
0.302082
-5.35137
-43.0105
-0.0609149
-39.55
1.77622
16.207
22.13
0.543522
0.129425
0.69339
-0.0263461
-0.94186
3.09749
-0.265973
-73.4565
7.30705
0.601691
-101.608
-12.2239
16.9477
-59.7397
-38.3182
-25.8845
-2.1926
0.852828
-10.0156
8.02901
0.346969
0.247073
-18.3445
15.6147
0.0589948
30.7806
5.04963
-0.360786
-0.732678
-93.5999
-57.1062
9.69169
4.48335
0.244244
-0.682574
8.74214
-0.209803
-0.212095
-18.3383
0.0202571
-8.87829
-0.0584258
0.0387686
0.490859
3.58282
11.5899
8.80823
0.205096
20.5739
-57.3237
0.57241
6.46245
-115.831
4.15054
0.0741587
-0.259941
-32.9428
-42.1239
1.23078
-9.02715
0.0403046
-119.619
-5.69309
6.0339
-62.8978
-54.8294
2.0799
-22.602
-154.175
-0.536177
-9.27205
2.74245
-7.01114
-0.0668049
-64.605
112.231
-99.2446
4.64188
-0.914671
-2.3275
0.33316
63.4462
18.3328
2.11431
-42.96
1.0223
-0.880292
-24.7873
-0.606518
-30.6369
0.335584
-71.4278
51.1452
-41.3968
-26.1471
-0.275107
-7.80915
0.412335
-136.448
13.9934
-8.36215
0.772175
0.895466
-39.1809
-74.2516
-7.44433
0.0031961
-2.59991
-37.8177
1.00482
-29.695
-46.0487
2.08716
-167
1.20565
0.223616
0.991733
-36.0709
-44.7726
-7.37882
10.4669
-50.5413
1.28275
-6.54281
-85.8647
42.2026
1.66565
-5.25492
0.340115
-88.7548
-71.4814
-5.26271
-0.753675
0.509937
-145.304
-138.445
4.29902
15.6231
0.016802
-32.5291
38.7253
-130.231
0.392077
9.06337
-79.3796
3.25508
-11.1177
-0.651886
-1.51449
-3.40106
-67.4236
-13.1435
-21.4862
74.7146
-130.564
3.59949
11.9495
-27.8283
-78.9204
8.92937
-72.3157
-69.9162
1.17685
2.57768
28.7628
3.37218
-0.497264
2.09714
-31.5888
35.5786
-9.56676
1.02558
6.37356
14.8855
-53.6217
12.2317
-0.419674
-6.32536
0.658966
-6.41742
-4.41796
-50.5643
-0.0552206
-1.11785
-1.34443
5.12175
-57.1219
5.00713
-6.04857
2.48151
-24.333
-64.9344
-34.0578
0.700351
-73.4598
51.6129
1.70961
0.365066
-54.5098
-0.406831
-35.261
-0.261927
0.101813
-38.4515
4.571
-2.51465
-94.0142
-51.0518
25.7683
-17.8737
0.0703633
96.8096
10.7077
-2.83059
26.1969
25.7713
8.14789
2.63476
2.08253
-4.56444
-12.5189
-19.7938
2.18133
-4.85795
4.28674
35.9582
-0.0859525
-22.2488
58.6824
-4.54316
-6.26089
23.9073
-26.2873
-60.5106
-0.127896
-38.81
2.23596
0.936115
-57.8637
5.16713
0.52219
1.69007
4.60034
-1.41832
6.39703
-93.6814
-84.0236
0.0578485
72.9825
133.231
-25.5655
-43.812
30.8669
-92.9992
-0.959002
0.0900881
5.1025
-5.17115
-6.39026
-82.588
20.1461
54.4691
27.5445
-68.3228
-17.098
-67.3216
2.70219
-1.15546
-8.33329
-15.6026
-0.22832
0.465236
-47.7609
14.6694
9.36115
-23.0532
-2.08422
-69.9486
0.633686
-2.54167
0.465396
51.8263
-1.14078
2.21781
-2.53654
-6.04898
20.5498
-52.882
4.15815
178.31
-160.415
-144.498
199.156
-15.1749
-104.071
-26.2724
-72.7751
79.7747
-25.9155
73.2635
2.19839
24.0423
-5.13702
-2.61821
-82.7989
-4.55727
0.765204
37.8507
12.4256
-2.42017
0.96786
0.0446361
-0.350745
-0.662089
0.348019
-2.11896
10.195
-0.605935
3.35401
-90.9903
18.7811
-69.9271
-39.9724
-74.1001
-4.01842
0.0214189
13.438
4.46972
-3.45466
0.561617
5.97402
6.61874
-18.6076
-55.9909
-26.547
-20.4524
-0.706831
2.56674
0.797596
69.6473
5.47619
4.25705
-45.8173
20.2794
-1.41477
-3.67617
61.1526
0.549475
2.07772
7.80149
-19.488
0.150223
10.1398
18.7871
-2.43867
-35.564
54.674
5.88935
19.8489
-7.09203
41.3149
-1.01329
-14.6075
-0.368214
4.71656
-57.8037
-4.52003
-16.9921
22.5538
-61.1369
10.7122
9.43843
-1.36822
3.72613
-62.2815
-65.8751
-60.5051
-78.1928
-70.3631
-1.41712
-96.5242
-37.0429
-53.4941
-118.701
76.1591
30.2602
-102.53
-107.481
-84.7576
19.6948
-55.8008
-61.2206
-89.6416
-106.492
-21.5646
-52.6715
-43.2483
-10.7584
42.9438
5.74223
-77.5433
-2.10075
-24.4403
-25.9829
-64.9073
1.28211
19.063
-56.2269
3.1508
-56.48
-37.1054
-60.0874
-68.2807
0.0135152
-98.3631
-72.8754
-66.2636
48.909
43.0024
-1.27802
-62.1676
-100.652
-66.4821
10.4095
-43.0416
-67.5613
-101.167
-73.7583
-58.3851
-59.7286
-38.9126
-66.3038
-55.8657
-72.2499
-104.1
-2.27152
-87.1058
-65.2588
-96.9054
-24.8706
-57.6728
-102.927
-5.48835
-85.1884
-59.5647
-73.131
-0.338059
28.2631
-58.7314
-105.93
-27.4709
-49.8455
-4.99412
-98.0272
-7.83454
62.3212
-114.276
-3.06694
-100.647
-92.0945
-63.5971
2.06107
-16.4622
-55.9637
-70.027
-141.07
-52.6063
8.82445
76.8563
5.73572
-78.5545
15.8608
-3.90082
-85.6642
-17.0082
-87.7947
19.3618
0.88392
-94.8776
2.51677
-117.995
-1.33628
-107.955
1.59637
-19.74
11.9401
-32.0402
5.22944
-4.10632
11.2166
67.4357
9.29149
-2.14172
77.4775
37.3361
-67.3683
-99.2496
78.6086
2.45679
-105.67
-96.8653
8.34804
-5.46115
-57.9465
15.533
-70.6707
0.0354251
-69.5325
-12.268
1.7562
-23.1899
6.265
-138.779
-59.5425
1.15391
61.8747
9.47078
-5.94319
-64.0824
1.37541
26.5046
-3.99382
-107.555
41.3803
-107.246
16.0512
-116.394
10.8086
25.2591
-1.44936
46.0651
-9.70455
-158.782
-40.3013
34.6411
-1.87246
-13.9943
1.70305
-102.466
40.3626
-83.3616
-10.3572
-5.8488
-29.3776
-98.3232
48.1682
-112.497
51.2303
-123.757
-53.6914
-109.84
-1.3157
19.4507
26.3922
-51.233
-2.04183
-4.21286
-117.086
-16.8282
-92.1845
-2.06223
-77.7063
-51.6813
4.95509
63.0558
-85.6012
31.3916
-48.434
4.3001
52.9177
2.08349
-66.2411
-67.7341
-68.2398
4.71419
98.0997
-31.44
31.9953
-61.4327
-1.19371
-13.3219
-13.6397
34.0284
-14.9435
0.978312
34.9635
13.1374
50.7115
-103.007
-109.427
-11.2165
-49.4853
-93.8781
11.3801
1.17178
-23.102
0.481495
-94.8889
-135.147
8.77734
-84.22
7.08827
-69.8907
124.067
-91.0858
118.174
29.2265
-6.84049
-2.44925
8.33228
50.5147
-88.6112
-0.911486
3.68083
-8.48043
-56.4139
21.4371
-50.625
12.5221
19.9628
8.96578
-2.57739
-3.05071
-38.108
55.8254
2.55384
49.4056
-60.7727
1.68621
-89.9637
-5.20707
139.328
1.08533
1.47423
-43.6142
-1.83179
6.78455
-49.9143
-6.21992
322.357
6.31786
-37.0845
-5.80419
-47.4956
-26.4632
-2.16889
-20.706
-73.4819
22.5183
13.3633
1.32383
3.5125
-56.7837
-4.55212
-3.36965
-1.50497
-56.0482
-1.60155
-5.55725
-3.06152
-1.05672
-0.429445
62.5805
8.31839
-30.984
18.5728
-107.829
49.1709
8.68363
4.19951
229.936
-32.5119
-32.5702
-32.394
-22.1533
-20.5868
-39.307
-14.468
-1.57169
13.1749
158.1
-4.17114
31.7139
-57.4644
-1.30459
-68.4262
-0.430668
-50.0155
-106.255
25.2009
-29.1634
-6.43022
29.6668
-0.871468
1.33563
-50.7927
-79.1646
-22.1286
-18.2408
4.30021
-0.705691
-16.3583
195.549
-67.0369
-108.793
-66.3094
-110.773
-38.5523
-4.08399
-68.8863
19.3311
6.12128
175.061
-0.883862
6.5743
0.819641
196.08
-39.0664
22.1003
-14.414
-14.1909
-5.5795
-46.0419
-10.6501
-3.36364
-52.2222
7.78421
29.7333
7.09036
-15.9529
-67.8768
56.1987
-32.8255
-19.1368
-0.467561
-84.1308
41.583
-9.81327
-19.3549
-3.5642
-86.3994
-7.13258
6.44798
53.7191
-63.9045
7.20953
-97.1707
2.51079
-64.9423
-17.8887
-6.25433
-8.18212
51.4872
-10.1004
-30.4378
-82.9555
2.61527
28.2557
-64.0472
-8.5372
-37.6758
3.47805
-73.2901
15.0643
-121.27
-59.982
-64.0206
-4.93521
-9.0622
-9.39143
15.8
1.13773
-68.9205
-38.1933
-15.0708
-1.63091
-81.5072
10.1948
0.881406
-72.6126
-32.5528
40.1
-26.4251
-8.95374
-2.73992
-71.572
-34.4838
-89.4337
-19.4488
-79.6605
-86.2125
-63.0081
4.53136
-1.86058
-43.0478
0.322062
-10.6568
2.55917
-89.1961
-19.5457
-73.2839
2.30662
11.8964
73.4966
-7.47179
-6.53528
-14.083
-23.8703
-63.7652
-6.24157
62.6175
-59.0608
38.6561
-87.1582
-83.2736
5.61817
-50.6643
-14.7092
-6.24221
99.8574
-77.417
-88.3594
-27.4431
8.45995
4.25992
97.2605
-22.4141
-79.8861
-145.459
-2.18062
27.0272
-76.6996
-115.776
-24.9476
-5.47094
-26.7834
3.67226
-105.112
-101.891
-91.2026
54.0716
-7.04344
-144.833
10.4443
-10.4507
-5.96675
-82.9157
-81.944
-0.524186
-71.5057
-133.051
-0.871946
-5.13657
-69.1205
-90.9582
-90.5989
-3.99678
-145.322
-108.44
-101.788
-117.55
-122.553
-49.771
-8.15216
-160.585
18.837
-47.2651
-65.9914
5.23963
8.88417
-71.9037
-120.548
-8.64873
-55.6843
-122.53
-163.679
-62.4507
-13.6884
-110.543
-88.3297
3.25957
-4.44092
-160.989
-88.5052
-138.992
10.1446
-67.6415
-96.7803
171.405
-0.378709
-168.839
5.11152
9.51516
43.9714
4.16585
-164.46
-13.401
-36.6179
-48.5152
-45.7528
7.88611
-78.0094
55.3202
-61.7238
14.7514
-63.3333
-107.491
7.8246
-18.5245
64.1792
14.7014
0.0404946
8.26796
-58.2849
-170.161
-34.3551
-1.96609
-1.05398
3.02582
-1.21652
25.9652
-6.19026
-56.2593
-48.4881
-57.4414
5.6017
-57.5546
-52.2663
-1.14981
-53.3579
-67.9635
-14.372
-62.0927
-37.0655
-48.6358
-39.3863
-58.9678
-58.9833
-67.358
-72.3029
-100.725
-21.6546
47.4222
-67.0445
-59.8239
7.47205
-60.9141
-94.5229
-64.1969
-63.7025
-3.76101
-76.7622
4.42866
-73.0968
-55.1868
-103.332
-168.616
-60.4647
-28.1429
-16.5736
-70.665
-84.4393
-84.7086
-92.5637
-95.9378
-69.6145
75.9593
-111.18
13.7345
-106.885
-100.451
-5.94708
-50.1484
2.66085
14.0582
-80.0921
39.9716
-86.086
-52.0326
-21.4433
-28.4317
68.2639
13.5014
-100.759
1.05933
-136.128
-9.79504
-56.0798
-82.9513
113.692
19.2168
-95.623
-0.00622266
-89.6965
26.9459
-99.8752
0.847874
143.071
48.4183
-53.4536
39.765
-56.6467
0.412426
0.993781
29.6549
-28.2576
-99.0243
16.1019
-106.051
21.641
28.2798
-103.987
15.4411
7.20887
-48.7552
-142.96
-65.2303
33.7788
4.2013
-6.99634
-50.1308
-16.1974
39.7199
1.52195
-117.789
-65.7901
22.8122
-0.898715
-5.49383
-5.93718
54.5297
-0.633141
0.269446
-11.8736
14.9915
7.6839
49.1965
-3.69936
-140.598
-63.8992
6.5151
6.12823
-0.904323
58.5854
10.9909
-130.725
-31.2738
115.852
0.124544
-19.8637
123.204
48.2016
-90.7228
47.0681
-70.363
-55.3275
-39.4799
-43.9698
-106.011
-105.215
8.6098
-88.4542
-76.3613
37.537
-104.964
13.2383
-0.664937
-50.9621
-2.57198
29.1637
20.246
-43.4577
-85.5425
-63.67
-20.6159
4.68059
-95.853
59.5404
17.4543
-193.897
3.6524
-4.96688
-182.334
-144.233
-126.06
-89.4386
-84.9499
-112.394
25.493
88.467
27.5679
-63.7072
-85.7542
0.381079
-1.58708
107.362
-33.264
-89.4204
-77.4269
-1.43778
-70.1514
-55.4806
0.347837
-70.2403
-31.8898
-9.12147
-76.0474
-183.387
65.2993
-121.514
-173.934
-5.15296
-60.9688
-58.3559
-94.4614
-5.93415
-52.5721
95.3718
-15.2878
24.9256
-7.98125
40.1284
6.36476
-43.0121
-3.36308
-66.0195
-56.1538
0.0830994
39.7266
-19.7861
7.14246
14.662
26.4024
-77.7476
9.95407
-143.676
136.726
-1.16917
15.2739
-74.2566
0.994852
-9.17837
-46.6025
-57.3706
-29.8843
-90.302
-66.1541
-61.1479
-7.93406
-38.6705
29.6588
-10.9795
43.2926
-4.14436
11.7233
-42.3097
-4.46861
17.7152
56.1962
-0.120002
-91.7946
-144.682
-51.053
-35.3638
-60.1105
-19.3441
-5.56457
110.56
9.73759
-5.41019
-96.2943
5.47638
-65.1175
-53.8096
6.80821
-98.7653
-95.9442
-29.8668
-91.0241
14.2959
0.874008
0.211638
-23.803
53.8007
-116.513
119.505
86.2565
-0.0777267
61.9953
-49.074
-55.0603
-0.52892
-90.6731
10.328
-36.6556
-37.8939
-75.0199
23.4867
4.56073
-105.707
-72.8097
10.9932
-112.098
6.66657
74.4211
-6.31896
-157.379
-152.283
-59.8827
-71.2589
12.2483
39.2516
-33.2849
-156.656
-12.2258
-65.8014
-100.325
1.19376
-2.52566
128.867
-167.18
-23.2162
-61.3353
1.68016
-33.3282
7.45479
-91.5085
-82.4314
-156.428
-55.6961
-107.719
-1.60785
-67.874
5.1363
-55.0448
-33.5879
-3.9564
14.5451
-59.5982
0.205115
132.21
-129.169
-78.9062
7.59086
1.61349
-1.17399
-42.485
-20.8549
23.4642
-6.06295
13.0589
-44.449
-63.5407
-84.2183
6.08339
-52.8415
-56.5821
-11.4729
9.66472
-47.601
6.4029
-47.7814
-2.52716
9.70141
16.6982
-1.06449
-65.0497
16.517
-4.99495
-64.9006
-54.1844
-37.6163
7.29225
-80.246
-57.8463
28.8304
10.9256
55.8924
-62.2974
-3.09342
-10.3437
149.615
13.2469
-61.6822
87.2914
-16.8265
-124.808
-159.389
-17.9661
4.6401
231.191
-129.243
2.69327
-26.2926
-8.71545
-152.841
-66.8203
0.997278
-35.1862
2.66174
-75.0096
-19.0817
-122.593
-56.8682
-37.7618
36.8108
-90.6211
-1.26385
-91.8416
-86.3097
-60.402
-144.313
182.392
-155.193
-71.6437
0.051811
4.28438
-21.9419
-62.7999
14.9246
-94.2195
-123.901
-91.5124
-62.4911
-13.5445
-1.85752
7.82087
0.493986
-0.621532
9.11209
-28.3632
-2.70545
207.45
-54.2039
-15.5906
-158.027
-57.6187
-36.3728
-47.8673
-12.4946
14.7409
2.98899
23.0308
-0.295957
-25.2476
-57.5014
-0.0165375
-2.14025
-57.1364
-126.413
-30.6696
-81.7085
1.44099
2.6041
124.283
-60.5243
-94.6547
163.251
-66.6417
12.0883
-95.8364
-48.6625
-5.01026
-15.0972
-14.2118
41.2675
-70.4022
-32.0323
22.9436
-1.69948
181.29
-64.0149
38.434
-29.1985
8.77792
-70.2474
-65.9907
-2.17971
-26.5353
-26.4019
25.938
56.7979
5.67576
-73.6542
-35.93
-4.90195
-77.1021
-3.11333
53.607
-54.1342
34.6711
-121.957
-73.7369
-36.3193
-6.03291
50.4326
-71.0678
-66.2968
-37.7602
52.311
-70.6623
-65.6041
-5.57881
14.3454
-26.0249
-95.9214
-49.4272
-4.86622
4.54508
-151.027
-8.13387
-17.3157
5.62824
-56.7569
46.462
-12.4799
5.00349
-1.73924
22.9467
170.046
-63.4032
-21.6113
103.653
-66.4436
3.80339
141.674
18.3092
-0.549758
-56.5469
-10.9259
-13.7159
-44.0809
-131.285
-83.6116
45.4535
-36.413
9.52892
51.4635
-104.885
-49.9807
6.08
-0.863878
-73.1971
-36.2442
-50.9276
-63.1917
8.63371
2.40197
-94.096
-148.991
-1.43117
-77.5591
-30.4592
-57.7373
-28.7333
42.8494
-17.6404
-21.8839
-144.551
286.532
-75.6594
37.2822
-162.192
49.9343
-151.326
-152.551
-5.69194
-98.8351
-89.8631
3.38224
-57.9864
1.07501
-31.574
9.34093
-6.73149
-47.1413
-10.5856
28.3401
-62.8546
-131.327
-5.74767
-81.5095
-132.879
0.942526
-73.0187
-10.1026
-46.4392
-35.0189
-94.712
0.672609
-42.6974
-58.6003
-143.916
165.075
45.1694
-106.233
-67.4609
113.98
34.4467
25.5662
-138.594
-16.6562
-12.3764
-86.4504
18.728
48.8227
11.3109
-75.9617
-149.441
-54.693
-134.575
5.83951
-108.678
-20.2313
-58.0788
4.36601
-118.062
-120.472
-95.905
-87.6172
14.4848
-15.2232
-146.389
-1.50411
-36.9232
-167.304
-17.2375
-0.441667
-10.5898
-63.0219
2.22188
31.2149
-78.8541
-42.1513
-0.157667
155.135
-54.0679
-86.2762
15.8252
200.174
-76.9915
-167.513
-121.825
-1.81085
-82.8191
-73.837
-149.951
8.85488
-128.266
-4.92285
0.515402
-11.8708
36.8235
-3.32808
-36.2675
-14.5291
-74.7174
1.34814
-54.8328
-3.87531
40.1487
-45.0203
9.79182
-87.4312
-52.4483
-165.604
41.7354
-74.7505
-28.8494
20.5549
-60.3578
-23.6795
-83.3318
29.263
55.9746
-56.6029
-82.8961
-16.0622
-52.8345
38.0772
49.3461
-37.1991
-116.406
-152.794
-88.5145
-8.27846
-57.4898
-22.3868
22.7781
-1.54842
-50.4245
66.1434
-2.2116
-4.3752
-0.787213
-137.482
-55.8748
-67.4941
3.12692
-11.7467
-124.744
6.922
-134.728
27.3966
-5.29496
1.03236
22.6023
-96.7222
60.2544
37.5202
-111.645
-54.3475
-100.541
-5.18069
-60.1279
-83.853
102.861
-96.0957
-148.937
-9.71916
-150.19
-4.79152
-7.9747
-66.5354
-78.0922
-113.385
-148.83
-94.6892
-24.438
-78.909
-28.4459
-47.5993
-14.976
-94.8059
-2.79686
-42.8684
8.56067
-159.73
-84.7939
-175.532
-5.28187
-5.60755
-4.74522
-35.4516
-95.208
-96.4723
-98.7714
-70.5051
-96.1106
-33.7632
3.12113
-81.8714
-93.9871
-46.8279
-6.60822
7.2937
-7.63186
-5.36664
-31.6352
-135.256
-19.9041
-54.1883
11.5313
26.38
-78.6493
-98.3728
-49.0969
-73.3028
-112.494
1.5365
-98.198
-47.8013
-155.181
-31.8774
-68.3153
-10.4356
-76.142
-34.0624
-37.8743
32.326
-72.8645
-85.9293
-167.722
19.7542
-63.3821
37.0148
-68.3267
32.431
-64.613
-35.5958
-17.4855
48.7225
-68.0008
20.4594
49.2332
-57.3577
-73.517
56.3306
-168.254
-70.2969
7.08922
70.8009
16.9808
-45.7269
3.06142
-181.477
25.9279
-180.278
30.8169
-8.42898
-167.804
27.113
-97.2444
-139.93
-23.9072
-6.89773
30.4449
-80.3286
31.7813
-27.6516
-122.421
-150.96
13.6419
27.0713
-29.9563
-93.4172
-9.46423
-49.4419
-152.323
30.5911
-94.4925
-60.3243
-130.748
15.1072
140.525
-45.3549
126.705
148.714
-0.331531
-53.8708
-12.8433
-65.3103
-153.054
18.8891
-63.5278
-177.78
-5.48294
-49.4113
-159.319
47.813
32.274
-17.0285
-77.1736
-65.5295
17.1698
-47.8624
31.2579
-13.5467
-14.8479
-63.4649
1.22613
-7.07656
-118.252
108.298
-111.625
1.18618
47.5295
-83.2886
-89.7213
-21.1815
-14.5295
15.8299
10.991
-19.1707
-158.884
34.8896
80.1318
-47.7217
-16.383
85.4939
-147.213
1.9839
-126.567
-97.3211
-104.882
-10.4172
2.03826
-158.307
-86.2005
-0.483081
-4.89944
-130.893
125.853
-44.6321
-57.3822
5.68147
32.2989
-7.41378
-72.493
-100.017
100.312
-48.6489
13.8677
0.424686
-38.7098
66.3209
14.5871
60.0508
-4.66493
2.17002
70.3215
-73.2539
-13.1332
-147.467
-3.26197
45.2186
-157.342
40.6495
-48.7353
3.59073
-45.7073
-133.582
-16.9545
-142.966
-1.15227
13.5337
-80.4199
-79.3912
-0.583577
-26.2435
53.7406
-90.3097
6.79228
-0.296943
0.159747
5.89387
-8.29841
-90.2549
8.61709
33.6308
38.4589
-50.7463
-38.6215
35.0283
-4.4676
35.063
51.8159
11.5884
-88.3376
-31.0784
-14.0743
-52.053
41.4751
9.6318
126.287
46.4137
-72.3144
-45.1226
50.7769
-9.31944
-34.3962
-3.39771
38.9629
-70.6035
-6.3883
-43.9201
-46.2746
73.9309
42.49
-8.0571
-143.164
-11.5202
)
;

boundaryField
{
    frontAndBack
    {
        type            empty;
    }
    upperAndLower
    {
        type            symmetry;
    }
    outlet
    {
        type            freestreamPressure;
        freestreamValue uniform 0;
        supersonic      0;
        value           nonuniform List<scalar> 10(4.8901e-10 1.45467e-07 -1.37181e-07 -5.75109e-07 -2.11492e-10 1.24011e-08 2.45882e-08 -5.89583e-08 9.79486e-08 3.68468e-08);
    }
    inlet
    {
        type            freestreamPressure;
        freestreamValue uniform 0;
        supersonic      0;
        value           nonuniform List<scalar> 10(-19.797 36.0527 -40.6964 -74.6061 100.445 62.1518 16.5462 -1.91836 177.444 -143.796);
    }
    airfoil
    {
        type            zeroGradient;
    }
}


// ************************************************************************* //
