/*--------------------------------*- C++ -*----------------------------------*\
  =========                 |
  \\      /  F ield         | OpenFOAM: The Open Source CFD Toolbox
   \\    /   O peration     | Website:  https://openfoam.org
    \\  /    A nd           | Version:  10
     \\/     M anipulation  |
\*---------------------------------------------------------------------------*/
FoamFile
{
    format      ascii;
    class       surfaceScalarField;
    location    "150";
    object      phi;
}
// * * * * * * * * * * * * * * * * * * * * * * * * * * * * * * * * * * * * * //

dimensions      [0 3 -1 0 0 0 0];

internalField   nonuniform List<scalar> 
4431
(
-0.0303334
0.0386777
-0.00834435
0.88151
-1.04425
0.162735
-0.0987253
0.0425024
0.056223
0.0621036
-0.0340014
-0.0281022
-0.159281
0.04215
0.117132
0.6644
-0.261514
-0.402886
-2.3983
2.67953
-0.281228
0.0204638
0.00890586
-0.0293697
0.0388969
0.00826238
-0.0471592
-0.0245401
-0.00903135
0.0335714
-0.0606666
0.0612238
-0.000557212
0.731854
0.684835
-1.41669
-1.50794
1.80539
-0.297458
0.622019
-0.249437
-0.372582
-0.15639
0.37182
-0.21543
-0.0240067
0.0280308
-0.00402413
-0.686776
0.527273
0.159503
-0.0445484
0.0467128
-0.00216437
-2.05606
1.01399
1.04207
0.219766
1.08602
-1.30579
-0.0281471
-0.00312553
0.0312726
1.28708
0.161482
-1.44856
-0.217645
0.0612542
0.0400175
-0.0515469
0.0115294
-0.0333017
0.0354221
-0.0021204
-0.893744
-1.02202
1.91576
0.0312431
-0.0340907
0.00284756
0.0269865
-0.0319697
0.00498312
-0.0168971
0.0523981
-0.0355009
-0.0560416
-0.00540568
0.0614471
-0.0433779
0.0396009
0.00377696
0.0836728
-0.0745375
-0.00913529
-0.362728
0.290145
0.0725829
0.136158
-0.00206999
-0.134088
0.0799498
-0.0382277
-0.0417221
1.25685
0.356816
-1.61367
0.0555264
0.0244233
-0.0451427
0.0566863
-0.0115436
-0.0380103
0.0383867
-0.000376475
0.0407871
-0.0454318
0.0046447
0.00174462
0.0318137
-0.0335583
-0.0384593
0.0103122
0.0506497
-0.0707802
0.0201305
0.425453
0.196566
-0.0253747
0.0806125
-0.0552378
0.171713
0.0489434
-0.220656
-0.0424763
0.0700358
-0.0275595
-1.27982
-0.776236
0.0599784
0.0102036
-0.070182
-2.17357
0.0269755
0.0351281
-0.0169977
0.0169976
-3.28987
2.177
1.11286
0.0637113
-0.0130617
-2.27535
1.18732
1.08803
0.274567
-0.295466
0.0208981
-0.218141
-2.18016
2.04853
0.0803645
-2.1289
0.0957028
-1.60364
1.63367
0.0925342
-1.7262
0.00723643
0.0205086
0.1093
-0.129809
-0.0545777
0.0436465
0.0109312
0.496099
1.69219
-2.18829
-1.45624
1.41298
0.0432576
0.100057
-0.169956
0.0698989
-0.124078
0.145527
-0.0214489
-0.16077
0.0014884
-0.0755843
0.137078
-0.061494
-0.797036
1.19021
-0.393171
0.731217
-0.570769
-0.160447
-0.0277552
0.0396038
-0.0118485
0.0102832
0.0379293
-0.0482125
-0.106928
0.00820238
0.160001
-0.17179
0.0117889
2.68502
-1.27525
-1.40977
-0.0277271
-0.270155
1.52701
0.001756
-0.0577975
-0.000868973
-0.0608383
0.0617073
1.15218
0.653214
-0.196385
0.187586
0.00879836
0.0747691
0.0123671
-0.0871363
0.05634
-0.0174432
-0.018846
0.167761
-0.148916
-0.0679278
0.0227851
-2.13031
-1.15956
0.783499
-0.361801
-0.421698
0.0255582
0.00812859
-0.0336868
1.68253
-2.88574
1.20321
0.352564
1.82747
-2.18004
0.0436988
0.00647071
-0.0501695
-0.0448663
-0.0158003
0.0729769
-0.0740036
0.00102673
0.261065
-0.735148
0.474082
-0.266118
-0.0966096
-0.0242983
-0.00752638
0.0318246
0.113634
0.0482173
-0.161851
-0.0344791
-0.011709
0.0461882
0.0695861
-0.0749919
-0.0981582
0.0712779
0.0268803
-0.0591855
0.0198906
0.0392949
0.905828
-1.92784
-0.0835939
-0.112791
-0.652097
0.73959
-0.0874925
-1.63361
1.27343
0.360178
-0.00389596
-0.0294057
0.102806
-0.101634
-0.00117233
0.0236449
0.188049
-0.211693
0.0451505
-0.145284
0.100134
-1.71068
1.80638
0.164953
-0.0648958
-0.0556118
0.0278566
-0.134492
0.0920156
1.74004
0.939487
-0.0247331
0.00160059
0.0231325
0.050027
0.0336457
0.113869
0.0222887
-0.00763232
0.060391
-0.0527587
0.000101412
0.0399161
-0.0265709
-0.0326146
-0.156524
0.177032
-0.257719
1.94025
-0.143868
0.105581
0.0382879
-0.0101924
-0.146331
0.253313
0.391751
-0.645065
-1.07319
1.26573
-0.19254
3.05933
-1.10069
-1.95865
0.0246489
0.00338189
0.774078
-1.01491
0.240834
-0.0326967
0.0344528
-0.00764867
-0.0337343
0.0413829
0.0584002
0.0108919
-0.0692921
-0.345324
1.97899
-0.402763
0.289899
0.112864
0.0600798
0.0935237
-0.0109633
-0.0825606
0.957946
-0.260777
-0.697169
-0.0637529
0.0297515
-0.0958637
0.370431
-1.98545
2.17115
-0.185696
-1.71004
1.80257
-0.359962
0.383607
-0.147838
0.0540533
0.0937842
1.96804
-0.432103
-1.53594
-0.0912716
-0.0198099
0.111082
2.47421
0.0525835
-2.52679
0.0523587
-0.0144294
0.164177
-0.119027
-0.0721324
-0.617288
0.68942
-0.0534625
0.0189833
0.473169
0.258048
-0.0221839
-0.580106
0.60229
0.0831805
0.342397
-0.302208
-0.0401892
-0.121216
0.785616
-1.68525
1.42753
-0.0345685
2.88382
-2.38772
-0.00302399
0.0480774
-0.0450534
-0.00784808
-0.0946603
-0.00541723
0.100078
2.6466
-0.598068
-0.743908
-0.889703
-0.0237152
0.0237153
1.66886
-1.4491
-0.0693022
1.2324
-1.1631
0.0897853
0.00373839
0.00554686
0.0972595
-0.69095
0.270849
0.420101
0.0373932
-0.0490924
0.0116993
-1.1646
1.45631
-0.291717
-0.216844
-0.185919
1.33271
-0.600854
0.0092248
-0.0525536
0.0433288
0.0887265
0.00921143
-0.097938
-0.0146505
-0.0388553
0.0535058
-2.83923
2.83923
-0.0212439
-0.00240313
0.023647
-0.211529
-0.0349124
0.246441
-0.0619814
-0.0115352
0.0735165
0.276145
-0.0880966
2.67792
-2.32535
0.0350337
-0.00804722
-0.00173963
0.0765087
0.0476853
0.0162397
-0.063925
-0.0487554
0.0612506
-0.0124952
1.6485
0.319541
0.831547
-0.85373
-0.117657
0.0833083
0.0343483
0.0983481
-0.114955
0.0166066
-0.0158732
-0.0275046
0.00937102
0.035399
-0.04477
-0.00668215
-0.0750123
0.0816944
0.564181
-2.69449
-0.0504281
-0.0477301
0.00155222
0.068034
0.0973898
-0.124168
0.0267782
-0.0120696
0.0271938
-0.0151242
-1.60385
-0.106186
0.0514115
-0.0411533
-0.0102583
0.101094
-0.0479915
-0.0110521
0.0590436
-0.00511965
0.0518947
-0.0467751
-1.09023
0.017038
0.00834857
0.0677713
-0.0271946
0.198907
0.0538195
-0.00590364
-0.0479159
0.0165667
-0.0237574
0.00719063
0.00894714
0.0529091
-0.0618563
1.04555
-0.164041
2.77468
-1.09175
-1.68292
-0.0202425
-0.067101
-0.273277
1.56036
0.0448468
0.0127669
-0.0576136
-0.403556
2.7485
-2.34495
-1.57002
-1.31572
-0.0572656
0.0426296
0.014636
0.0110275
-0.329838
0.318811
0.173879
0.102266
0.271453
0.0709438
-0.405704
-0.0077091
0.413413
0.0478346
1.09206
-1.13989
0.0168399
0.143161
1.13322
0.0498823
-1.18311
-0.00349789
0.0553925
-0.0242731
-0.0329925
-0.182793
0.107208
0.261682
-0.251248
-0.0104343
-0.466368
0.0226965
0.443672
0.114957
-0.00937602
-0.575724
0.0512753
0.524449
1.38716
0.106656
-1.49382
0.0524917
-0.0503358
-0.00215592
-0.251226
-0.0307942
0.282021
-0.0356976
-0.00885086
-0.00973089
0.0626169
-0.00879735
2.4602
0.315524
-2.77573
-2.07792
-0.197424
-2.67792
2.60862
-0.0370884
0.0365236
0.00056486
-0.0274464
0.0358025
-0.0083561
-0.0591506
0.833228
0.0366906
-0.248219
-0.0780619
0.105583
-0.0275208
-0.0304016
0.0387502
-0.103854
0.0257923
2.82818
-0.651178
-0.00593592
-0.0187971
0.0190688
-0.043342
-0.76697
0.0115155
0.755455
0.0323802
-0.0706079
-0.0520239
0.0504847
0.0015392
-0.0454159
0.0211176
0.0177536
-0.0303471
0.0125936
-0.0169976
0.211485
-1.00852
0.0112118
0.00367814
-0.0148898
-0.137237
0.111862
0.0270278
-0.0302724
0.00324461
0.00137097
0.207529
-0.2089
-0.00529505
-0.211282
0.216577
-0.00973149
-0.033885
0.0436165
0.0860529
0.153137
-0.23919
-0.0269514
0.0524284
-0.025477
-0.0399399
0.0539963
-0.0140564
0.529871
-0.107731
-0.42214
-0.0100739
0.0474671
-0.100238
2.56044
-2.6548
2.25125
-0.619915
-0.0710349
-0.282754
-0.369343
-0.114839
0.124713
-0.00987373
-0.160702
0.0154174
-0.592358
0.330844
0.0340292
0.00860042
0.00903524
0.0409918
-0.527102
0.454663
0.0724391
-0.579307
-0.435605
1.53382
-0.0563434
-1.47748
-0.211696
0.00216988
0.209526
-0.0232055
0.0247662
-0.00156067
0.0946695
0.0101213
-0.104791
0.0425546
-0.0492368
0.0443727
0.0070388
-0.114546
0.157547
-0.043
-0.0151018
-0.0189889
0.0306051
0.00481702
0.00278787
0.0408586
-0.804377
-2.03485
-0.0666253
0.438445
-0.0157037
-0.0414553
0.0571589
1.95518
-1.04935
-0.0315211
0.0467184
-0.0151973
-0.0479854
0.0384243
0.00956102
-0.287003
0.540316
-0.151343
0.00350524
0.0482469
-0.0390553
-0.00919162
-1.7991
1.87946
-0.798679
0.178764
0.0426322
-0.0540632
0.011431
0.0421687
-0.044305
0.00213623
-1.61501
-0.370446
0.0942112
-0.0852641
-0.0893813
0.0038659
0.0855154
0.0509984
-0.0125956
-0.0384028
-0.313428
0.574493
0.569103
-0.455349
-0.113754
0.478339
-0.605357
0.127019
0.570929
0.387017
-0.00361903
-0.0465505
0.125129
-0.125998
0.384466
2.39021
-0.806182
-0.108794
0.194847
0.131277
-0.0338877
0.0967225
-0.570642
1.75796
1.89198
0.793041
0.823747
0.0630728
-0.886821
0.0124684
0.0330667
0.0145464
-0.0476131
0.499363
0.0697392
-0.0049419
-0.0199415
-0.0320824
-0.0818429
0.0671924
0.0517061
-0.0312422
0.12381
0.00112687
-0.124937
0.0744025
-0.0934961
0.0190936
-0.248045
1.07179
0.0354804
-0.159558
0.0290781
0.187236
-0.206082
-0.0225452
-0.0676931
-0.0695434
0.367493
-0.729293
-0.316903
0.0146954
-0.163708
-0.00624855
-0.000151521
-0.114395
-0.251087
0.331404
-0.0803168
0.327338
-0.252099
-0.0752386
-0.0870653
-0.02472
0.0227882
0.00193187
1.12654
1.9328
0.176829
-0.0118754
0.102255
-0.101861
-0.00039371
-0.00918467
-0.0139843
0.0558274
-0.0418431
0.00124339
-0.0369409
0.0516543
-0.302881
0.0732443
0.666346
0.0417745
-0.0220015
-0.019773
0.174785
-0.138095
0.101668
-0.00745682
2.78973
-0.0987666
0.00118035
0.0975861
-1.67965
0.0132626
1.66639
0.0163794
-0.100607
-0.23889
-0.950088
1.01316
0.0272799
-0.0288343
0.00155439
0.0808916
0.00561891
-0.0865106
-2.07031
0.340372
1.72994
-0.206068
0.195875
-0.0232907
0.0394537
-0.016163
-0.130981
0.069101
-0.0728809
0.00377991
-0.111135
0.0498899
0.0612448
0.0135519
0.00840997
-0.0219619
-0.394677
-0.474077
0.263053
-0.0787815
0.0135365
0.065245
0.503847
-0.0306774
-0.553028
-0.0432541
1.18106
-0.0762444
-0.14616
0.148747
-0.00258705
1.43704
-0.360633
-0.715695
-0.0891796
-0.00220618
-0.0209993
-0.0108303
0.0189832
-0.11775
0.314543
-0.0522614
-0.262282
-0.0205556
0.0317676
1.64048
-0.0314952
0.0236471
-0.0111507
0.0491693
-0.0380186
0.0416304
-0.0409706
-0.000659802
-0.0876
0.0966304
-0.0090305
1.03291
0.0139411
-0.0935681
0.079627
-0.0600673
0.0384113
-0.0403536
0.0019423
0.0490004
-0.0274942
-0.0215061
0.0270928
-0.00244398
-0.090352
0.00275202
0.0177506
0.0957388
-0.0124306
-0.0419957
0.0154248
-0.0927666
-1.04713
-0.0446763
0.0411784
-0.28616
0.078495
-0.0934514
0.0149563
-0.0282828
0.0282829
0.00101457
0.04076
0.104011
0.0390865
-0.143097
0.844744
0.164026
-1.71493
1.44166
0.0273002
-0.0320241
0.00472391
-0.043084
0.0438596
-0.000775623
0.786914
-1.87867
-1.06916
-1.1044
0.0363922
-0.0347618
-0.00163042
0.00969051
0.0279061
-0.0375967
-0.000294629
-0.0583351
0.0586298
0.0124188
0.407398
0.336999
-0.744397
-1.71087
0.107013
-0.0485527
0.0540996
-0.421812
0.106032
-0.00768379
0.698213
-0.173764
0.10043
-0.0738735
-0.0265569
0.0495332
-0.00128632
-0.0122685
0.0422018
-0.0299334
-1.66459
-0.0460869
-0.0010528
-0.0515008
0.24924
-0.0225077
-0.226732
0.220561
-0.162755
-0.0578067
0.0174311
-0.0198541
0.00242294
0.575061
-0.00952962
-0.0185017
0.0539007
0.0298882
-0.0268616
-0.00302655
0.0880841
-0.06295
-1.61606
1.67901
0.28419
-0.00762686
0.215156
0.86695
-1.96764
-0.0371893
0.0335702
0.0306363
0.0061957
-0.036832
0.0336429
-0.0605943
-0.0518119
0.0315694
-0.0465432
-0.00144221
-0.046226
-0.0326391
0.0367831
-0.00414396
-0.12688
0.117337
0.00954328
0.913919
-1.21823
0.304316
0.0415736
0.0205126
-0.0620862
0.12712
-0.082813
-0.0443065
-0.0365995
0.0268686
0.0256744
0.264471
0.0379735
0.0137326
2.64826
-0.274655
-0.252446
-0.641805
-0.308284
0.123524
-1.48674
1.36322
-0.0322773
0.00455018
-0.0216986
-0.00696852
0.0286671
-1.57518
0.831277
0.0603265
-0.0425729
0.0158014
0.0225853
0.210266
0.229612
-0.25526
0.0256483
0.0464324
0.00456602
-0.100501
-0.0384133
0.138914
1.99954
-1.73823
-0.261315
0.446192
0.0531718
0.00778867
0.0331025
-0.0408912
0.0513762
-0.0624283
0.00709685
0.0235082
-0.0340581
0.0311882
0.00286987
-0.0169179
0.095413
-0.0527412
0.0417779
-0.0101272
0.0404549
-0.0303277
0.065954
-0.0774892
-0.00786642
0.217392
-0.0323489
7.16359e-05
-0.0317414
0.0178464
0.0138951
0.0388732
0.491664
-0.0454719
0.247781
-1.70402
0.0649006
-0.139438
-0.156599
0.147223
0.0352289
-0.000195203
-1.98195
0.0558026
1.92615
-0.164504
-0.0175397
0.182044
-0.0650846
0.0810118
-0.0863068
0.156712
-2.81151
-2.1625
2.21508
0.0428922
-0.0446318
-2.75819
-0.308314
0.0562152
-0.0204293
-0.0122717
0.032701
-0.24791
-0.00317778
-0.00438327
-0.0279656
0.00786239
-0.0156018
0.049631
1.72296
0.276585
-0.0128564
-0.024232
0.0225392
0.00392572
-0.0264649
0.0723804
1.65927
-1.71561
-2.27035
-0.0549999
2.32535
-0.0544705
-0.305492
0.0230823
0.0823571
0.0162014
1.03596
-2.31121
0.028242
-0.0557362
0.122231
-0.240343
0.118112
-1.65927
-0.196458
1.85573
0.198645
-0.481399
-0.0575944
0.0738341
-0.0194413
0.0194413
1.85444
-0.289242
-1.5652
-0.0255154
-0.00151029
0.0270257
-0.059864
0.0365733
-0.0602706
-0.0546842
0.0477258
-0.00439701
-0.0153871
0.4288
0.706398
-0.77853
0.0453008
-0.062744
-0.029136
0.00250003
0.0266359
-0.0226952
0.0226953
0.248865
-0.344729
0.014941
-1.69531
0.0568183
1.63849
-0.0232972
-0.00550488
0.0288021
0.0597846
-0.0357023
-0.0240824
1.77086
-0.661265
-0.0430482
-0.672074
0.0331792
-0.034232
0.041847
-0.0162887
0.244248
-1.40884
-0.213606
0.0375411
-0.0563202
0.0422638
-1.77017
0.0552339
-0.0313166
-0.114844
1.01884
0.138956
-1.1578
0.409718
-0.372088
-0.0376298
0.0354807
0.0248458
0.0378761
-0.0523055
-1.76405
1.78998
-0.0259312
0.00101138
1.80156
-0.123962
0.15074
0.0330207
2.31922e-05
-0.0330439
0.0227227
-0.0315054
0.00878264
0.21812
0.480093
0.0387005
-0.041148
0.00244748
0.0913375
0.0919292
-0.108826
-0.410567
2.23804
-0.0045611
-0.0259828
0.0305439
-0.0532628
0.0760478
-0.0691218
0.298734
-0.0577222
0.0377807
0.00570613
0.046646
-0.0523521
-0.00464926
-0.0358963
0.00396023
-0.101898
0.167555
-0.0304768
-1.00675
0.0823728
-0.0398703
0.0302988
-0.0302987
-0.140543
0.191772
-0.0512297
0.0859169
-0.0573233
-0.0285936
0.056636
-0.0420897
-0.00918878
0.0282635
-0.058141
0.0709079
-0.405886
0.139767
0.10977
0.0221254
0.0283593
-0.380693
0.315481
0.065212
-1.3026
0.119498
-0.037403
0.137217
0.0730487
0.0369303
0.120616
-0.050518
-0.00183004
0.109924
-0.108094
0.0370692
-0.00404844
0.0266926
-0.0266926
-0.0562489
0.0590367
-0.0856883
0.0765036
-0.055673
-0.00456028
0.0219914
-0.0012991
-0.131217
0.132516
0.155128
0.0410825
-0.196211
0.0948192
-0.0139276
-0.0205455
-0.0248863
0.0052851
-0.026529
0.0311992
-0.0229367
-1.58697
1.92734
-0.0565261
0.03502
0.0752318
-0.0782558
2.3613
-2.60862
0.247318
0.0567526
-0.0453216
-0.178713
0.0323817
-0.0441139
0.0193938
-0.0424208
0.0614041
-0.0146925
0.0312592
-0.047302
0.0663709
0.0803501
0.0509273
1.50622
-2.27035
1.73213
-1.73213
1.00428
2.3613
-1.73823
0.0433503
0.00283795
-1.00215
0.304984
0.189845
0.427461
-0.587908
0.29568
1.37318
0.0256184
-0.00307921
-1.64406
-0.0355887
0.00880339
-0.813577
-0.0567004
0.0441047
2.06746
-2.06746
-0.0533546
0.061955
-0.142528
0.0276884
0.0279516
0.020346
-1.51915
0.0416658
1.73905
1.25882
1.38778
0.382478
-0.0636669
-0.00939566
-0.131147
-1.72296
1.61677
-0.0121564
1.61384
-1.60168
0.131028
0.356753
-0.487781
-0.00293681
-0.0517145
0.0546513
0.124368
0.259239
-0.129347
0.130527
0.0475979
0.255216
-0.0156513
-0.00806388
1.6297
-1.69265
-0.0592601
2.26264
0.565538
0.161808
1.8233
-1.69604
-0.127261
-0.0598796
0.050688
0.0891972
-0.0611185
-0.0280788
0.0782846
0.167099
0.250827
-0.417925
-0.303756
1.45594
0.174758
0.0157249
0.0649143
-0.0806392
1.05812
-0.628892
-0.429226
-0.41703
-1.07679
0.0385714
-0.00793516
0.23255
0.0167377
-0.249287
-0.0861851
0.0785364
-0.0318366
0.0129384
0.0234538
2.01794
-1.23102
-1.05889
1.23057
-0.171675
0.0791987
-0.0311129
-0.0480856
0.00105095
0.697142
0.837669
-1.53481
0.0130612
-0.0385382
0.0105086
-0.830327
0.953851
-0.0363977
-2.68989
3.25407
1.47123
0.335148
0.389408
0.135104
-0.524511
-0.44294
-0.56558
0.0595832
-0.0500222
-1.6769
1.66474
-0.0656415
-0.0416308
0.0212492
0.0203816
-0.109078
0.119199
-0.809975
0.969478
-0.198978
0.0665674
0.13241
-0.0355514
0.0191107
0.201451
-0.00612233
0.0593219
0.0411084
-0.0726169
-0.0126472
0.0186015
-0.0632948
0.0446933
0.753618
-0.554973
0.0802361
-0.0942204
0.0276128
1.23812
-0.0918077
0.107286
-0.0154787
1.08246
-0.714969
1.42502
-1.3974
0.114074
-1.17297
0.215733
1.20928
-0.00675793
-0.444412
-1.31964
-0.0383162
0.0385658
-0.000249612
0.0231119
-0.0231119
0.23438
-1.08811
-0.18455
0.40833
-0.22378
1.63025
-0.0293604
0.000224349
-0.728584
1.05943
-0.259567
2.68989
-2.43033
0.220452
-0.213308
0.0143299
-0.105573
0.131365
0.347759
-0.436939
-0.0189081
0.0635638
-0.00211653
0.00313428
0.0598175
-0.0527787
2.3076
0.0449502
-2.35255
-0.0909288
0.118923
-0.0279939
0.103445
-0.114595
-9.51968e-05
0.0312834
-0.0436888
0.0124645
0.0312243
-0.106099
0.0679743
0.038125
0.832851
-0.0372756
0.00457888
1.61778
-1.61677
2.43837
-0.746181
-0.0160999
-1.68408
1.70018
-0.122782
0.126647
-1.94465
1.88965
-0.0284123
-0.320487
-0.0460107
0.0298477
0.31277
2.57105
-2.88382
0.0222022
-0.0767649
0.0764703
0.0072625
-0.0625002
-0.0354016
0.665212
0.565355
0.497035
-0.0533634
0.00865689
-0.116759
0.107729
0.0443235
-0.00718983
-0.0371336
-0.0383177
0.102604
-0.0642864
-1.40164
1.51572
-0.313635
0.205905
0.000218463
-0.0201783
-0.0470808
0.0672591
-0.310459
2.5731
0.860752
0.595562
-0.000927307
0.582652
-1.71561
-0.41521
0.811008
-0.395797
-0.0128224
0.0783113
-0.0654889
-2.18028
2.49306
0.0456504
-0.0458813
0.000230857
0.15632
-0.0728949
-0.0493665
0.122262
0.75555
-1.00359
-1.91949
0.332521
-0.0471995
0.037468
-0.104617
0.123711
0.937699
0.12042
-1.10797
1.80511
-1.4714
-1.28679
1.45977
0.227548
-1.68732
-0.034375
-1.70787
0.221125
-0.0403623
0.0199329
-0.50977
0.41316
-0.145456
0.416305
0.155835
-0.106892
-1.61778
1.60168
1.16748
-0.0140796
-0.0279161
0.00616729
0.749287
2.06728
0.0263
0.00358815
-0.0290498
0.0035344
-1.03185
0.793667
0.238183
0.386355
-0.371659
2.841
-0.00176665
-0.11837
0.105939
0.382751
0.157565
2.57105
-0.0662089
0.7625
-0.48626
-0.27624
0.0242049
0.351667
0.0292229
-0.00501107
-0.0242118
-0.0139791
0.0421072
-0.0281281
0.339174
-0.414413
0.205946
-0.216321
0.010375
0.0329016
-0.0420904
-0.00577111
0.033051
-0.00720476
-0.0690384
0.0117151
0.0199318
-0.0300854
0.00322381
-0.0334856
-1.58257
-0.00247455
-0.103029
0.102635
-2.59663
2.07969
0.516939
-0.0240793
0.0204331
-0.0297756
-0.0156402
0.0226222
-0.0303121
0.00768988
-1.87853
1.89179
0.0229883
0.0275373
-0.0297435
-1.91096
0.172731
0.143603
-0.15123
0.301139
-2.1534
1.85226
0.0862082
-0.0676067
0.0647765
0.055145
-0.0524968
-0.00264818
-1.46009
0.0142612
-0.106069
-0.0331417
0.0408775
-0.00773577
0.0798819
0.0969469
-0.0443647
-0.00433395
0.0486986
-0.225494
-0.143665
0.369159
0.0514036
-0.0452079
-0.102415
0.117371
0.108555
0.653945
-0.0540143
0.00502613
0.0489882
-0.160745
0.825957
-2.60302
1.63121
0.971808
-0.00998531
0.0319073
-0.021922
-1.32418
1.62532
0.519437
-1.11309
0.593655
0.0369549
0.00307425
-0.0400292
1.77822
0.0310411
-0.00181826
-0.178809
0.217895
0.0414399
-1.73748
0.38176
-0.250732
-1.70294
0.242851
0.079051
0.0369913
-0.0220502
-0.0324601
0.0384502
-0.00599007
-0.397847
-1.85577
0.290572
0.0528131
-0.050826
-0.00198702
0.00279672
-0.0365118
0.0337151
0.179371
-0.187237
-1.26307
-1.33356
0.0453574
-0.0318055
-0.0767064
0.084495
-0.213594
-0.0360186
0.000782176
0.0352365
0.0814897
0.0756662
-0.0881614
-0.0313758
0.12493
-0.742217
0.0019288
-0.024624
0.163489
-0.110126
-0.0533625
-0.0494292
-0.114278
-0.0446258
-0.0344008
-0.0238776
0.0275559
0.012763
0.0256484
0.116547
-0.00267778
-1.37813
0.0125087
-0.113636
0.119255
0.558007
1.23197
0.0731751
-0.0889755
-0.226839
0.177473
0.0336703
-0.0279641
1.45534
-1.48127
1.06175
-0.0161947
-0.437042
0.0559672
0.381075
-2.841
0.0985378
-0.105995
-0.50092
-0.00079318
0.501713
0.0342
0.105729
-0.118376
0.0189143
0.294524
-1.62439
1.32987
-0.0171275
-0.233831
0.151018
0.00622922
-0.0194262
0.0618924
-0.0424662
0.0128802
0.00352234
-0.0337947
0.117046
-0.572395
1.61384
0.0290008
-0.0333841
-0.000102285
0.0233419
-0.0232397
-0.0209908
0.117482
-0.0703907
-0.040744
-0.0346643
0.0190181
0.0156462
0.0217006
-0.0253752
0.00367455
0.0285276
-0.00143492
0.2747
-1.37062
-0.0145188
-0.0264518
-0.0267302
-0.0169586
-0.00483666
2.04803
-1.58035
1.59603
-0.0156773
-0.0201271
-0.182865
-0.0574781
0.064131
-0.0225574
-0.0207753
-0.0306252
0.0514005
-0.00762692
-0.137873
-0.908055
2.16688
0.0898747
-0.0125749
0.0254221
-1.61439
1.58897
-0.0407163
0.0345946
0.00612167
1.58035
0.0672408
0.0226339
0.00955464
-0.0434396
-1.72157
-0.345897
0.00890237
-0.028101
-0.00198443
0.701764
-0.00127401
-0.70049
-0.96686
2.17007
-0.14821
0.196427
1.78499
-0.381218
0.35871
-0.0306115
0.00462877
-0.0184442
0.0332844
0.0253938
-0.0136735
-0.0760634
0.0897369
-0.0283374
0.0293884
0.0623993
-0.0306287
-0.0317707
0.0796627
-0.0815509
0.00188845
-0.0176158
-0.0272206
-0.0250848
0.368962
-0.421224
0.0528948
0.0958523
0.0778615
-0.187988
1.28964
1.04233
1.53076
-0.201218
0.242301
0.0210329
0.0224338
-0.0434667
-0.035241
0.00483933
0.0232812
-0.016098
-0.0212191
-0.0999706
0.12119
1.51077
0.560557
-0.133096
0.0243898
0.0108391
0.996215
0.0169452
-0.0197371
-0.0206252
-0.767773
-0.00555585
0.028506
-0.0344497
0.00594371
-0.020463
0.0362679
-0.0490903
0.0918752
0.0536515
0.0232611
0.0336188
2.06602
0.0207398
-0.0651757
-0.170358
-0.0306481
-0.021704
0.00187312
0.0151243
-2.15834
0.409211
1.74913
-1.37636
0.118549
1.25781
-0.171579
-0.6271
0.700601
-1.11581
-0.686625
-0.119557
0.187934
-0.167501
0.0682696
-0.0663629
-0.00190669
-1.77822
1.79855
0.528774
-2.32732
0.0174935
-1.44402
-0.326147
-0.0367992
0.0205713
0.0257829
-0.0269534
0.0011706
-0.188301
0.550937
-0.362637
-0.0172637
0.0467863
-0.0295226
1.62687
0.300475
-0.602003
-0.016998
4.30918e-07
0.0321473
-0.00364134
0.0940181
0.977774
-0.0338448
-0.000604788
0.166594
-0.181981
0.043583
-0.0515023
0.00791929
-0.1367
0.294264
1.25809
-0.0757641
1.95522
0.0741022
-0.0800058
-0.0371022
0.148488
0.0195236
-0.0105904
0.0260152
-0.0384234
-0.00466057
0.0188851
0.0179068
0.02642
0.010363
-0.00614877
-0.0311269
0.078977
-0.00248338
0.368363
-0.948469
3.25407
1.58591
-1.66168
1.58591
-1.29912
-1.3186
-1.66168
1.59603
-1.34995
-1.44606
2.45741
-2.45741
2.469
-0.0115937
2.469
-2.62571
2.62571
-1.12359
-1.06461
-1.07736
-1.29364
-1.36196
-1.11658
-2.20095
-2.65561
-0.0172858
0.0363646
-0.0190788
0.014659
-0.123296
-0.0063274
1.56596
-1.55964
-0.445736
-2.08105
0.0143318
1.2505
-0.61349
2.41204
-1.876
-0.634449
2.51044
0.90401
-0.528944
1.28449
-2.06745
0.0473028
-0.0369906
0.0270115
0.0309872
-0.0579987
-0.0643741
0.635304
-0.848029
0.895861
-0.0478323
-0.0977014
0.0380657
0.0233385
0.0117347
0.0204305
-0.0204305
-0.428404
-1.81111
-1.19425
3.00536
-1.03702
-1.77449
0.596366
-2.40747
0.0144959
2.03608
0.288661
1.85546
-2.14412
0.00316911
0.421621
-0.426558
-1.80033
-0.496616
2.29695
-0.0469181
-2.56105
2.11531
0.607528
1.35819
-1.36452
-0.00587565
0.400486
-0.403664
-0.0164878
0.0164878
-1.96468
-0.0254861
-0.476951
-0.0760764
0.145812
-0.371306
-0.0478905
-0.0211479
0.913233
0.942495
0.0130163
1.93397
-2.44079
0.506824
0.175203
-0.0193685
-2.48949
2.02971
-2.66416
-1.84023
-2.48357
0.518889
0.0599584
1.79767
-2.15454
0.35687
-1.47539
-2.32389
1.72583
-0.468434
-0.948323
-1.72269
2.67101
0.0264003
0.0132006
0.0114481
0.0521155
0.406403
0.0136985
-2.26877
2.59525
0.0102405
-0.0182364
-0.0255447
0.0437812
-1.39279
-0.472774
2.27636
-1.80358
2.21216
-1.37449
-0.457498
-1.81127
-0.391083
2.18876
-0.549599
0.276956
0.519035
-0.795991
0.539395
1.97105
-0.0193188
0.0268244
-0.00750553
0.141401
-0.132058
-0.00934304
0.0373642
0.0172871
1.9014
0.510638
0.0282202
-0.231937
-0.0294311
7.06857e-05
1.83183
-2.3046
0.0247673
-0.726866
0.0965503
-0.0728282
-0.0237221
0.156517
1.81886
0.865817
0.759505
2.34247
-0.18479
0.175394
-1.35052
1.08796
0.262562
-0.0582498
0.512913
-1.88191
-0.525566
-0.377491
-1.76663
-1.77583
0.371453
0.12021
0.0192117
-2.40739
0.326333
2.60289
1.70364
-1.09617
-0.607463
-0.0175764
-2.43151
-2.22574
0.449915
-0.460457
1.81507
-2.31169
-0.306915
1.8217
-1.51479
2.17013
-0.421001
0.00893637
-0.0262222
0.0327276
-0.224533
0.191805
2.13479
0.0212679
-0.0212679
-0.0823583
-0.0894318
0.0136827
0.00356894
-0.345279
0.222924
0.122355
-0.0186027
-0.0179091
0.0213281
0.02618
-0.0475081
-0.188177
0.0106932
-2.38772
-2.17163
-0.155688
-1.72748
-0.498267
0.00907349
0.0966235
-0.0320767
-0.0645468
-0.467965
2.28304
-0.033214
-0.481514
1.57748
-1.09597
-1.63747
1.63747
-0.0249106
0.0448424
-0.0254853
-0.00356458
0.340405
0.0679254
-1.13763
-0.524943
1.66258
2.14848
-0.442159
-1.70632
1.72916
0.547127
1.73418
-2.15599
-2.19467
0.414016
-0.000855513
-0.492827
-1.0197
-1.74475
-1.46019
1.46019
-1.2022
-1.74287
-1.70358
2.17679
-0.473206
-0.316062
-0.0264232
-1.84964
2.35646
-0.171069
-0.144994
0.0353388
-1.55129
0.069987
0.0265634
1.48453
-0.965097
0.42538
0.00818995
0.0565865
0.0136266
0.445995
-2.22473
1.77873
-0.92763
1.8885
0.0690604
-0.00381539
0.0799206
-0.205859
-0.0494014
-0.268254
0.149227
-0.836136
-0.0836909
-1.31795
0.00927217
0.0294284
0.141573
0.0463607
1.32495
0.235405
0.00295581
0.0344696
-0.0302081
0.0513258
-1.00302
1.30734
1.63332
0.18838
-0.400544
2.13472
0.196859
-1.67813
0.584152
1.48187
0.00858341
-0.238138
0.257249
-0.208592
-0.0283746
0.236966
0.439691
1.99019
0.0200682
0.0789058
-0.0989739
1.53559
-0.297465
-0.03844
0.0277692
-0.00146922
0.00988834
-0.205252
0.227541
0.0691248
-2.6699
0.0375735
0.003304
0.392801
-0.0360482
0.843391
0.337667
1.49061
1.21049
0.00311147
0.0190124
0.0253111
-0.0505839
-2.18527
0.0227743
-0.214624
-0.0576089
0.0476237
-1.63394
0.0402359
-0.220858
0.182444
-0.0477995
-0.0328397
-0.025143
0.0342235
-0.00908047
-2.35809
-2.36914
0.646453
0.00534089
0.0808076
0.15488
-0.235687
0.00844061
-0.0308218
0.0223812
-0.0324849
-0.00151209
-0.0502998
-0.032101
0.000605792
0.0768576
-0.553809
2.60289
0.0320394
0.0258922
0.0104724
0.0565834
1.2606
-1.31718
0.062691
2.59955
0.0428651
-0.03115
0.027936
0.508572
0.134934
-0.152474
-0.416945
0.00291057
0.0794822
-2.0761
0.242782
-1.56242
-0.0287672
-0.00223019
0.0309974
-2.43033
0.223561
-1.59995
-0.279568
1.48293
-1.20336
-0.269379
0.204484
-0.315042
1.30163
-0.986587
2.30042
0.017835
0.0512254
-0.672255
0.000219733
0.032235
-0.00432892
0.286176
0.027474
-0.0300583
0.0025843
1.51145
0.39479
-1.31723
1.53836
-1.9675
-0.182944
0.161941
-0.0211112
-0.14083
-0.0396111
-0.0181864
-0.0134889
-1.552
-0.524104
-1.37551
0.198798
1.17671
-1.07494
0.0675082
0.0346278
0.016174
-2.31186
1.40381
0.240943
0.791966
1.11833
-0.0672059
0.0861202
0.125726
1.97247
-1.26052
-0.711953
-0.0427988
0.0273769
-0.0312729
0.856034
-1.24582
1.08177
0.258088
-0.180232
0.0231395
-0.0722842
-1.95254
0.00663845
-0.0271938
-1.63073
0.389353
1.24137
-1.31772
-0.297293
0.164971
-2.44253
2.27756
-0.0332824
0.00655223
-0.586038
-2.29244
-9.72572e-05
1.60584
-1.33618
-0.269665
0.0366561
-0.00461672
0.0676059
-0.0298252
-2.25478
0.569528
-0.0636104
0.0144834
-0.133637
0.125953
0.0754276
0.189806
-0.372671
-0.27842
-0.670049
1.43849
-0.880485
1.30404
0.326203
-0.0454506
-0.913233
-0.997729
-0.0309023
0.0497875
-0.876221
0.063136
1.19746
-0.858205
-0.186691
0.217871
0.00373529
-0.0237261
-0.000151495
-0.630994
0.748039
0.29393
0.601931
-0.0366292
-0.0194754
-0.0212409
-0.521315
1.90909
0.0661996
-1.50655
0.0429454
0.0121996
0.505412
-1.8799
-1.35778
-1.92207
0.372521
0.0512598
0.0078864
-1.85894
0.0684669
-0.0990956
1.29482
0.216006
-1.51083
-0.27514
0.131475
-0.116499
-0.0623096
0.0159221
1.66333
-2.23127
0.439847
-0.645995
0.699166
1.35037
-0.0889696
-0.0985992
0.0351756
-0.037292
0.070013
0.024675
1.21826
-0.00589353
0.0333675
0.32668
1.20033
-0.00143285
-0.000265562
0.000878804
1.28095
1.27363
0.0589518
-0.0239317
0.0873088
1.39313
0.37773
-0.0389496
-0.139685
-1.92349
-0.0113991
0.758193
-1.47015
0.61862
0.819873
0.592955
-0.0550982
-0.537857
-0.623905
0.0825198
0.232961
-0.0711215
0.404457
-0.442087
2.03485
0.536691
-1.72157
0.856223
-0.0267895
0.00818678
0.00677795
-0.112877
0.291308
0.148382
-0.0273521
-0.0109641
-0.0236802
-0.00442081
0.054323
-0.0719388
0.0407546
0.0484148
-0.634322
0.00332811
-1.52468
1.24511
0.0310069
1.56758
1.73629
-1.56165
1.80451
0.0338341
-0.498701
-1.02598
-1.47531
-0.448188
-1.42139
-0.540156
-2.30678
-0.827304
-2.30678
-1.42139
0.323271
0.960618
-0.722435
1.43391
-0.140726
-2.21183
-0.0410173
0.00441782
-1.85966
-0.00847748
0.0650116
-0.0209068
0.0323051
-0.00641289
-1.11781
0.303435
0.814379
0.424099
0.146751
-1.65427
2.15968
-0.90552
-0.543356
-0.0629512
0.034849
-1.68733
1.23444
-0.637667
0.272487
2.29244
0.457677
-1.70804
1.25036
-0.337249
0.687099
0.365255
-0.348517
-0.0418481
-0.0121662
-1.661
1.37256
1.59193
0.0663435
-0.0156555
-0.660414
-1.75091
1.07866
-0.0269172
0.375437
-0.0227922
-0.000933812
-1.42222
0.481352
-1.57752
1.08433
-0.182557
0.25174
-0.0691826
-0.0649271
0.0397015
0.0911854
-0.130887
-0.0205602
-0.48036
-0.211023
0.24375
-0.0179986
0.0179986
0.200497
-1.45044
1.1354
-0.0618565
-0.109212
0.0180288
-0.0180288
-0.00849226
0.0645367
-0.0560444
0.0749901
0.150649
-0.225639
0.00416229
0.0144642
-0.0144642
-0.0157556
0.0157556
1.79997
-2.14586
-0.0380105
0.000413772
-0.00382797
-0.777743
-0.0357288
-0.0052885
-0.0168347
0.0168347
0.0218742
-0.0218742
0.0740105
-0.0181642
0.0181642
-0.272326
0.136061
0.136264
-0.00510505
0.0234214
-0.0234214
-0.0246239
0.0228008
-0.0295018
0.00670099
0.018502
-0.018502
-0.0281562
-0.00022155
0.397544
-0.106236
-0.0177006
0.0177006
0.0175676
-0.0175676
1.1109
-0.0146486
0.0146486
-1.26819
0.0199792
-0.0199792
1.46085
-0.0395005
-0.00570741
-0.0154151
0.0154151
-0.0166754
0.0166754
-1.27165
-0.0138783
0.0138783
-0.0184267
-0.407998
-0.146975
-0.010689
0.05252
-0.0418311
-0.119631
-0.0185224
0.0185224
0.019014
-0.0190139
-1.71091
2.13501
-0.021855
0.021855
-0.0348728
0.0408165
0.0202552
-0.0202552
0.0487436
0.0479319
-0.0966755
-0.0420272
-0.0207381
-0.0669286
0.0169064
0.0711233
-0.0713448
0.0218856
-0.0218857
-0.769295
-0.318815
-0.0187441
0.0187441
-0.0216789
0.0216789
0.0185198
-0.0185198
-0.0178541
0.0178541
-0.0157337
0.0157337
-0.0203571
0.0203571
0.0198471
-0.0198471
-0.017629
0.0176289
-0.0217129
0.0217129
0.0214737
-0.0214737
-0.167264
0.0203309
-0.0203309
-0.0178823
0.0178823
0.0174827
-0.0174827
-0.020203
0.020203
0.0182111
-0.0182111
0.0258388
-0.0258388
-0.0269177
0.398371
0.0192339
-0.019234
-0.0282304
-0.021148
0.021148
0.146352
-0.296668
0.0205507
-0.0205507
0.021755
-0.021755
-0.0203983
0.0203982
0.0222507
-0.0222507
-0.474861
-0.0253691
0.0253691
0.0161686
-0.0161686
0.095005
0.0159359
-0.110941
-0.0158428
0.0158427
0.0212304
-0.0212304
-0.0222732
0.0222732
0.0182318
-0.0182317
1.80597
-0.564597
0.0218233
0.0184491
-0.0184491
-0.0294979
-0.0384575
0.0679554
0.0587432
0.0273771
-0.0369591
0.0294741
-1.46218
0.366214
0.0190152
-0.0190152
0.0343301
-1.57945
0.0525481
-0.080542
-0.0164231
0.0164231
0.0171819
-0.0171819
0.0191846
-0.0191846
-1.56894
0.0426064
-0.0160408
0.0160407
0.00740793
0.135234
-1.65002
0.0218858
-0.0218858
-1.24274
0.0763083
0.362137
0.00472143
-0.0770056
-0.285472
0.176578
0.122156
-0.0149863
-0.0148484
0.0148484
1.19118
-0.0148733
0.547459
0.00271615
-0.0213683
0.0213683
0.0201486
-0.0201486
0.0180973
1.9147
0.111718
-0.0167129
0.0221861
-0.0221861
0.24565
0.102044
0.011994
-0.011994
-0.065584
0.0128053
-0.574206
0.509121
1.5402
-1.18002
0.0643837
-0.029066
0.029066
-0.0114317
0.0238961
-0.0151376
0.0151376
0.39722
-0.444138
-0.0167259
0.0167258
-1.36892
0.165557
0.0215518
-0.0215518
0.0160835
-0.0160836
0.119126
-1.43535
-0.025632
0.025632
0.019807
-0.019807
0.0219463
0.0746772
-0.136929
-1.33832
1.47525
-1.75908
0.314968
0.986661
0.0187166
0.0214391
-0.0214391
0.487275
0.0821666
0.222864
-0.0464799
0.0546778
-0.0081979
-0.113082
-0.0694756
-0.0331011
-0.229945
1.41351
0.125312
-0.0205269
0.0205269
-0.0187258
0.0187258
0.0207643
-0.0207643
-0.00299065
0.0374435
0.0795031
0.030421
0.240895
0.019619
-0.019619
1.25827
0.280084
-0.0243089
0.0243089
-0.0209237
0.0209237
-0.0293096
0.0293096
0.0167152
-0.0167152
0.0227052
-0.0227052
-0.656911
0.765466
0.0223478
-0.0223478
0.0331431
-0.0037548
-0.413094
0.0228659
-0.0228659
0.0544606
-0.0325143
0.0199228
-0.0419243
-1.25057
-0.0146529
0.0146529
-0.58444
0.109845
0.474595
-0.0218678
0.0218678
0.0224425
-0.0224425
-0.0125533
0.0125533
-0.730419
0.0174964
-0.0174964
0.250483
1.49749
-1.74797
-0.0209499
0.0209499
-0.00480101
0.0379802
-0.68804
1.03243
-0.344387
-0.0284979
0.145045
0.0203059
-0.0203059
-0.0414529
0.00184175
-0.0808983
0.0172879
1.7398
-2.26537
-0.0127017
0.0127017
-0.020903
-0.00285442
-0.0167943
0.0167943
0.102045
0.0624562
-0.561509
0.416052
0.130575
0.00816315
0.0294103
-0.0317894
-0.027866
-0.264648
0.339638
0.01418
0.0243858
0.016851
-0.0168511
0.0354527
-0.0384312
0.0029785
0.0137718
-0.0137718
0.0261139
0.430536
-0.172435
-0.0540664
-0.0853717
-0.00274804
-0.0398249
-0.92765
0.944595
0.441294
-0.385327
-0.0182073
-0.0396055
-0.0332754
-1.37831
0.0332052
0.366426
-1.13572
0.319251
1.04397
-0.988863
-0.104776
1.01358
-0.908808
0.0923763
-0.0553459
-0.0158235
0.0158236
-0.828556
0.515127
-0.0223745
-0.0882239
-0.0198701
2.30449
-0.0329693
0.0181419
-0.0181419
0.101563
-0.835891
0.716333
-0.0376861
0.521356
-1.02006
-0.0124474
0.0130944
0.0106208
-0.802847
0.0134743
-0.0134743
-0.0663221
-0.24816
0.0379609
1.54531
0.0774267
0.311441
0.873986
-1.18543
0.516178
-0.782393
0.252279
0.592465
0.153199
0.0421623
0.0007832
-1.48647
1.34954
0.129499
-0.971124
0.841625
-0.201241
-0.652671
-0.0148898
-0.0705288
-0.918335
-0.0369272
-0.0206081
0.0206081
-0.0293706
0.0814865
-0.367738
1.4464
-1.4135
-0.0120668
0.0120668
-0.0554432
-0.137557
0.227352
0.00597427
0.0243245
0.0399267
1.05752
-1.15395
-1.09822
0.371359
0.013921
-0.013921
0.00246512
-0.0422115
-0.627419
0.930854
0.0156342
-0.0156342
-0.706392
-0.0678522
0.0380271
0.0652299
-0.0160606
-0.281435
0.161804
-0.704927
0.708255
-0.0166856
-0.074146
-0.0907815
-0.0037891
-0.00411598
-0.0328112
1.42715
0.0446395
-0.0144897
0.0144897
0.0158185
0.00461206
-0.00202503
0.0493075
-0.0472825
0.163523
-0.0104294
-0.153093
-0.17146
0.0393743
-0.376869
0.315013
0.0154817
-0.0154817
-1.5904
0.322213
-0.112223
-0.00140746
-0.0184466
-1.4574
-0.121844
0.164834
-1.36275
0.189788
0.00347672
0.0418556
-0.0657873
0.0572203
-1.19744
0.011749
1.22419
-0.0148872
0.32292
-1.97719
0.0706882
0.104515
0.0151376
-0.0151376
-1.1344
1.65134
0.0676918
-0.00377987
0.0281697
0.753198
-0.000607894
0.0255451
0.00222416
0.0471377
-0.217495
0.0579406
-0.063648
-0.0791117
-0.0208836
0.0208836
0.220524
-0.124457
-0.0435902
-1.41081
1.73302
-0.0366504
0.0320336
-0.0604167
0.0749126
-1.43428
-1.17645
0.156745
1.03567
0.903414
-0.906712
0.00329756
-0.156389
-0.0252475
0.889858
-1.45446
0.0147134
0.0766242
0.0555637
0.00870656
-0.0642703
-0.141627
0.0550887
-0.0759955
1.55098
0.254128
0.0202508
-0.0202508
-0.282956
-0.134969
-0.067186
0.0793145
0.0158185
-1.47244
-0.00147114
0.904885
1.35541
1.79683
0.0823848
-0.0677258
0.123484
-0.1149
-0.0509333
-0.0124638
0.0633971
1.0162
0.962786
-0.0865984
0.00405704
0.0825414
1.11964
-0.0693126
0.0607531
-0.0477368
-0.123253
0.128594
0.119813
-0.0239605
0.0284333
-0.0292315
0.000798191
0.934471
-0.0482969
0.0632786
0.0159221
-0.0665888
0.0220905
-0.00138967
0.027038
-0.104908
0.0332964
-0.793793
0.68157
0.0648439
-1.15477
0.527356
-1.07778
-0.0254896
-0.00334468
-0.0463719
-0.0522949
-1.14901
0.134751
-0.0115389
0.383179
-0.433763
-0.366775
0.114328
0.0129211
-0.0218062
0.236697
-0.0569101
0.0275394
0.0684453
-0.0515389
-0.0104817
0.0331038
0.0467741
-0.0335735
0.0672878
0.0267786
-0.00119231
-0.0255864
0.028818
0.00432512
-0.120136
0.121014
-0.626389
0.728433
0.0366058
0.0219603
-0.0219603
0.0141351
-0.0141351
0.433605
-0.323761
-0.0218938
-0.00443862
0.0263324
-0.0122658
0.0203272
-0.0150783
-0.0308029
-0.22257
-0.0148872
-0.0155474
0.0155474
-0.0253291
0.0253291
-0.120466
0.120685
0.0953397
-0.0532795
-0.388807
0.0206053
0.01875
0.0535078
-0.0516347
0.0818658
-0.0257717
0.0257717
-0.014382
-0.0609591
-0.0163379
0.0163379
0.0220905
-1.74393
0.0205004
-0.0205004
0.027936
1.81808
0.0181783
-0.0181783
0.016388
-0.016388
0.39151
-0.43696
-0.0164649
0.0164649
0.0164232
-0.0164232
-0.0176458
0.0176458
-0.0830854
-0.0334837
-0.182807
0.0165803
-0.0165803
-0.20034
-0.176528
-0.0325822
0.0683689
-0.284452
0.00495303
-0.0174273
0.0174273
-0.116622
0.0145203
-0.0145203
0.0223486
-0.0223486
0.0116701
-0.0750092
-0.0148336
0.0148337
-1.12123
1.36212
-1.30688
0.00342355
0.0220687
-0.0220687
0.416713
-0.0598263
0.0322669
0.0244696
-0.0245067
0.0199464
-0.536155
-0.0247961
0.0247961
0.0223789
-0.0191705
0.0191705
0.000732874
0.00430658
0.0268919
0.0264261
-0.437694
0.411268
-0.0785078
0.0926304
-0.0141227
0.000116301
-0.015895
0.015895
-0.324742
0.392667
-0.0395691
-0.0339655
0.320561
0.0858418
-0.044798
-0.0354735
-0.0170233
-0.0245935
0.0245935
-1.31504
-1.55742
-0.00404179
0.0761657
0.00929467
-0.6332
0.000873061
0.0156513
0.00378995
0.0268689
-0.00352697
-0.000619718
0.0590439
-0.596901
0.00233851
-0.0743201
0.00173279
0.000668394
0.00506265
-0.000205292
-0.107743
-0.00240396
-1.86537
0.00033103
0.00070357
0.684841
-0.000964033
-0.0148966
0.000281284
0.0256117
-0.0256117
0.0852101
-0.111621
0.00348119
-0.0151404
-0.0219932
-0.0136396
0.0136396
0.0053062
0.000325818
-0.0434289
-0.224462
-0.633743
0.961989
0.000218695
0.0439789
-0.0184267
-0.0356709
-0.173914
1.27273
0.0457866
0.000254528
0.0177225
0.0920478
-0.000198061
-0.0275
0.00031066
0.533639
0.0205453
0.0042209
-0.0357589
-0.0256539
0.0256539
0.0387999
-2.57018
-0.011732
0.011732
0.000137918
0.284513
0.00013085
0.0104786
-0.0104786
1.6687
-1.38861
0.267271
-0.0454637
-0.112863
-0.0744935
-0.662779
0.00433945
-0.00359079
0.0254485
0.0185304
0.0920519
0.10663
0.0661644
-0.0471463
0.0388294
-0.389418
-0.491471
-0.11835
-0.0949578
-0.802914
-4.33108e-06
0.0187647
-0.0187647
-0.0143353
0.01012
-1.14819
0.0602662
-0.10101
0.0127679
-0.0417297
-0.0350787
1.66015
0.47486
-0.0254861
-0.0222785
0.0414383
0.000519122
-0.0858925
-0.0131485
0.0131485
-0.0334409
-0.053568
-0.00112155
-0.0158936
0.0158936
0.0261508
-0.000787555
-0.0358628
0.194215
0.876048
-0.85901
0.0386988
-0.0783044
1.13369
-0.161136
0.119108
0.245334
-0.367178
0.0229992
-0.0229992
-0.0140543
0.0140543
-0.00111674
-0.000187937
-0.0280171
0.0280171
-0.125238
-0.0339399
0.0207208
-0.0207208
0.000243617
0.00164958
0.290385
-0.00265219
0.00795222
0.000160715
0.31893
-1.60476
0.00372459
-0.0541151
-0.0218751
0.0218751
-0.000518051
0.00244115
9.46111e-05
0.509088
0.0131794
0.0214152
-0.0272415
0.0272415
0.0239921
-0.0239921
1.32765
-0.000574659
-0.0418885
0.059382
-0.00475749
0.553356
-0.611605
-0.0270926
0.0321672
0.000617749
0.425964
0.0327743
-0.0704604
-0.925002
-0.000617927
-0.0287373
-0.130417
0.0327398
0.00159031
0.221836
0.00133093
-0.346963
0.316286
0.0569215
0.00346951
-0.0320756
0.00979705
0.966095
-0.0145025
0.0145025
-1.03848
-0.0500379
0.301572
-0.0673768
-0.000139299
-0.590954
0.474332
0.468755
-0.0941739
-0.0669617
-0.0134171
0.013417
1.58313
0.0141273
0.0191017
0.00918117
0.0249869
-0.024661
0.0138915
-0.0138915
0.0957663
-0.110753
0.0279435
-0.0330457
0.0330457
0.125841
-0.122729
-0.00170126
-0.0301014
0.0318027
-0.021827
0.021827
-0.346038
0.313553
0.55064
0.00806472
-0.558704
-0.337412
-0.216397
0.036807
-0.0360572
0.050389
0.0688141
-0.363894
-0.380503
-0.0301723
0.0304536
-0.0296168
0.0299275
-0.104634
0.107544
-0.0196887
0.0196887
0.747947
-0.842763
-0.111472
0.130995
-0.00582165
0.0375895
0.935851
0.0810915
-0.0623557
-0.00876577
0.0147787
-0.0147787
0.0108722
-0.0108722
-0.21079
0.283373
-0.00555222
-0.0513342
-0.020747
-0.0381957
0.0484362
-0.0731311
0.0151146
-0.0151146
0.3108
0.0217344
0.0172993
-0.0172993
0.0265005
-0.0265005
-0.0158872
0.0158872
-0.0576893
-0.0409295
0.0526641
-0.169626
-0.0292851
-0.0108554
-0.0229393
0.0283924
0.0058311
0.00539845
-0.0460391
0.0639459
0.0309121
-1.78609
0.541284
0.140286
0.00129083
-0.018161
0.018161
0.0520714
0.0269774
-0.0290024
0.0141884
-0.0448635
-0.03373
0.00623001
0.0141077
-0.0141077
0.0277676
-0.0277676
0.0168775
-0.0168775
-0.0353513
0.0112689
0.387959
0.00308086
-0.0123912
0.0123912
-0.0329056
-1.339
0.0251741
0.0174481
-0.0174481
0.0300613
-0.0299006
0.817912
0.0156071
0.105052
-0.101317
0.106761
-0.093215
-0.539985
-0.195579
0.261589
-0.0660093
0.0296488
-0.0295542
-0.0616375
-0.0288659
0.0905034
-0.0297337
-0.012402
0.012402
-0.381498
0.0337246
-0.749388
0.678859
-0.0849762
0.181354
-1.33531
-0.281336
0.471971
0.0413671
0.00794046
-0.0286137
0.0861011
-0.0335811
-0.102372
0.112261
0.0274518
0.0426639
0.0274818
0.143239
-0.0327496
0.0163771
-0.016377
0.651902
0.231576
-0.954011
-0.196913
0.144618
0.0217768
-0.0217768
-0.0181598
-0.0229882
0.0326625
-0.0322822
0.0322822
-0.0323548
0.000565448
0.16087
-0.262183
0.101314
-0.132803
0.132538
0.0262696
-0.0262696
0.0209012
-0.0913858
0.101506
-0.333047
0.860403
-0.00924449
0.0171705
0.0130944
-0.0445926
-0.10675
0.130991
0.0855854
-0.00136124
-0.0241284
-0.0364215
0.0344326
-0.035054
0.000621441
-0.00364763
-0.014799
0.0144377
-0.0390538
0.024616
0.00249742
-0.00830676
-0.0105055
-0.0669913
0.0305698
-0.0262097
-1.01903
0.0195738
-0.0195737
-0.256103
0.0888388
0.709785
0.409851
0.0191017
0.0170638
-0.0170638
-0.0476856
0.0154816
-0.0154816
0.186635
-0.299498
0.0241012
0.00961388
-1.1918
0.189132
-0.166952
-0.0221802
0.00355071
-0.0340309
0.0247864
-0.0355058
-0.0158116
0.0158116
-0.0425217
-0.00537285
0.308991
-0.0206192
0.277546
0.77997
0.134581
-0.136014
-0.000992018
0.00679886
-0.152333
-0.361278
0.0130239
-0.0130239
0.076228
-0.0798441
-0.0632532
-0.982272
-0.00900418
0.000859263
-0.847576
-0.119717
0.00663521
-1.5753
-0.0703176
0.00461662
-0.219439
-0.0555235
0.274962
-0.016998
0.105502
0.00492731
-0.023947
0.00867853
0.0300145
-0.0292163
-1.08243
-0.0188836
0.0188836
0.0807547
-0.859285
-0.0150835
-0.22666
0.0252726
0.00548506
-0.0307575
0.761269
0.0306422
-0.0112484
-0.133438
-0.0167087
0.0912116
0.05341
-0.00594293
-0.264902
0.0527771
-0.044614
-0.0225393
0.0281607
-0.0056214
-0.0400544
-0.00939834
-0.0142222
0.0142222
-0.00531116
0.0454463
0.051489
0.0346122
0.00637618
0.0254265
-0.0132463
0.0132464
-0.0178484
0.0178484
-0.0139811
-0.101614
0.033474
0.0681406
-0.0521179
0.0377159
-0.00328332
-0.00798922
0.1369
-0.0187875
-0.00739006
0.0357824
-0.0914669
0.06341
-0.0348721
0.0493098
0.605951
0.0434812
0.238334
-0.0338505
-0.331287
-0.369203
-0.195223
0.153494
0.0606609
0.0195959
0.00857377
0.00440862
-0.0232057
0.0683361
0.579034
-0.00462056
0.0277762
0.000236125
-0.0280123
-0.0104684
-0.00686143
0.0168191
-0.016819
0.133427
-0.0560199
0.0269946
-0.00930817
0.00930814
-0.03515
0.0496334
-0.100786
0.246004
-0.145218
0.420816
1.03512
-0.783268
-0.332544
5.01542e-05
-0.0388892
-0.0258504
0.000115422
0.0227675
-0.0233872
-0.00190294
-0.0603047
0.0521372
0.367221
-0.012779
0.234188
-0.254807
0.486109
0.0268039
0.0313765
-0.0946296
-0.0620119
0.00248792
0.0636885
-0.00453877
-0.0575691
0.00141955
0.00562568
0.0102144
-0.278964
0.0285207
-0.00710554
0.00991921
0.0169062
-0.0169062
0.0191735
-0.0317291
0.00468542
0.0222065
0.0202659
0.00598148
0.0331042
0.0536755
0.103895
0.030732
-0.233178
0.0251866
-0.0597178
-0.0428733
-0.0749123
0.00342726
0.93076
-0.0582789
0.02252
0.0347195
0.00299644
-0.0271736
0.027142
-0.010099
0.673776
-0.077694
0.0628206
-0.00352352
0.0406226
0.0121546
-0.0554357
0.113881
-0.0209451
-0.00341292
-0.0197928
0.0233868
-0.0235921
0.0033975
-0.0851225
0.0257545
-0.0256236
-0.0302974
0.0308166
0.0288257
-0.00686702
-0.0201079
-0.0247724
0.0249911
0.0790135
-0.0828289
-0.032906
0.0243246
-0.0291014
-0.0010407
-0.0617818
-0.598217
-0.0970242
-0.0370635
-0.0198504
-0.00481058
-0.0613564
0.0188347
0.0243298
-0.0248478
-0.00603544
0.188448
0.0270234
-0.0281402
0.0252148
-0.0257894
0.0258084
0.00147858
0.117302
-0.1267
0.0518553
-0.35639
-0.0180053
-0.00557083
-0.00327134
0.061477
-0.00717966
0.0145641
-0.022628
-0.0016851
0.0897728
-0.0216271
0.0214392
0.0236455
0.057841
0.00523914
0.0151242
-0.00585465
0.00023555
-0.027025
0.0742809
-0.038189
0.00738604
-0.0277473
-0.142528
-0.0275697
-0.0235283
-0.00218645
0.0506044
-0.0257828
-0.0295877
-0.00265525
0.544579
-0.0298552
-0.0324093
-0.0454326
-0.0790245
-0.00301927
-0.0317507
-0.242038
-0.00942506
0.0201182
-0.0240698
0.0187586
-0.0702287
0.00869599
-0.122215
0.093278
0.00364297
0.0973728
-0.0819554
0.185272
-0.0280232
0.0236024
-0.00854803
0.00340957
0.038385
-0.107454
0.00275465
0.0267306
0.0250861
-0.00632742
0.0464714
0.0394776
0.0670167
-0.014179
-0.0214263
0.0331256
1.48043
0.00365983
0.438072
-0.0329679
-0.131492
-0.0770326
-0.0169489
-0.0384524
-0.000157611
0.117477
-0.073652
0.0247436
0.018838
)
;

boundaryField
{
    frontAndBack
    {
        type            empty;
        value           nonuniform List<scalar> 0();
    }
    upperAndLower
    {
        type            symmetry;
        value           uniform 0;
    }
    outlet
    {
        type            calculated;
        value           nonuniform List<scalar> 10(2.61772 2.79601 2.1882 2.371 2.47854 2.94508 1.96154 3.13409 2.70111 2.55458);
    }
    inlet
    {
        type            calculated;
        value           nonuniform List<scalar> 10(-2.57539 -2.5743 -2.57581 -2.57643 -2.57308 -2.57381 -2.57468 -2.57502 -2.57154 -2.57779);
    }
    airfoil
    {
        type            calculated;
        value           uniform 0;
    }
}


// ************************************************************************* //
