/*--------------------------------*- C++ -*----------------------------------*\
  =========                 |
  \\      /  F ield         | OpenFOAM: The Open Source CFD Toolbox
   \\    /   O peration     | Website:  https://openfoam.org
    \\  /    A nd           | Version:  10
     \\/     M anipulation  |
\*---------------------------------------------------------------------------*/
FoamFile
{
    format      ascii;
    class       volVectorField;
    location    "150";
    object      U;
}
// * * * * * * * * * * * * * * * * * * * * * * * * * * * * * * * * * * * * * //

dimensions      [0 1 -1 0 0 0 0];

internalField   nonuniform List<vector> 
3042
(
(29.1212 -0.974175 -6.66197e-18)
(24.6885 0.469377 -9.82254e-18)
(24.4973 4.62306 1.56753e-18)
(28.1636 1.77367 3.60841e-18)
(24.9701 -1.52151 0)
(27.0475 0.689732 0)
(28.5093 0.0837336 0)
(28.3185 -0.896253 0)
(26.4098 3.73342 2.30369e-20)
(30.6276 4.13862 -2.10069e-18)
(21.896 -1.9538 -9.65348e-18)
(27.2592 0.56662 7.67739e-17)
(24.235 0.910217 2.39851e-17)
(25.081 0.0863455 7.97607e-18)
(24.9305 0.643411 0)
(22.804 3.44505 1.09419e-18)
(26.8205 1.05232 3.40006e-18)
(29.9257 -0.604399 0)
(25.4952 2.2986 0)
(27.6051 0.507354 7.65185e-17)
(28.1246 -0.920205 5.62418e-18)
(23.7904 0.394492 0)
(25.1243 0.79419 9.45206e-18)
(25.1217 -4.58633 1.98679e-18)
(27.6077 2.32949 0)
(25.7313 2.66393 8.90556e-17)
(22.972 3.62685 0)
(25.8082 3.73943 0)
(26.5209 5.72182 -3.63155e-18)
(24.5886 2.44077 -5.49239e-18)
(30.2952 -3.12687 0)
(22.8781 2.78854 -5.32291e-18)
(27.3434 1.7634 -5.9957e-18)
(27.1209 -2.05094 -7.76689e-18)
(27.593 1.71662 0)
(26.3667 0.234325 1.80412e-17)
(27.5516 1.79056 -2.33985e-18)
(29.1871 -1.09367 -1.48854e-18)
(27.1387 3.40317 0)
(29.2173 1.23464 -2.3904e-18)
(28.9264 -1.90967 -4.63565e-18)
(29.4073 -0.918864 -6.32027e-18)
(23.4261 -3.32665 5.89983e-18)
(25.1709 0.168426 2.55826e-17)
(28.9191 -1.59708 -2.37142e-17)
(26.4484 1.27157 6.83337e-19)
(28.1276 5.40063 0)
(25.6052 2.4968 -1.3018e-16)
(24.7841 -3.55175 -6.20248e-18)
(25.7274 2.81265 1.23542e-16)
(28.131 1.84289 -3.40131e-18)
(11.9539 -1.46146 -2.30137e-18)
(29.0406 0.0334509 1.76826e-18)
(23.8754 -3.1445 -6.98161e-18)
(27.9808 0.784129 -2.71098e-16)
(25.5132 0.938538 0)
(28.0951 0.100033 3.74933e-18)
(23.0359 0.0293981 0)
(24.0757 0.949749 0)
(23.0291 0.133735 1.6674e-17)
(24.1615 3.50904 0)
(25.6267 -1.42976 -2.2201e-18)
(29.3769 -0.397926 0)
(29.949 0.0814161 2.66789e-17)
(26.4446 1.40961 1.34867e-16)
(29 0.283136 -2.29577e-17)
(27.1 0.151399 -7.96326e-18)
(25.1414 -1.89549 0)
(27.2909 3.90141 3.67148e-18)
(25.7292 0.288673 1.08972e-17)
(25.9206 1.60356 1.62426e-17)
(29.0558 1.90276 -8.55922e-18)
(27.9571 3.29555 -5.27841e-19)
(23.8936 4.30431 -2.61382e-18)
(26.1062 1.62478 -9.57642e-19)
(27.2099 0.0633557 -7.54604e-19)
(27.8284 3.3545 6.74744e-19)
(26.5542 0.209043 -1.36149e-17)
(24.6178 2.70342 5.2688e-18)
(29.1393 -0.637167 1.10676e-17)
(24.1694 0.830607 0)
(25.3806 1.51663 -2.12802e-18)
(27.6135 -2.0092 -6.41391e-18)
(26.2127 3.56422 1.67945e-20)
(26.5471 1.02005 -8.38512e-19)
(28.9041 -1.17538 -4.26441e-18)
(29.1063 0.0222603 8.30609e-18)
(26.6079 1.28449 2.33147e-18)
(30.5372 4.05509 0)
(25.8652 2.69173 1.73283e-16)
(29.4543 0.301395 3.93787e-17)
(24.2691 -4.14657 0)
(21.9024 -1.39943 9.1583e-18)
(24.6094 -2.58897 0)
(25.3715 1.20325 0)
(27.0695 1.87716 1.49392e-17)
(27.9328 -1.38944 -5.04216e-18)
(25.054 1.1198 3.26114e-18)
(29.4973 1.31465 3.42861e-18)
(24.6554 2.28243 -1.32595e-19)
(26.2748 -2.9322 -1.25919e-18)
(29.9133 0.745993 -1.40601e-18)
(25.7476 2.8304 -6.96032e-17)
(25.5038 1.56028 2.12611e-18)
(25.4965 0.456973 -1.47997e-18)
(25.8131 0.25892 -2.02147e-18)
(28.3065 2.32153 1.7981e-18)
(25.1791 -2.05145 0)
(24.9473 0.519452 -9.93949e-18)
(28.8079 2.72898 0)
(23.1935 0.692219 -1.32675e-16)
(28.7763 0.203447 2.92596e-17)
(28.9261 1.78612 5.19213e-18)
(27.9567 4.96108 0)
(28.32 0.0766784 -9.27696e-19)
(20.6621 -2.76846 1.42186e-18)
(22.4239 3.4909 1.27358e-17)
(26.8324 -1.99893 7.53805e-18)
(31.3598 1.08287 -1.40381e-17)
(25.3499 -4.29168 -2.901e-18)
(29.9156 0.628822 1.41744e-18)
(25.6971 -1.08713 6.74063e-19)
(25.9274 2.43258 -8.95954e-17)
(26.2857 -1.68654 -3.86734e-19)
(25.4271 -0.789296 3.69816e-18)
(26.3423 1.61777 -6.45762e-19)
(25.4334 0.308191 -4.06441e-19)
(27.2446 0.113308 9.77092e-18)
(22.3612 3.28764 -5.93197e-19)
(25.0045 0.628797 -1.25932e-17)
(24.3423 2.80216 7.20273e-18)
(28.6303 -2.03426 0)
(27.7816 -2.60965 -5.21348e-18)
(23.4505 0.118971 -1.39652e-17)
(26.0209 2.17517 0)
(25.2015 -3.87379 -1.28648e-18)
(24.8811 2.29818 0)
(26.1787 1.50204 -2.08277e-17)
(28.4497 1.80826 0)
(25.4895 0.867082 0)
(25.5128 0.166626 -1.04311e-18)
(21.819 0.084085 0)
(25.1149 0.522557 -1.54052e-18)
(24.4235 -0.100402 -6.04012e-18)
(25.0971 0.151975 0)
(28.0444 -1.31014 0)
(26.4101 0.0414074 -6.55143e-19)
(27.7608 3.26047 7.97692e-19)
(28.6022 2.37538 -1.66386e-18)
(25.1987 0.950956 -1.15537e-18)
(29.2303 1.20519 -5.43655e-18)
(26.0102 1.6577 0)
(25.7737 1.55348 7.53653e-18)
(24.9597 -2.96151 0)
(26.0123 0.691518 1.20479e-18)
(27.0332 0.499626 -8.1975e-18)
(25.8175 2.53888 0)
(25.9489 -1.73246 4.57578e-19)
(31.2711 0.00738555 0)
(27.2688 5.60438 6.65367e-18)
(24.7158 -4.50924 -1.4586e-19)
(28.1451 4.1111 -1.48575e-17)
(23.5408 0.017254 0)
(25.8465 0.270905 2.02495e-18)
(15.2446 -2.10605 5.10598e-19)
(27.916 0.459345 -3.79071e-17)
(29.7727 0.128211 0)
(24.7943 2.07607 8.98883e-19)
(25.5201 -2.33099 0)
(25.3853 1.35571 -8.03619e-18)
(25.5348 5.70443 -6.71277e-20)
(26.0735 1.71911 6.04894e-17)
(25.9168 2.02644 2.62875e-18)
(27.156 0.519132 -5.92433e-17)
(27.941 -3.3163 2.15954e-19)
(26.9957 -1.72378 4.86835e-18)
(28.0187 1.02035 0)
(29.2179 0.592701 0)
(22.7153 -3.20432 8.58261e-19)
(26.3243 0.308623 9.78759e-18)
(25.1497 2.77649 -2.21705e-18)
(24.8042 0.372612 1.61509e-17)
(30.8002 0.134711 8.03207e-17)
(26.8063 3.83002 0)
(27.9639 -1.90151 -6.81996e-19)
(28.5952 -1.63388 0)
(22.8076 -2.51029 -1.50414e-17)
(24.9877 0.122625 -1.46167e-18)
(25.9252 1.55421 0)
(27.3383 1.66926 1.392e-18)
(25.1596 2.20312 1.44581e-18)
(30.0818 -3.16654 0)
(28.4448 -2.8865 -5.15884e-18)
(27.0433 2.25345 0)
(29.8051 0.0269639 -1.65358e-17)
(26.5757 -2.86507 2.63832e-18)
(24.6 2.03782 -8.42141e-18)
(26.9805 -1.09816 7.80179e-18)
(16.5706 -2.09777 -1.84193e-17)
(21.1786 0.089526 2.35825e-17)
(29.1115 0.798411 1.50557e-18)
(27.3614 -1.68976 -5.68223e-18)
(25.85 3.41434 1.34295e-18)
(25.4439 3.18342 0)
(25.3472 0.332222 0)
(26.0496 3.58895 -6.97962e-19)
(28.1812 -2.59176 6.11739e-18)
(26.3029 1.25209 -4.23327e-18)
(21.8557 -0.00581427 -9.34294e-18)
(23.3918 3.58707 0)
(26.0052 2.5638 -1.39882e-18)
(24.5399 0.417764 7.46713e-18)
(25.2664 0.0443254 0)
(28.9497 -1.49979 0)
(25.3405 3.00253 1.38909e-18)
(23.3246 0.281257 8.82968e-18)
(29.0315 -0.688778 0)
(28.6611 0.0306685 2.61475e-18)
(25.7957 3.09501 1.82082e-16)
(29.7673 0.170884 6.46605e-18)
(25.7922 0.868054 -4.33155e-18)
(24.8289 0.137367 -3.41463e-18)
(25.9921 0.774997 -9.63407e-18)
(25.6021 0.807338 0)
(24.6072 0.572403 0)
(26.0129 1.56731 2.32116e-18)
(24.1654 0.530428 0)
(25.3087 3.20853 3.69278e-19)
(29.6868 0.0333166 3.08112e-18)
(27.1083 3.595 0)
(26.092 0.50328 0)
(25.4442 0.737805 -1.0179e-18)
(26.4188 -1.38179 -7.77723e-19)
(25.2863 0.669475 2.12453e-18)
(23.401 0.485306 -4.15965e-17)
(31.0501 4.75318 5.92672e-18)
(25.9918 0.943365 -5.40913e-19)
(30.6289 -0.360588 0)
(29.383 -0.545894 1.59768e-18)
(21.3682 -0.391018 0)
(27.2902 0.0201608 0)
(27.7041 0.889558 6.88485e-17)
(30.981 0.0962284 -6.71992e-17)
(28.5221 1.82333 -2.59373e-19)
(30.1521 0.436667 -5.81473e-18)
(24.8895 0.577773 1.52205e-17)
(26.3583 0.175587 -8.80221e-18)
(27.7899 0.648634 3.75884e-18)
(25.9798 3.76502 -4.88108e-19)
(27.695 0.540973 -3.43499e-18)
(29.9591 -0.0296092 -1.33975e-18)
(21.0944 -2.80938 2.27056e-18)
(29.2136 -0.00351216 -7.43989e-18)
(25.092 0.600056 8.27965e-19)
(27.7273 1.73084 0)
(28.4208 2.19207 6.49743e-18)
(29.3308 -1.16187 6.25542e-18)
(28.9763 6.34413 0)
(12.7994 -1.08115 -8.97131e-18)
(25.9629 0.268565 -9.7946e-18)
(16.4441 2.05057 3.99243e-18)
(28.5427 -1.38955 -1.32749e-17)
(27.0475 3.72846 -2.30877e-18)
(26.374 0.562866 0)
(25.1192 -0.262713 -4.5269e-18)
(26.1965 -4.14198 0)
(24.6053 0.887909 0)
(28.6529 2.06124 1.17128e-18)
(27.4227 3.34401 -6.31213e-19)
(27.0537 0.0459782 -2.73103e-17)
(25.7873 5.61345 1.63403e-18)
(27.5997 0.0100229 -6.56259e-21)
(29.6687 0.0346932 -9.77893e-19)
(25.4533 1.37146 3.43072e-17)
(25.4736 0.49654 1.04552e-17)
(24.3431 -1.05536 1.50402e-17)
(28.7214 3.07591 3.90836e-18)
(26.96 0.713221 3.78354e-18)
(29.4159 0.31497 -3.93446e-18)
(21.6616 3.47905 -1.60231e-17)
(26.472 -0.309612 0)
(25.0018 0.641301 0)
(21.7758 0.338523 -4.57178e-17)
(26.063 1.12704 1.4064e-18)
(20.554 -3.90157 2.61881e-18)
(27.6738 0.185157 0)
(27.1912 2.34393 -2.91586e-18)
(28.8882 0.849043 0)
(29.4504 1.87359 1.84774e-17)
(23.7628 3.68624 3.3901e-19)
(27.6595 2.24675 0)
(29.1243 -0.284258 -3.50347e-18)
(28.2693 0.857936 0)
(24.8896 0.597298 -4.43323e-18)
(28.2118 -0.120578 3.57271e-18)
(25.7352 2.73307 1.12723e-17)
(30.4462 5.2869 -7.66379e-19)
(28.6447 1.46003 5.3106e-18)
(26.3248 1.79778 -4.51629e-19)
(24.3196 0.110645 1.05956e-17)
(27.0988 3.38819 0)
(21.7319 0.00866552 0)
(25.5392 1.46755 -3.85554e-17)
(29.039 1.0422 2.76783e-18)
(22.1901 -3.4503 3.34278e-18)
(25.4031 0.179827 1.6318e-19)
(24.3255 -3.60629 8.38822e-18)
(25.9949 2.42588 0)
(27.6447 0.903899 0)
(27.9897 2.83905 2.83628e-18)
(25.334 1.13043 4.86232e-18)
(25.3649 0.730895 1.58433e-18)
(26.6559 1.48455 1.09712e-17)
(26.2646 1.49667 1.27638e-17)
(23.8426 -4.25278 -9.08952e-19)
(28.9768 -0.502538 -1.63801e-17)
(25.341 0.0327962 0)
(25.4209 1.30561 -7.16813e-18)
(24.6986 0.759637 7.42188e-18)
(27.3084 -1.13685 -7.5944e-18)
(26.7395 1.23125 -6.83101e-18)
(28.9636 0.435454 1.75324e-16)
(27.269 0.0509936 1.32531e-18)
(25.4987 0.432782 3.12885e-18)
(22.259 -2.4173 3.6691e-18)
(28.7379 1.6333 -8.22819e-18)
(25.4059 0.707875 -4.63883e-18)
(26.0644 3.80324 2.22126e-18)
(28.3862 2.13909 -4.29322e-18)
(27.909 0.968573 4.74048e-18)
(29.4588 -0.932571 9.03837e-18)
(25.8549 -1.92857 2.73399e-18)
(27.3812 1.44894 -3.12199e-18)
(25.5356 0.400793 0)
(26.9327 0.049944 3.2664e-18)
(29.8575 1.26826 2.11676e-18)
(26.4018 0.967008 7.24784e-19)
(28.9859 1.71561 -3.15528e-19)
(28.6427 -1.23862 2.71746e-17)
(26.5766 1.22097 0)
(25.9314 0.640995 0)
(29.1713 0.467636 -1.60944e-17)
(29.2157 2.04578 -2.35807e-17)
(25.4898 0.412689 0)
(25.8448 0.502189 2.0116e-18)
(24.0651 -2.63288 -2.48644e-20)
(26.0101 1.55355 -1.14697e-17)
(19.3035 3.37556 -1.48588e-18)
(27.309 0.107124 7.04742e-18)
(28.7184 -0.0994205 -1.35189e-17)
(27.0254 1.87085 8.86485e-19)
(27.7856 0.346635 3.54264e-18)
(30.9834 0.541868 0)
(30.0946 -0.278138 -2.35164e-19)
(26.1249 0.931508 5.50976e-18)
(25.5466 0.441287 -6.24715e-18)
(26.1586 -2.94101 -2.53869e-18)
(26.5776 0.105388 -6.75554e-18)
(25.8058 2.31713 0)
(26.6752 0.0399748 9.36428e-19)
(27.5983 -0.202693 0)
(28.9302 0.141168 -9.00159e-17)
(30.3722 -0.69825 1.09726e-17)
(24.7577 -2.15207 3.94078e-18)
(26.2062 1.11936 -6.42018e-18)
(25.3848 0.438027 1.84384e-18)
(26.3599 -1.64266 -3.10846e-21)
(26.5328 2.23915 0)
(25.082 0.100841 -2.83514e-18)
(25.5052 -0.504405 2.46632e-18)
(28.2067 2.70054 1.08649e-19)
(25.2404 -1.56005 2.24168e-18)
(28.0178 -0.513447 0)
(22.911 1.81622 8.44143e-18)
(22.8043 -3.20653 0)
(25.691 0.822985 -4.58525e-18)
(25.5154 0.76164 -7.49323e-19)
(26.2018 0.604081 0)
(30.4043 4.5113 3.83556e-19)
(25.9329 1.74963 1.31561e-18)
(25.3546 0.706365 3.63764e-18)
(27.403 1.56289 -1.38653e-18)
(24.296 0.519462 1.67899e-17)
(27.497 -2.29994 6.84209e-18)
(26.8185 1.14338 9.72121e-18)
(23.6881 0.474534 3.68778e-17)
(25.8949 0.871075 4.38565e-19)
(25.176 0.638778 -1.25646e-17)
(25.8886 0.792444 7.03297e-18)
(20.016 -3.34661 0)
(29.3858 1.10756 -2.90098e-18)
(27.6802 -0.394626 -3.5053e-19)
(25.663 0.429812 -1.37766e-18)
(14.9797 0.223134 0)
(22.3322 0.344803 5.40978e-18)
(24.7751 -5.01636 4.40029e-18)
(30.1542 -0.688749 -8.73537e-18)
(28.0302 -1.50836 0)
(27.4984 1.21157 1.45452e-19)
(24.6863 0.551871 0)
(25.5508 3.98122 -3.17662e-18)
(27.635 -2.98499 -4.56247e-18)
(29.6745 0.805857 3.02827e-19)
(28.2727 2.36961 0)
(23.6239 3.39035 0)
(27.603 1.16049 -7.16682e-18)
(21.4013 -0.980334 -5.60074e-18)
(27.2002 1.68563 0)
(30.4634 0.600948 1.27261e-18)
(24.736 0.624856 -1.68527e-17)
(25.4237 3.43454 -2.21507e-18)
(26.1342 0.391149 -1.58746e-18)
(26.8313 2.05618 6.72663e-18)
(17.8538 4.35594 -2.55608e-18)
(25.3314 -2.9856 -3.44751e-19)
(24.8387 0.953919 -5.89722e-18)
(24.9373 0.563577 0)
(28.8064 1.98857 -2.5942e-17)
(22.4123 0.219468 -1.34469e-17)
(27.6804 -5.58662 -6.63971e-19)
(31.5459 3.07135 -1.04749e-18)
(24.8864 0.0633683 1.40036e-18)
(25.7714 3.14868 -1.49295e-16)
(28.1093 2.1166 2.65887e-20)
(29.8595 1.04493 3.02874e-20)
(30.4358 -0.375455 -1.61514e-17)
(27.6918 3.41745 -8.01247e-19)
(25.9633 0.118567 0)
(21.9353 0.124579 -2.68373e-17)
(25.5474 -2.70206 0)
(25.2061 0.11449 2.84446e-18)
(25.1312 2.01554 1.10679e-19)
(25.9562 0.556032 3.37778e-18)
(25.3139 0.671953 -4.36998e-18)
(27.7605 1.32701 -2.28794e-18)
(27.0375 3.46426 0)
(25.636 3.6482 0)
(22.7948 0.654682 -1.88447e-19)
(27.809 -3.69357 -3.04988e-18)
(25.6062 1.00142 -6.68245e-19)
(25.6598 1.39691 0)
(18.3804 -2.32025 -1.45627e-17)
(26.7739 1.35485 -1.7919e-17)
(23.0026 -3.05376 3.29207e-18)
(28.9889 -2.83659 -2.84671e-18)
(24.4059 -5.65467 4.3904e-18)
(27.9297 -0.351675 0)
(21.5603 0.0067757 -5.22983e-18)
(25.967 1.0337 0)
(26.4733 0.72341 0)
(26.798 -1.39402 0)
(26.8657 0.142939 0)
(23.9094 -4.76494 1.21666e-18)
(27.5092 -4.28432 -3.95713e-18)
(28.4156 1.98962 -3.79006e-18)
(29.3717 -1.6186 6.81193e-18)
(28.8395 1.42688 -6.88583e-18)
(25.5527 1.0003 1.41957e-19)
(22.7876 -3.96117 -6.87783e-18)
(23.9213 0.990945 -1.90646e-18)
(26.3862 0.273945 0)
(28.2071 0.20421 -3.62378e-18)
(26.4902 3.34613 6.1867e-19)
(30.0006 -0.58351 -2.35035e-18)
(27.4068 1.50538 0)
(29.3663 -1.08156 -6.49106e-18)
(28.3821 0.0200523 -3.22287e-18)
(26.7157 -0.290007 -6.45382e-18)
(25.3295 0.476742 -1.46941e-18)
(26.8658 1.09682 0)
(27.1038 3.22707 2.11027e-19)
(26.8794 -1.67933 0)
(26.1253 0.252263 2.58729e-18)
(29.3463 6.06158 3.73827e-18)
(27.5238 3.53813 0)
(26.7468 0.172697 5.62122e-18)
(25.5964 0.110866 -1.13591e-19)
(27.9906 2.92935 -3.83001e-18)
(27.7477 -1.09914 -2.16648e-17)
(19.8727 0.0244373 0)
(25.4003 0.706655 4.29131e-18)
(28.4407 -2.18116 1.32438e-17)
(25.7199 3.2011 -8.35664e-19)
(28.4502 2.35874 -4.21749e-18)
(28.2374 -5.44889 2.27897e-18)
(25.6834 3.4128 -6.81445e-19)
(26.7921 2.15793 -4.57999e-18)
(24.8468 2.41296 0)
(28.5132 2.56753 -1.44309e-18)
(25.1569 2.56126 3.07395e-18)
(26.0099 1.22229 4.95608e-18)
(27.0501 3.24102 0)
(29.0032 1.93557 1.98748e-18)
(28.2894 2.50684 -1.13747e-18)
(25.4578 0.685455 -6.66073e-19)
(26.423 1.46597 -3.28664e-17)
(23.5578 2.95829 0)
(26.2846 -1.06676 6.07127e-19)
(25.9472 3.84751 0)
(25.2836 2.11342 0)
(25.2486 1.27826 9.51135e-18)
(26.9313 0.959088 -1.44369e-18)
(24.9383 -0.398445 6.1552e-18)
(30.135 -0.00734762 4.61276e-18)
(25.9849 0.0393724 0)
(28.2348 -2.04188 -3.69873e-18)
(25.5601 2.54529 0)
(25.8584 0.438257 -7.08372e-18)
(31.0808 -1.48091 0)
(25.4375 0.514026 0)
(27.6557 3.19895 -1.68124e-18)
(28.9761 1.87079 -1.67259e-18)
(29.809 0.372184 1.732e-18)
(19.8439 0.0553645 -6.50062e-18)
(29.0612 1.76763 0)
(21.8567 -4.56256 -1.56252e-17)
(28.0372 -0.159962 9.03083e-18)
(20.3154 0.173584 -3.17418e-18)
(30.5876 0.233865 -1.35518e-16)
(25.1655 0.718844 0)
(25.3755 1.36785 -8.11442e-18)
(28.8733 -1.73612 9.76051e-18)
(27.7571 0.780647 0)
(26.8227 0.0826661 7.21405e-18)
(28.531 2.36875 -1.06164e-18)
(24.433 1.36617 -1.81235e-17)
(20.1669 0.0862945 1.69526e-16)
(25.4842 0.554341 0)
(29.266 0.968933 -2.8121e-18)
(28.3063 -1.45743 2.82424e-18)
(14.7445 -1.95369 0)
(23.5135 0.986826 0)
(28.1645 2.79844 0)
(28.0184 2.61359 -1.51321e-18)
(25.3287 2.27129 -1.43895e-18)
(28.3339 -3.33541 0)
(25.5999 0.843101 0)
(25.1074 0.950314 -9.0203e-18)
(26.0986 3.34816 -2.65412e-19)
(29.0323 1.76786 0)
(25.0006 0.942532 0)
(18.1665 0.868361 -3.36701e-18)
(25.5116 0.835419 0)
(27.3432 3.45015 0)
(25.5542 2.1765 8.27634e-19)
(21.1971 -3.30656 0)
(30.2336 5.70124 0)
(27.4635 0.478142 -5.58598e-17)
(26.1131 0.261464 -2.59512e-18)
(30.4888 0.221659 3.67588e-18)
(24.9052 0.641556 0)
(28.2402 -4.01191 2.65904e-18)
(31.5157 3.98777 1.06162e-17)
(26.0735 1.77975 -4.59055e-17)
(26.4905 1.50966 -5.56014e-19)
(26.4634 0.440622 0)
(27.2095 3.14019 -1.80339e-18)
(21.8598 0.215717 -3.08891e-17)
(26.8179 1.03145 -2.87648e-18)
(27.0736 0.742795 2.56479e-18)
(25.3009 0.657297 0)
(29.7363 5.94138 -7.85024e-18)
(27.5509 3.0738 -3.64054e-18)
(25.7473 2.23304 1.78549e-17)
(21.1369 0.0535744 -1.72684e-17)
(26.7907 -0.853244 0)
(30.4996 0.0602031 -5.88335e-18)
(30.711 -2.72013 -6.36992e-18)
(25.2919 0.644125 3.37535e-18)
(30.9985 1.50406 9.89073e-19)
(24.6587 1.92355 0)
(26.4859 5.35219 1.85894e-18)
(28.9862 0.318742 -9.30114e-17)
(21.2501 -3.44096 5.70663e-18)
(28.5633 -1.04265 3.73751e-18)
(25.6858 0.179562 0)
(28.1114 2.07076 -7.21909e-18)
(26.5113 3.46418 -1.13014e-18)
(24.2176 0.993871 1.50708e-17)
(28.5219 1.74775 3.90152e-18)
(26.8671 -2.0201 5.18905e-19)
(27.6079 4.09377 -4.77795e-18)
(26.267 0.283838 2.05833e-18)
(24.8806 4.41455 4.15797e-18)
(18.8522 6.73394 -7.43907e-18)
(28.2068 -0.944468 2.65646e-17)
(30.5029 1.47563 -1.23385e-17)
(28.3882 1.5884 6.40508e-18)
(28.8867 1.57018 2.81458e-18)
(30.6852 5.44971 -4.3168e-18)
(28.7271 -0.670146 0)
(26.9842 2.15283 -1.34147e-17)
(24.9581 1.91203 -3.44431e-18)
(28.3473 2.25838 -2.18329e-18)
(25.3297 1.81795 -6.43446e-18)
(24.3676 0.6158 0)
(25.048 0.0751172 1.64853e-17)
(26.7774 0.335821 -3.57236e-18)
(29.4555 1.47673 0)
(30.0813 4.7908 2.80167e-18)
(28.037 -1.7537 1.13455e-18)
(29.9737 0.190836 5.41789e-18)
(18.3425 -0.267131 -1.64569e-17)
(28.8225 -0.329713 -1.44785e-17)
(27.9747 0.342255 -4.7392e-18)
(26.7303 3.62676 1.51399e-18)
(18.9708 -2.39296 1.22716e-17)
(27.1586 -0.53309 6.70484e-18)
(25.8509 1.36318 1.16415e-18)
(26.4485 2.35212 8.73594e-19)
(29.622 1.25805 -1.85116e-18)
(23.9839 -3.2717 -5.19082e-19)
(26.2841 3.85941 -3.43246e-20)
(24.7129 0.0956608 0)
(28.0064 2.2993 9.09335e-19)
(27.1862 5.39205 -4.36864e-18)
(31.2214 0.0738489 1.00507e-17)
(28.6223 1.01134 0)
(25.1338 -0.878113 -4.24593e-18)
(19.9936 2.26113 -8.62372e-18)
(19.7168 0.0602038 -1.68255e-16)
(31.2459 0.0691675 -1.27191e-17)
(28.7312 1.18304 1.13035e-17)
(24.5011 3.64354 -3.83261e-19)
(28.886 -0.00999322 4.54137e-18)
(27.4162 -0.966623 0)
(25.7595 3.40443 0)
(30.6726 0.247689 0)
(20.3496 0.125148 0)
(25.7415 3.37133 0)
(31.6516 0.0320882 0)
(19.4091 0.0303475 0)
(29.4401 1.39887 -1.6507e-18)
(26.2149 1.46878 2.00145e-17)
(23.6445 0.938542 -2.15847e-17)
(25.7277 1.61242 -1.40785e-17)
(28.1549 0.379949 0)
(22.3976 -4.94167 8.577e-18)
(22.5931 -3.56474 6.6371e-18)
(28.5566 0.183377 4.73106e-17)
(26.9893 2.00238 5.0951e-18)
(25.5019 0.465189 -4.93848e-18)
(27.7087 2.72939 8.0225e-19)
(21.9439 0.606434 -5.75913e-16)
(28.9919 0.249152 -4.96967e-18)
(24.3799 -0.738493 -1.08045e-17)
(31.3495 4.49819 -5.88714e-18)
(28.642 2.12407 1.1996e-18)
(26.0704 1.8998 -2.4428e-18)
(22.5062 0.457077 -8.11806e-19)
(25.4121 0.153263 1.0186e-18)
(23.4827 0.0192202 4.39747e-18)
(25.78 0.936324 3.21256e-18)
(28.279 -0.715168 -2.83606e-17)
(19.7411 0.0664052 3.3145e-18)
(19.6066 -0.00278644 0)
(25.2479 1.01373 0)
(29.0168 0.48608 -5.55135e-18)
(25.1949 0.411007 1.07911e-18)
(27.355 -0.153716 -8.21213e-18)
(28.7037 1.91877 0)
(26.8649 -0.015859 1.98586e-18)
(21.453 -2.81684 -8.30631e-19)
(22.7778 0.0217249 5.22379e-18)
(27.6232 4.95025 -5.85441e-18)
(29.5791 -0.0181821 -7.11279e-19)
(25.3245 0.547036 0)
(21.6703 -0.00228983 -3.3587e-19)
(26.8534 3.20567 1.74363e-18)
(27.2955 2.00937 1.74262e-18)
(30.674 1.15151 -2.0896e-17)
(25.2536 1.60387 -2.24394e-17)
(23.7537 0.66097 0)
(26.6697 0.458205 0)
(25.4651 2.79641 5.69705e-19)
(26.8329 0.372035 -7.85784e-18)
(23.6881 0.553829 8.36967e-17)
(28.1064 -4.42859 4.86163e-18)
(25.7706 -1.22229 0)
(28.6168 -1.86716 -2.04016e-17)
(21.9482 -3.00974 3.16673e-18)
(28.5794 2.21239 -3.67406e-18)
(24.529 0.0431788 -2.08665e-18)
(25.1036 1.23392 -9.30424e-18)
(25.3988 5.06246 7.77125e-19)
(28.183 2.81058 6.64909e-19)
(27.238 0.189279 -3.60502e-18)
(28.784 2.11671 -1.72444e-21)
(25.3588 -0.264186 -2.6246e-18)
(26.7094 1.15144 0)
(21.4353 -2.97283 -4.70622e-18)
(31.2126 -0.0191048 1.2316e-17)
(22.6433 0.57108 1.33183e-16)
(25.3907 0.681975 0)
(25.8856 0.243849 0)
(28.3347 1.41323 -2.00839e-18)
(21.0121 0.021662 1.09462e-17)
(27.9069 0.852871 0)
(30.7348 -2.47699 0)
(27.4535 0.213969 5.01718e-18)
(26.8444 0.934243 3.74694e-19)
(25.7428 3.15287 -4.38172e-18)
(29.4925 0.557061 4.4518e-18)
(25.5903 1.30535 0)
(27.1624 1.83917 -5.35663e-18)
(27.6978 1.3949 -3.51538e-18)
(19.3968 0.0516319 0)
(26.1825 2.31188 -2.80123e-18)
(31.1639 2.8785 1.82876e-17)
(25.4713 0.557875 5.14389e-18)
(30.4505 0.703396 0)
(25.3589 0.279698 -6.44991e-19)
(29.7698 2.54697 0)
(26.6908 1.12886 -2.99636e-17)
(25.133 0.279901 3.99867e-18)
(25.0749 1.30601 0)
(25.0321 0.244617 -1.32738e-18)
(27.7305 -5.39541 1.15706e-18)
(25.7239 2.42389 -1.56762e-17)
(26.4788 -2.11765 -1.52722e-18)
(16.5192 -1.11961 0)
(25.9822 1.56845 2.18343e-17)
(25.3252 0.769317 3.53769e-18)
(26.0253 0.233294 3.22985e-18)
(28.4693 1.70061 0)
(26.9135 0.649112 0)
(31.3478 -0.00165312 0)
(25.5991 2.32022 -1.86456e-17)
(25.3848 3.05699 6.20597e-18)
(27.4903 0.548416 0)
(25.7707 0.756327 0)
(30.5429 -2.58967 4.72791e-20)
(24.4036 2.23496 -3.17152e-18)
(27.5002 1.34882 7.15438e-18)
(28.5654 0.810082 -4.43997e-18)
(29.6562 0.0328409 -1.40061e-18)
(28.7167 -0.894633 -1.27084e-18)
(29.6245 -0.521348 0)
(28.1474 -5.11142 -2.35277e-18)
(27.4794 6.26589 2.66013e-18)
(29.3569 -0.149169 0)
(25.5905 0.187237 -1.17357e-17)
(24.075 3.06502 1.25549e-18)
(19.6608 0.0249017 -1.66231e-19)
(29.4201 0.0553171 -3.46115e-17)
(21.0354 0.0313938 -1.51326e-17)
(27.4603 0.853329 -9.85526e-18)
(29.4051 0.354334 0)
(30.3305 0.0459117 -3.40585e-18)
(24.8708 0.754872 -5.01212e-18)
(28.4199 2.7031 -2.43569e-18)
(31.3037 0.0015545 0)
(26.3141 2.39676 3.18329e-18)
(29.9852 -0.247871 0)
(29.1406 -1.57966 1.05358e-17)
(29.2041 1.79788 7.73965e-18)
(25.0557 1.1497 2.15849e-17)
(25.4519 0.751537 -4.36809e-18)
(30.1385 0.079094 -2.52207e-18)
(27.3628 1.12034 -4.98297e-18)
(26.8772 -1.83348 -4.15337e-18)
(30.0676 1.93881 9.31942e-18)
(24.8784 1.20339 -6.16362e-17)
(27.154 -0.11733 0)
(28.476 -0.985369 -6.80288e-18)
(25.5809 2.51294 0)
(30.2978 -0.00820168 0)
(26.1182 1.63481 2.41907e-17)
(31.1207 0.104044 1.33005e-16)
(29.2608 -0.902512 9.61676e-20)
(26.5416 1.32643 0)
(19.9901 0.101216 -2.24727e-16)
(24.7236 0.728749 0)
(26.6576 2.54258 -1.32841e-18)
(29.9509 0.0211179 0)
(30.6781 0.387522 6.65049e-18)
(24.6486 -0.117301 -7.10157e-18)
(28.0879 3.23169 6.42009e-18)
(25.5314 0.376748 -2.04831e-17)
(24.433 0.101672 -3.09895e-18)
(26.027 -3.84186 -6.10439e-19)
(27.233 1.37441 1.12515e-17)
(26.7008 0.293903 0)
(26.9979 0.187118 3.2362e-19)
(25.6315 2.95495 0)
(26.268 1.72819 -8.65583e-17)
(29.4142 -3.02082 4.40688e-18)
(26.86 1.13248 7.26412e-17)
(30.7458 -1.63754 -5.10904e-18)
(26.9198 1.66433 3.494e-18)
(25.4068 1.3886 2.87213e-17)
(26.5088 1.41678 4.17896e-18)
(19.6185 0.0119982 1.50954e-17)
(23.0907 0.582707 0)
(30.3465 0.385125 -1.06635e-18)
(25.1316 0.581027 9.5238e-18)
(20.8022 0.170479 0)
(24.6846 -5.83155 1.992e-18)
(27.2608 2.66371 0)
(26.4401 1.32046 -1.08026e-17)
(25.79 0.669903 0)
(29.071 0.696539 4.98451e-16)
(27.0947 1.58637 8.86413e-18)
(26.5104 1.87232 -1.31374e-17)
(19.2737 0.0172164 0)
(31.683 0.00497405 0)
(27.0794 2.10629 7.36307e-18)
(25.2648 0.581225 -1.18394e-18)
(21.0403 -0.0106609 0)
(20.5822 0.187907 1.91724e-16)
(28.2754 2.52173 -4.65343e-18)
(28.8085 1.98988 2.97627e-18)
(25.7304 0.564201 7.37742e-18)
(28.9107 1.36792 1.92388e-17)
(29.3049 1.61098 0)
(27.7281 -1.75844 0)
(27.8837 3.92397 1.07159e-17)
(27.7525 0.00600861 0)
(25.0406 2.35574 -2.85938e-18)
(30.9375 1.72909 7.14168e-18)
(28.6333 -1.58657 0)
(23.9933 -5.36975 1.33976e-18)
(20.925 0.0149597 1.05e-17)
(25.2793 3.51749 -4.90274e-19)
(26.9087 1.76476 3.85527e-18)
(26.9666 1.48394 0)
(28.1211 1.98805 3.8658e-18)
(25.9839 -0.9546 3.58901e-19)
(29.0749 -1.06669 -1.25435e-18)
(19.2942 -2.65086 -1.27276e-18)
(29.6064 0.0973385 0)
(27.225 2.09772 -1.01394e-17)
(20.194 -2.77159 -1.32379e-17)
(19.9874 0.0193282 -5.92918e-18)
(25.799 3.41013 1.25825e-16)
(26.6671 0.725645 9.01011e-18)
(25.6849 3.27509 -1.12194e-18)
(30.5209 2.68068 5.91739e-18)
(26.9088 2.28307 0)
(27.6108 -2.50028 0)
(26.2514 1.01093 0)
(26.6486 1.29721 -7.04209e-18)
(29.4589 2.71853 -8.15714e-19)
(30.152 -0.05106 -1.80311e-18)
(28.5077 -0.254865 -1.168e-17)
(28.6517 -1.72261 -1.79207e-18)
(27.5814 0.245857 0)
(27.2057 -3.97739 -2.6677e-18)
(26.7038 1.95135 -1.15903e-17)
(25.232 0.549168 1.08176e-18)
(25.4905 3.0048 -7.96139e-19)
(23.4536 6.0672 7.62434e-18)
(24.9294 1.02609 -3.12416e-17)
(29.2497 0.175557 0)
(26.5589 -3.21305 -2.25112e-18)
(25.7558 3.25297 2.6948e-18)
(26.4839 0.261204 0)
(26.2603 1.66146 8.40165e-18)
(20.9107 -2.16924 2.27436e-18)
(22.0257 0.712891 0)
(27.6022 2.59428 3.95711e-18)
(24.4453 0.952497 -5.68078e-18)
(20.975 -0.00642685 0)
(25.2774 0.95969 -1.08515e-17)
(26.6732 1.34839 -8.35413e-17)
(27.372 -0.647302 0)
(27.4453 3.54709 3.62991e-18)
(23.5118 -3.1639 0)
(27.2168 0.66159 0)
(24.461 1.43496 0)
(28.1072 -1.90102 0)
(26.3863 6.32388 -8.94344e-19)
(26.0769 1.35058 -2.99741e-18)
(26.7433 1.6261 2.66594e-16)
(24.4369 -3.29272 5.63342e-19)
(28.3432 -2.06491 -3.27678e-18)
(31.4431 0.0775141 0)
(25.3623 1.68663 1.09782e-17)
(28.0081 1.94938 -3.60848e-18)
(25.6382 2.3477 0)
(23.2341 -2.12155 -8.59019e-18)
(29.8322 0.521951 -3.35468e-18)
(29.8548 1.20321 -9.02189e-20)
(25.2424 1.01464 0)
(27.1367 1.36819 -3.63959e-18)
(26.4441 -0.199348 5.38627e-18)
(29.1381 0.744735 8.91492e-18)
(25.4585 3.81956 2.04876e-19)
(28.052 2.20855 2.72276e-18)
(20.5381 2.69326 -2.22614e-18)
(30.1854 0.874346 -2.39042e-18)
(26.5858 -2.09176 0)
(26.7872 0.200935 -1.88389e-17)
(27.9917 -1.09925 3.99122e-18)
(31.0905 0.233106 -1.2861e-17)
(26.4541 2.0927 2.22149e-18)
(25.7405 2.09234 0)
(22.6044 -1.23474 -1.05869e-17)
(27.7485 3.04224 0)
(26.6885 3.61959 0)
(25.852 2.22404 4.95087e-17)
(24.6335 0.396279 9.11961e-18)
(19.3449 0.0316619 0)
(25.4454 0.726618 -4.15206e-19)
(30.0211 0.431866 0)
(25.8493 2.11637 1.80426e-18)
(25.3901 0.721695 9.88131e-19)
(28.7011 -0.673122 -5.12662e-18)
(26.1584 2.15337 -3.44854e-18)
(28.0021 -1.60715 -5.66252e-18)
(25.9773 2.06418 6.91178e-17)
(25.8565 3.1739 1.82152e-19)
(31.5603 0.00603299 0)
(26.3753 3.09788 3.95441e-18)
(25.7677 0.389519 5.63697e-19)
(29.3355 -1.43326 1.65769e-17)
(25.5753 -3.70839 1.19129e-18)
(26.2399 3.67912 2.05416e-18)
(25.3167 0.776957 0)
(19.2603 -0.00256522 0)
(28.0771 3.13723 1.53575e-18)
(28.387 2.09031 -1.67898e-18)
(28.0257 2.49818 0)
(21.7758 0.043255 3.16828e-17)
(23.2687 1.72865 2.23568e-17)
(24.6027 -3.31772 -5.12844e-19)
(27.9046 1.93413 2.49274e-18)
(22.2777 3.25942 0)
(25.3322 -1.14081 0)
(29.2573 0.167423 -2.66256e-17)
(29.0058 -1.3972 0)
(27.2531 6.29085 -4.16874e-18)
(27.6665 1.02044 0)
(30.1564 0.0288085 -1.2276e-17)
(19.5927 -0.00535127 6.8226e-18)
(27.7313 2.59617 3.31516e-18)
(24.6597 1.34715 -1.99679e-17)
(28.2975 0.299068 7.11085e-18)
(25.031 2.86635 0)
(25.7622 1.3925 9.37283e-20)
(28.9815 -0.279503 1.9645e-17)
(24.0924 0.0411837 9.741e-21)
(27.4311 1.79079 0)
(25.334 2.6073 0)
(22.0113 0.142135 1.68466e-17)
(27.6331 6.40424 -1.71794e-18)
(19.2516 0.00412167 -1.48499e-17)
(19.5934 0.000792817 8.14932e-18)
(27.4015 1.8613 -1.83756e-18)
(26.0794 -4.41822 0)
(22.9467 0.883157 4.38482e-16)
(27.276 1.92041 2.25766e-18)
(26.6731 2.25256 0)
(23.9401 -5.49734 -5.26145e-18)
(25.3536 0.559872 1.89052e-18)
(26.0812 2.24879 4.5637e-17)
(25.1766 1.03697 6.05409e-18)
(28.788 0.0514378 1.86772e-17)
(25.5955 0.922956 2.26019e-19)
(20.8877 -3.42975 0)
(27.2812 3.02813 4.93922e-18)
(28.7094 2.21068 -1.8623e-18)
(21.3228 -2.37062 0)
(26.5855 -0.0980186 7.29035e-18)
(27.0007 4.69645 3.31402e-19)
(28.3245 2.91419 -8.84888e-19)
(22.4572 1.03906 -1.26988e-17)
(20.6381 -1.14558 -2.37505e-17)
(26.9317 3.06967 -1.74302e-18)
(27.6195 2.95722 3.08528e-18)
(25.6096 0.514318 3.87959e-19)
(26.7092 1.23244 -5.12456e-18)
(26.2615 -0.140334 -1.04814e-17)
(25.7316 3.26196 -5.79737e-16)
(25.787 3.21296 0)
(25.8132 1.24383 -9.92556e-19)
(28.8194 -2.04091 6.55091e-18)
(25.7836 3.88158 -3.70829e-19)
(21.6691 0.035535 -1.07919e-17)
(26.236 3.32133 -2.69604e-19)
(25.551 2.05172 3.8905e-19)
(25.7041 2.45116 -2.22864e-18)
(25.6107 1.61127 7.42771e-18)
(26.4975 3.96266 3.30532e-20)
(25.3304 0.399194 0)
(30.7323 -1.86419 -5.35617e-18)
(26.1251 1.5251 0)
(28.4393 2.64301 0)
(29.5805 1.63975 0)
(30.1208 0.713654 0)
(24.9908 2.71399 2.26269e-18)
(26.7885 2.6555 2.04479e-18)
(27.0872 0.279458 -6.63621e-18)
(26.471 -0.853011 -7.60707e-19)
(28.6671 1.96463 0)
(27.7838 0.0503107 -2.58765e-17)
(28.2486 1.64569 -6.2815e-18)
(28.0424 0.199733 2.27385e-18)
(26.2096 0.0625865 4.08346e-18)
(26.632 3.35553 2.54959e-18)
(15.2596 -2.39064 -3.07385e-18)
(28.6312 2.03864 3.81825e-18)
(25.1845 0.0801686 -1.50973e-18)
(25.9049 1.95251 0)
(31.7028 -0.0250672 -1.46528e-17)
(25.5688 1.48463 9.35094e-19)
(22.1507 0.46 0)
(24.6011 0.737328 1.19641e-17)
(25.457 1.35331 7.17283e-18)
(25.9487 -0.60123 -4.97169e-19)
(27.5907 -2.30241 -5.02688e-18)
(21.1839 0.326967 1.818e-19)
(26.4204 0.0499902 0)
(28.2008 1.47871 1.88038e-18)
(22.4962 0.318118 -3.63742e-17)
(31.2892 5.05749 0)
(28.2967 -1.21232 3.18302e-18)
(21.7209 2.91448 4.50376e-18)
(25.2295 0.680135 2.61923e-19)
(26.3967 -3.26347 2.86706e-18)
(24.548 0.0800421 -3.75838e-18)
(24.3181 0.651342 0)
(16.3887 -1.93113 1.06734e-17)
(28.6954 1.73689 6.78473e-19)
(26.6847 1.68888 1.37735e-17)
(25.5248 0.368067 -3.90048e-18)
(28.5631 -1.902 3.88967e-18)
(29.0051 1.59123 4.60232e-18)
(25.6693 0.876285 0)
(19.2364 0.0016687 -1.54237e-17)
(30.0605 -1.33612 -6.75323e-20)
(26.5568 2.02542 -9.35434e-18)
(25.7791 3.35535 -2.02793e-16)
(21.081 0.00427047 1.34771e-18)
(22.5376 -0.180848 5.78342e-18)
(29.0946 -1.70075 0)
(24.3275 0.833288 0)
(26.8919 -0.623861 -6.01367e-18)
(29.6467 0.849136 -3.84022e-18)
(31.8619 3.43024 -7.75957e-18)
(26.8984 3.49093 -1.55403e-18)
(28.5098 -0.832532 3.3004e-18)
(23.1336 -4.14154 0)
(24.2 3.14978 -1.24112e-18)
(25.9069 2.0644 0)
(29.3477 -0.172678 8.14346e-18)
(25.711 1.55735 -1.55898e-17)
(31.4553 -0.000794714 0)
(19.6286 -0.0053796 0)
(19.3055 0.00629415 0)
(26.176 0.00669941 0)
(19.3217 -0.00267286 0)
(19.2483 -0.0078844 0)
(27.9528 0.0480975 3.99951e-19)
(31.6507 -0.0170488 0)
(31.3679 -0.00930995 2.18606e-18)
(31.6554 -0.000984334 -2.12387e-18)
(31.5691 -0.00725172 9.03985e-19)
(31.3378 -0.0176985 -9.75725e-19)
(21.9202 -0.0179089 0)
(23.7262 0.058958 -1.57864e-18)
(24.7935 -0.00165136 0)
(22.9531 0.0337799 -1.56523e-20)
(24.319 0.0276674 1.40711e-18)
(27.2588 -1.86559 0)
(28.649 -0.493447 6.27035e-18)
(25.2453 0.743854 -1.06315e-17)
(21.238 0.0302147 0)
(26.6191 0.0287421 3.97212e-19)
(21.7094 0.267323 1.32985e-16)
(28.4549 1.08798 -4.57552e-18)
(25.7547 3.4886 0)
(26.729 0.0455914 0)
(27.5359 0.050647 1.37002e-18)
(26.2455 1.48629 0)
(25.6336 0.333606 1.26333e-17)
(27.0056 1.40801 -1.14346e-16)
(29.7669 0.432489 -4.65734e-16)
(25.6037 0.373645 8.6884e-19)
(30.0218 -0.854885 5.22074e-18)
(25.9587 2.84084 0)
(26.3787 1.43354 -7.31832e-18)
(25.263 1.25015 1.56291e-18)
(24.9809 -0.647761 0)
(28.6196 1.29377 -2.18185e-18)
(28.6764 -0.170917 4.77681e-18)
(15.5381 -1.54763 -3.346e-18)
(25.2955 0.0916443 1.51301e-18)
(28.3175 0.0305476 0)
(29.8032 0.0109593 -3.72492e-18)
(27.7665 0.00707616 0)
(28.4321 0.890649 4.44181e-18)
(28.4281 1.91283 -3.87441e-18)
(24.8264 0.0748853 6.64076e-18)
(24.1525 0.0241816 0)
(27.1683 -0.306768 8.19268e-18)
(25.7236 3.45583 0)
(25.2399 0.736938 0)
(25.2817 0.0366968 0)
(25.6758 0.766646 5.20235e-18)
(27.0805 0.0205937 -9.90654e-19)
(25.3469 0.648524 -6.52242e-19)
(22.3592 0.0313928 -1.45893e-18)
(25.451 3.75622 7.97751e-19)
(25.4583 0.559833 9.76056e-19)
(11.5069 -1.98815 -4.15121e-18)
(27.274 0.0186091 -2.84585e-19)
(26.034 6.65503 -1.28844e-18)
(25.3342 0.696905 -6.05432e-18)
(27.5106 0.486665 0)
(30.9449 2.09274 -4.06359e-18)
(19.8123 0.0443659 -6.50158e-17)
(28.7665 0.117051 -4.49344e-18)
(26.7489 0.0386702 -1.42379e-18)
(26.433 1.54743 0)
(27.1803 0.0501701 1.38649e-18)
(28.0594 0.0487681 1.02423e-18)
(21.2084 0.364004 0)
(23.4686 0.0168509 0)
(26.9137 0.028888 1.09806e-18)
(25.3956 0.514235 -1.90326e-18)
(24.7851 0.0510286 -2.07789e-18)
(26.4549 1.57167 1.10507e-17)
(24.346 0.0154639 0)
(24.5076 0.0266303 4.77509e-19)
(28.1336 0.0512517 0)
(30.2827 -2.87192 0)
(24.5407 1.94563 3.13886e-18)
(25.3123 1.23816 -1.56098e-17)
(25.0294 0.0358713 1.32257e-19)
(28.6176 0.0153361 0)
(28.8108 0.382339 4.87937e-18)
(25.3635 5.58132 -8.6345e-19)
(26.1061 1.95849 9.23126e-17)
(25.6095 0.0466936 -2.06248e-19)
(27.5163 0.164892 0)
(25.1563 0.0414508 -6.22931e-19)
(25.0473 0.0513307 -1.47738e-18)
(27.0715 0.0300425 -6.63e-19)
(26.3551 0.14636 2.99679e-18)
(27.3722 0.0449167 -1.36925e-18)
(25.0653 5.55786 4.1877e-20)
(25.6998 1.58445 -4.6843e-19)
(28.8292 0.657373 1.06542e-17)
(26.5975 0.0411053 -6.80529e-19)
(27.7022 3.55406 1.44056e-18)
(26.1198 0.827105 -3.04353e-18)
(28.5607 1.68003 0)
(25.9444 0.0475042 -6.83993e-19)
(26.9025 0.0414124 6.71075e-19)
(25.1583 3.08362 2.58319e-18)
(26.3361 1.40223 2.57312e-17)
(30.3426 0.280202 0)
(28.7938 0.937459 -3.6306e-17)
(25.4955 0.0415562 1.68203e-19)
(25.7365 3.0389 0)
(26.2002 0.0438143 0)
(28.1208 -0.5374 -2.76267e-17)
(25.7861 1.85907 -2.96286e-17)
(26.4363 -0.160598 1.24495e-18)
(27.9598 0.0274485 0)
(24.3785 0.0299619 -9.49868e-19)
(26.059 0.0532484 6.12813e-19)
(25.4764 0.699694 0)
(27.8768 3.0214 0)
(26.331 0.0289078 -1.12786e-19)
(27.2976 0.0486792 2.00557e-18)
(31.2767 0.00317579 2.91194e-18)
(27.3728 0.701114 4.86846e-17)
(24.6994 3.43187 -2.30762e-18)
(27.5555 0.0302223 9.79056e-19)
(25.8168 0.0599524 0)
(27.7409 0.0339357 0)
(25.6154 0.0343325 1.33765e-20)
(24.1311 0.0464371 -4.74874e-18)
(25.7757 0.280716 0)
(25.3964 0.0760674 1.14496e-18)
(25.9634 -1.77835 -1.37891e-18)
(25.4337 1.13465 5.61443e-18)
(28.3685 0.0210815 0)
(16.4339 -0.91666 -5.29713e-18)
(26.1959 1.55899 -2.83453e-19)
(24.4541 3.70181 1.18585e-18)
(28.7223 2.05856 -4.52553e-18)
(27.7142 0.923754 2.57837e-17)
(26.141 6.28496 0)
(25.9699 -3.23364 1.81646e-19)
(25.4681 0.778691 5.11844e-19)
(24.3281 -3.43082 1.58655e-19)
(31.7629 -0.00179984 0)
(26.5774 0.0504199 -2.78441e-18)
(25.93 0.0680582 0)
(26.3736 0.805017 -1.17549e-18)
(25.0468 -2.72044 0)
(25.8481 0.0325433 0)
(24.7639 2.44066 0)
(26.9222 0.274856 1.58714e-17)
(19.6424 -0.00918195 0)
(19.6163 -0.0111199 0)
(29.2932 -1.56908 0)
(27.3856 2.67872 1.10476e-18)
(25.3871 0.723004 -3.52127e-18)
(26.8128 0.248186 -2.56205e-17)
(25.803 0.0871993 6.97816e-19)
(24.666 0.0617422 -2.54847e-19)
(25.6022 1.47835 8.247e-18)
(25.5145 0.131061 2.02771e-19)
(25.389 0.0505051 5.78107e-19)
(27.0333 1.38564 0)
(25.726 0.0396624 1.91763e-19)
(25.258 1.31792 1.11451e-17)
(25.502 0.0593519 -5.78925e-19)
(19.2429 0.00279705 0)
(29.4336 -0.00936165 0)
(27.3544 0.14476 -1.00627e-17)
(24.2703 0.30447 -7.84498e-18)
(31.3306 0.0315006 0)
(26.3411 0.0371079 5.61375e-19)
(24.0703 0.226622 -1.1987e-17)
(28.5414 2.4939 3.44159e-18)
(28.2608 0.0539344 -1.08824e-18)
(26.4714 1.3357 1.84144e-17)
(30.2075 0.0977394 9.58558e-18)
(26.6605 0.288225 0)
(26.0748 0.0406115 -6.61242e-19)
(25.2853 0.0664873 -1.14306e-18)
(26.8823 2.41736 -3.4162e-18)
(27.3738 0.377887 -4.96556e-18)
(26.4463 0.123599 0)
(24.6391 0.642471 -7.14715e-19)
(26.2073 0.0332653 -5.2695e-19)
(30.2134 4.09281 0)
(25.8548 2.67151 -3.72389e-20)
(25.436 0.218083 3.90302e-18)
(28.2081 2.35358 -1.03452e-19)
(28.3696 2.84694 0)
(26.5277 0.240116 0)
(24.8467 1.28198 1.40531e-16)
(31.6199 1.37591 0)
(24.9373 0.0590091 -5.80988e-19)
(26.1351 -0.469763 0)
(25.4599 0.514531 -4.75882e-18)
(23.5394 0.273123 -2.855e-17)
(25.6988 0.077173 0)
(28.5029 -3.16198 5.04581e-18)
(21.6999 -4.03242 0)
(29.6983 -1.22378 -4.03611e-18)
(26.5578 0.276383 7.89726e-18)
(23.891 0.0388369 8.63129e-18)
(25.2216 0.592093 -2.6488e-18)
(25.6957 0.112544 7.1089e-19)
(27.6891 0.963292 -3.81551e-17)
(25.843 2.40842 -8.90286e-17)
(27.8592 0.0508939 0)
(27.3946 0.675077 9.54094e-18)
(25.6195 1.17102 0)
(25.7754 -0.185821 -2.82219e-19)
(27.2694 1.2889 0)
(24.2492 0.0341983 -6.53347e-18)
(27.0734 -2.64707 4.82013e-18)
(25.4647 0.256035 1.83151e-18)
(28.4541 3.27592 0)
(24.8319 -5.71825 0)
(27.335 0.963388 2.21982e-18)
(26.8195 -1.64341 1.26053e-17)
(24.9014 0.0425703 2.40912e-18)
(25.7645 5.35939 1.70858e-18)
(26.3163 0.0673796 3.98816e-18)
(29.7207 -0.0800657 -4.36277e-18)
(25.166 0.977304 2.92636e-19)
(24.1678 0.458131 -1.68743e-17)
(26.5681 0.0393939 -2.56967e-18)
(27.4548 0.0102136 -4.72496e-18)
(27.226 1.19887 5.34276e-18)
(27.3966 -1.96219 0)
(25.7334 0.701555 0)
(25.7971 0.0235771 0)
(25.646 0.922333 -1.33184e-18)
(27.0744 -3.04878 0)
(26.42 0.0718399 4.6876e-20)
(27.2859 3.687 -1.81083e-19)
(27.6847 -0.879748 6.88403e-18)
(25.6167 2.7993 -3.83564e-19)
(31.1343 2.51842 0)
(27.601 0.0470669 -5.63794e-18)
(26.4897 0.0301866 5.15181e-19)
(28.6008 0.0440506 0)
(27.105 1.43475 -1.7254e-17)
(27.8499 1.43152 2.55284e-17)
(25.9801 1.43238 0)
(29.985 0.110067 -1.38135e-17)
(25.8648 -2.77313 0)
(28.4315 0.046165 0)
(25.7016 0.614058 -4.40891e-18)
(29.544 -1.87694 0)
(24.617 -5.11792 -3.09191e-18)
(29.4901 0.0106759 0)
(25.41 0.716965 2.29695e-18)
(31.6192 0.0227445 -1.51151e-18)
(29.6888 -1.18158 2.00264e-18)
(27.4526 -1.93067 -4.20891e-18)
(24.1583 0.321103 1.76528e-17)
(25.8669 -2.21607 6.6394e-19)
(25.7744 0.02625 0)
(31.5071 1.58223 -4.45131e-19)
(27.3981 -0.472533 1.03861e-17)
(27.6318 0.149868 1.68113e-17)
(25.1111 1.42471 -1.40344e-18)
(25.6043 0.146973 3.55417e-19)
(26.9477 1.62344 -3.20934e-18)
(24.5833 1.79899 1.1731e-17)
(30.4543 2.25034 -1.73488e-17)
(26.0923 0.0781883 -7.75419e-18)
(25.7591 2.66983 0)
(26.1065 -1.77802 -1.33808e-18)
(31.7629 0.000194718 0)
(25.7146 3.17974 0)
(24.014 0.0312767 2.94769e-18)
(24.6022 0.118316 1.50967e-17)
(24.2164 0.226226 -1.06814e-17)
(28.5224 0.431031 2.96698e-17)
(25.4799 1.81727 0)
(26.552 1.15229 -6.96687e-19)
(25.9733 2.80276 0)
(30.5919 3.94948 7.48785e-18)
(27.5412 0.115411 -1.77902e-17)
(28.6876 0.19715 3.09493e-17)
(26.7595 1.78229 7.46369e-18)
(29.9297 1.12264 -6.28072e-18)
(25.2987 0.415794 4.49598e-18)
(28.3342 -2.01766 0)
(25.1274 -2.26389 0)
(28.1655 0.0416135 6.50826e-18)
(25.6073 0.314641 -4.30456e-18)
(27.1853 0.966563 1.15435e-17)
(25.5089 2.17088 -5.49028e-19)
(22.9219 0.0174563 3.12653e-19)
(25.6231 -0.0325512 -1.18585e-18)
(26.9618 0.743231 0)
(24.8179 2.80801 1.20808e-18)
(26.5806 3.70129 4.94452e-19)
(26.206 0.0940555 4.031e-18)
(27.1836 0.378632 0)
(28.6874 0.295183 1.01717e-16)
(27.8911 1.82275 6.72194e-18)
(25.3285 -2.97427 0)
(19.2794 -0.00571338 0)
(25.8847 1.18378 0)
(24.6273 0.0284443 0)
(24.5857 0.508094 7.3642e-18)
(24.4837 0.351385 -8.67444e-18)
(27.7606 -1.4005 0)
(19.5729 -0.00170442 0)
(28.5246 0.0188518 1.5029e-18)
(24.4361 0.148521 -1.11874e-17)
(27.1007 0.444481 9.67894e-18)
(28.6242 2.27974 0)
(26.1678 0.188303 -5.3512e-18)
(24.2997 0.394409 -9.16333e-18)
(29.2818 0.0786365 1.74149e-18)
(26.6852 0.946398 -3.19236e-18)
(28.3142 -2.37135 0)
(27.1188 -2.33653 -6.86762e-19)
(25.961 0.106274 -1.27833e-18)
(28.475 -1.078 1.28309e-18)
(15.717 -1.29063 0)
(26.0583 0.185526 -6.66276e-19)
(25.5332 0.212634 -9.48754e-19)
(28.4886 2.52904 2.05176e-18)
(30.3014 0.00579969 -4.83204e-19)
(26.6848 6.33326 0)
(24.7001 0.0194336 0)
(31.4069 -0.0128156 2.78414e-18)
(27.3399 -3.64795 5.41422e-18)
(26.6788 0.275596 0)
(24.2739 0.182313 1.71624e-17)
(30.2411 -1.09836 0)
(27.8699 2.04974 1.05507e-17)
(25.7715 2.93199 0)
(26.526 -2.03139 0)
(25.6011 0.098892 -2.43635e-19)
(21.8293 0.65894 1.4022e-17)
(25.2679 1.85917 -3.38883e-18)
(25.9562 -2.94427 0)
(25.7649 3.19037 0)
(24.883 1.55982 2.79426e-17)
(25.7323 1.57872 4.96928e-18)
(25.6605 2.02013 1.90736e-18)
(25.9367 0.220416 2.97641e-18)
(25.6367 0.55264 -3.40604e-18)
(19.8016 0.0101835 -3.11813e-17)
(26.9434 3.69144 7.69704e-19)
(27.5303 0.0673814 1.68642e-18)
(23.939 0.278156 -3.22843e-17)
(25.5221 1.46448 0)
(28.748 0.472886 6.90921e-17)
(25.3951 0.230434 4.05567e-19)
(26.547 1.93651 3.68601e-18)
(22.3293 2.50589 2.45656e-18)
(25.2534 0.779348 7.117e-18)
(25.2247 1.14129 9.05213e-18)
(25.8756 2.32302 -7.12119e-17)
(26.7313 0.820555 -7.1294e-18)
(27.6119 6.32788 0)
(22.6799 -0.025079 -5.11462e-18)
(27.3424 -2.30906 1.34072e-17)
(25.6168 1.47025 0)
(26.0685 0.121452 -3.3937e-18)
(27.8285 -2.53573 -8.67692e-18)
(27.8197 0.158153 6.88735e-18)
(25.4113 0.363921 0)
(26.5273 0.128743 6.43972e-18)
(28.46 0.103323 -1.94435e-18)
(24.3048 0.124501 -6.91892e-18)
(25.3536 4.71276 -7.30616e-19)
(29.9514 -1.46979 -5.15214e-18)
(30.0236 0.369293 0)
(25.9554 0.0339723 0)
(22.9428 0.755701 0)
(20.6075 -2.87491 1.01155e-17)
(25.2843 1.84646 0)
(27.8241 0.275796 0)
(24.1201 1.06694 5.54346e-18)
(23.4766 -1.39654 4.13248e-18)
(20.9295 -0.00485883 5.22198e-18)
(28.9676 0.0516436 0)
(26.9847 0.247245 1.4182e-17)
(25.3061 0.721971 -4.04414e-18)
(23.0989 0.23407 0)
(29.0199 -1.28216 -1.88057e-17)
(24.9957 -1.26097 5.21986e-18)
(24.2003 2.43094 -1.2314e-17)
(24.7461 -0.301509 -7.02363e-18)
(29.0612 1.91623 1.98039e-18)
(24.7177 1.07023 1.9156e-17)
(26.5805 -2.41508 0)
(26.4805 0.198208 0)
(25.7251 2.00267 4.9991e-20)
(26.0037 2.06661 -1.79247e-18)
(26.2853 2.04067 8.23126e-19)
(25.8283 0.025838 0)
(25.242 0.0355355 0)
(27.7608 2.29334 0)
(25.1141 0.822796 2.66169e-18)
(27.5817 0.405625 0)
(27.0652 3.80437 0)
(24.1026 0.14222 6.80102e-18)
(29.2342 1.72388 0)
(25.7414 -0.440699 4.8e-19)
(25.7952 1.55102 7.69049e-19)
(25.8441 0.136548 2.81993e-18)
(23.7985 -2.18338 8.66321e-18)
(24.7768 0.179915 4.0653e-19)
(25.6502 1.90487 -4.84561e-19)
(25.2791 0.873458 2.00762e-18)
(25.1404 0.676584 -5.02947e-18)
(25.1661 1.89187 1.5258e-17)
(27.7252 1.23472 -2.67264e-18)
(25.3478 0.703957 0)
(25.6316 2.88262 0)
(24.6399 1.23533 0)
(25.8221 2.98061 0)
(26.7702 1.11787 0)
(25.4645 6.36278 0)
(29.5664 0.146702 -1.23968e-17)
(27.3144 1.05379 2.03276e-17)
(27.4956 -2.12459 4.01483e-18)
(23.393 -5.22341 -2.58534e-18)
(26.7452 2.88191 7.36408e-19)
(22.6188 2.47692 0)
(26.1489 0.201923 -3.35371e-18)
(24.9444 3.49625 2.03648e-18)
(25.1895 0.831402 -3.3379e-19)
(24.5659 0.251783 0)
(29.2973 1.40724 2.70638e-18)
(25.6596 2.26921 0)
(27.0136 0.0361275 3.70589e-18)
(27.0025 1.18344 -1.07997e-16)
(25.2519 1.13424 -1.01614e-17)
(24.6588 0.2849 0)
(25.9336 0.154902 0)
(19.6131 0.0291126 0)
(31.3524 0.0257061 0)
(31.6738 -0.0205202 0)
(19.2407 -0.041891 0)
(25.4019 0.715489 0)
(26.5713 1.21829 -1.65043e-17)
(21.503 0.0204156 -2.16083e-18)
(30.1181 0.025643 6.3363e-18)
(30.2404 -0.730024 5.84302e-19)
(28.1228 0.498112 4.35296e-17)
(28.8347 1.35383 2.92165e-18)
(27.451 2.70638 0)
(26.3669 -2.06257 5.88951e-18)
(25.4689 1.59586 -1.02367e-17)
(25.7299 0.0305037 0)
(27.4323 0.640158 -3.70904e-17)
(26.2043 1.60427 -7.58272e-18)
(24.0268 0.185398 -5.03741e-18)
(26.9896 0.0224997 4.96237e-18)
(28.4285 0.113027 0)
(25.6397 1.57732 7.96646e-18)
(27.1144 0.367093 1.8821e-17)
(27.9364 1.68388 3.22186e-18)
(24.4756 1.14369 -8.12727e-17)
(25.5377 2.12522 0)
(24.2354 0.02899 0)
(26.8014 0.993996 -2.69655e-18)
(31.4112 0.0226085 1.80385e-18)
(26.1363 2.3236 -5.60422e-16)
(27.3572 0.210502 0)
(25.5163 0.399874 4.50226e-18)
(28.0095 3.11252 0)
(25.9921 1.96718 -1.68611e-17)
(25.6148 2.119 0)
(26.1745 -0.827959 -1.57124e-18)
(22.3885 4.89307 0)
(25.7443 0.176414 0)
(25.5722 0.33559 9.93833e-18)
(27.4278 0.359556 0)
(26.5785 3.10402 0)
(27.4987 0.0106619 8.9098e-19)
(28.0515 0.282212 -2.92164e-17)
(24.9911 1.28132 -4.23577e-18)
(25.5235 0.810895 -1.46675e-18)
(26.8225 5.14055 -3.46118e-19)
(21.3878 2.75093 2.19979e-18)
(27.6892 0.189602 -6.87876e-18)
(27.507 0.705563 -5.24678e-17)
(24.3535 0.453908 7.55049e-18)
(23.0565 -0.0729782 -2.36695e-17)
(25.7777 2.98269 0)
(26.1122 4.60814 -6.55682e-18)
(25.3505 0.795493 -6.03824e-19)
(25.49 1.05767 -7.78306e-19)
(16.7272 1.66122 0)
(25.7228 0.927973 0)
(25.3737 1.79729 6.02968e-17)
(24.2291 -0.106351 2.52002e-17)
(16.9016 1.49207 8.33959e-18)
(24.4579 -3.24239 8.86799e-19)
(25.3613 0.929918 0)
(25.706 1.17326 0)
(31.398 0.00959164 0)
(16.0239 1.58735 -3.47853e-18)
(14.7779 -1.44358 -1.00614e-17)
(24.5048 1.59994 1.42323e-16)
(29.9487 0.980622 4.26742e-18)
(28.6521 -1.7582 1.35828e-17)
(24.9679 0.176808 4.61595e-19)
(30.3128 -0.843301 -9.3366e-18)
(15.6006 2.22813 -2.35812e-18)
(16.9879 2.18789 6.63553e-19)
(30.0679 1.59047 0)
(16.8219 -4.19582 0)
(24.7253 1.87526 0)
(30.6603 -2.71506 0)
(17.1261 -0.883162 0)
(18.5314 0.9276 3.75822e-18)
(25.6113 -5.27773 -1.82341e-18)
(16.6768 1.92615 -8.17341e-19)
(28.7045 1.98742 3.62568e-18)
(29.1155 -0.11453 9.89312e-18)
(29.743 5.28364 0)
(27.2098 0.864523 -3.12482e-17)
(16.3146 2.14924 -8.05035e-19)
(15.9112 2.08501 0)
(23.4544 0.439844 -3.68979e-17)
(12.2595 1.84999 0)
(27.275 0.227898 1.67883e-17)
(17.8244 0.854457 4.21259e-18)
(24.7534 0.226326 -2.05473e-18)
(26.7899 -3.92284 8.48426e-19)
(14.8412 2.25829 0)
(16.8335 1.2218 -4.2724e-18)
(25.8293 0.190159 9.31625e-19)
(12.9379 1.94604 -1.86335e-18)
(22.2031 -2.79689 7.22172e-19)
(25.4355 0.621759 0)
(28.0651 -2.05807 0)
(27.2805 3.19208 0)
(16.8623 1.33233 0)
(17.4068 1.19693 4.84902e-19)
(25.4146 0.0337389 0)
(20.8446 -2.47018 4.97246e-18)
(29.4685 1.52258 3.68526e-18)
(17.3035 1.30952 0)
(23.8906 -0.527171 -3.00677e-19)
(24.099 3.43187 2.6055e-18)
(25.5174 0.568584 0)
(28.181 1.32406 1.79901e-18)
(29.2622 5.03971 5.8879e-18)
(17.6742 1.29382 2.50882e-18)
(25.9242 1.61227 -3.56881e-17)
(27.4673 -1.46551 0)
(17.322 1.02281 -3.54542e-18)
(19.6521 -0.127624 -5.05102e-18)
(17.3691 1.15072 8.40489e-18)
(16.832 1.38129 3.57442e-18)
(16.2754 1.43427 -3.94292e-18)
(16.1078 2.49836 0)
(17.1738 1.45632 0)
(16.501 1.97386 2.4622e-18)
(17.8132 1.22769 4.49772e-19)
(19.6418 -0.255903 5.17261e-18)
(26.0366 2.90203 0)
(18.1911 0.657087 0)
(16.7118 1.8048 3.86499e-18)
(18.2303 0.152021 0)
(15.655 2.40226 5.72513e-19)
(16.9019 1.24177 3.21685e-18)
(19.9774 0.250478 -1.35871e-19)
(25.4277 0.69591 0)
(17.8409 0.714932 -5.97704e-19)
(28.7809 1.99274 -5.4084e-19)
(17.7593 1.17002 0)
(25.8488 3.71678 1.68455e-19)
(24.722 1.11583 1.08748e-17)
(17.1413 1.40299 0)
(19.734 -0.38409 5.21899e-18)
(15.7321 2.40846 -1.4727e-18)
(16.9896 2.14534 2.40286e-18)
(25.1418 0.644561 7.18173e-18)
(19.4787 0.490679 0)
(14.3566 2.39532 -5.83633e-19)
(23.4347 -3.90459 -4.30069e-18)
(29.9017 1.02821 -3.3757e-18)
(14.1826 2.38871 -1.03755e-19)
(19.5689 0.0976771 8.0235e-20)
(18.5538 0.596574 4.42313e-18)
(17.141 1.04808 0)
(26.3103 0.163594 2.27164e-18)
(26.8543 3.73814 -1.5139e-18)
(24.5492 1.59925 0)
(17.2516 0.910122 0)
(31.1054 3.51608 0)
(27.8284 -1.15919 0)
(25.4959 -2.01113 -2.64587e-18)
(22.5736 1.37685 6.82255e-18)
(27.1101 0.293739 -1.70632e-17)
(17.6878 0.804899 4.50005e-18)
(25.5436 -4.98092 1.72756e-18)
(23.4366 0.145614 2.14677e-17)
(28.9608 -0.976282 0)
(14.5952 2.28751 -1.24751e-18)
(18.6392 0.0172886 -5.95558e-18)
(14.2786 2.31747 2.12666e-18)
(25.6754 0.21512 -5.11959e-18)
(29.3634 -0.623817 -2.21397e-17)
(14.1251 2.41251 0)
(30.073 0.467953 0)
(23.7951 0.0514213 8.41723e-19)
(19.7648 -0.511188 -4.97392e-18)
(25.7304 0.234423 -2.24826e-18)
(26.1701 5.11462 6.88855e-19)
(25.039 0.595162 4.86819e-18)
(27.0312 -2.66181 4.28102e-19)
(27.0387 0.327658 0)
(25.8003 0.161383 0)
(27.9483 0.346468 0)
(23.1615 -1.5046 1.0875e-17)
(13.7977 2.3142 -3.34077e-19)
(24.6409 0.20476 7.00566e-18)
(22.7962 -0.565815 0)
(26.0878 2.10492 5.83211e-17)
(29.0777 1.67622 -5.32786e-19)
(19.6404 -0.0668837 -4.9997e-18)
(16.8096 -4.07917 2.11533e-18)
(27.0722 0.103237 4.80031e-18)
(29.6286 0.829691 2.19791e-17)
(20.7482 -2.62969 5.80671e-18)
(26.6909 1.10328 5.31651e-17)
(25.2324 0.75075 3.50139e-18)
(28.1819 2.67078 0)
(12.7464 2.24833 4.92592e-19)
(29.3115 1.39146 -5.04065e-18)
(25.1769 0.0316713 0)
(28.4235 0.721261 0)
(26.9892 1.08257 -1.62964e-17)
(25.6483 0.283147 2.19431e-18)
(26.5229 2.54163 -1.05535e-18)
(25.4661 1.2632 1.07098e-18)
(21.5802 -1.45007 -6.52537e-19)
(27.07 6.20961 -4.4545e-18)
(25.603 0.261302 5.306e-18)
(16.6837 -4.20116 4.55499e-18)
(25.801 1.95592 1.45887e-17)
(25.5799 0.748619 -9.22708e-19)
(28.4097 -1.90272 5.44035e-18)
(26.2325 0.144759 -1.02116e-17)
(13.2828 2.35425 8.48598e-19)
(23.9674 0.23492 1.00438e-17)
(19.8327 -0.823678 5.0555e-18)
(12.7256 1.98627 0)
(29.6985 0.532628 1.37041e-17)
(25.7912 2.63151 4.73315e-17)
(21.1649 -2.10626 4.61017e-18)
(18.3151 -4.23678 -2.97487e-19)
(24.6706 -2.57031 4.61952e-18)
(23.2349 0.0527717 9.87645e-18)
(27.0286 1.22795 1.42157e-16)
(25.4438 1.68493 0)
(31.8915 2.81853 1.5197e-17)
(19.4516 -3.96735 2.90403e-18)
(27.2589 1.00204 -8.09141e-17)
(21.6165 0.0278767 -9.61817e-18)
(26.1506 0.67143 1.94563e-18)
(25.4027 0.676704 -1.02441e-18)
(29.9401 -1.09486 0)
(23.3885 -0.502826 2.24459e-17)
(27.4419 -1.78667 2.59533e-18)
(26.0033 0.328856 4.84884e-18)
(23.4345 0.235116 -2.06333e-17)
(26.8886 0.824217 0)
(20.2037 -1.99927 -1.3027e-18)
(17.3249 -4.21282 -1.57507e-18)
(19.7121 -0.715763 -1.12132e-17)
(23.9263 2.72684 -5.57569e-18)
(30.3292 0.934385 1.64892e-17)
(27.8167 -1.79323 -7.86597e-18)
(29.8893 0.0326308 -1.42585e-17)
(26.9016 0.777703 1.83522e-18)
(17.991 -4.29118 -1.17444e-18)
(27.4179 0.832279 6.24591e-17)
(19.9613 -3.96215 -4.71123e-18)
(25.3091 0.812893 0)
(18.7508 -4.2233 -3.25368e-19)
(21.4604 -1.93149 9.07316e-18)
(18.6332 -4.13977 0)
(20.6883 -2.86029 0)
(25.1214 0.523268 0)
(20.2739 -3.27384 -1.74323e-19)
(28.2383 2.96278 -8.17559e-19)
(26.3734 0.255229 -5.26728e-18)
(23.0396 4.40963 0)
(20.5313 -3.05432 5.11234e-18)
(23.6476 -2.74534 2.26381e-18)
(27.0992 -2.97976 2.52712e-18)
(26.8276 0.318476 -6.06633e-18)
(12.0436 1.81651 3.89274e-18)
(25.323 0.986603 -8.42506e-19)
(19.8342 -3.67733 3.18235e-18)
(20.0347 -3.42577 3.12938e-18)
(14.0305 -1.29336 -5.71048e-18)
(25.4244 0.354632 -4.28417e-18)
(16.3266 -4.0155 -2.76069e-18)
(24.8251 1.49957 0)
(17.8802 -4.35083 9.35732e-19)
(28.7175 -4.01922 0)
(25.1468 0.457973 8.04306e-19)
(26.3571 -2.25549 0)
(18.9447 -4.13869 -3.65706e-19)
(24.879 3.03682 -1.61026e-18)
(26.4333 -2.33521 -1.25513e-18)
(28.5496 0.0303433 0)
(12.0546 2.06194 0)
(23.2015 3.79865 0)
(22.7528 2.87434 -4.30456e-18)
(29.6167 -0.322862 0)
(19.0174 -1.20636 0)
(26.1778 3.76077 -1.17355e-18)
(27.5909 1.42909 5.10118e-18)
(29.9702 -0.900242 9.93883e-18)
(25.5178 1.47755 -1.67342e-17)
(25.5466 0.309094 -7.12526e-18)
(27.2549 0.500361 0)
(29.8601 -0.00605167 4.60931e-19)
(30.4145 -2.01828 4.29719e-18)
(30.6805 -0.0924505 7.5269e-18)
(23.0596 -3.27601 6.18285e-19)
(29.1944 -2.03305 -6.14778e-18)
(25.4186 0.892786 -2.29386e-18)
(27.2372 -2.23365 -1.9615e-18)
(15.7775 -3.71796 -7.99165e-18)
(30.1137 -0.190821 7.75224e-18)
(15.5985 -3.85828 -9.00639e-18)
(24.6515 -1.33531 -4.56056e-18)
(24.1682 0.418185 -1.28204e-17)
(26.863 0.529516 -6.11855e-19)
(25.4389 -0.0812424 2.03965e-18)
(23.8457 2.47259 7.20734e-18)
(28.9311 5.63378 -7.54381e-18)
(25.1767 0.390451 1.58982e-18)
(25.4397 0.737397 4.95551e-18)
(26.1549 -2.40189 -4.33312e-19)
(27.9377 -0.709098 -5.28979e-18)
(27.8846 0.585045 0)
(27.8228 2.12561 -4.49839e-18)
(25.992 1.66773 3.44759e-17)
(27.0409 0.961978 9.5659e-17)
(25.8023 1.63953 -1.1001e-17)
(24.9162 0.398046 6.64004e-18)
(25.0631 0.541786 -4.52812e-18)
(27.2482 -2.98191 5.77597e-18)
(12.2639 1.76339 1.76808e-17)
(25.3415 1.15716 -2.56331e-18)
(22.7656 3.08392 -5.91259e-18)
(28.0458 -1.5864 -2.183e-18)
(27.7678 0.0373975 0)
(30.0821 -0.00822452 -2.71412e-18)
(25.5031 0.738278 5.54645e-18)
(15.5468 -3.57041 0)
(26.6867 0.286298 -9.62068e-19)
(25.4252 1.3288 3.69139e-18)
(27.3272 -2.90957 6.4224e-18)
(24.8767 0.311949 0)
(25.4383 1.89664 1.96354e-18)
(20.8129 -2.9268 -2.00585e-18)
(25.4921 1.70249 1.02462e-17)
(10.0149 1.42849 1.81785e-17)
(25.1012 5.38724 4.37464e-19)
(27.6415 1.32998 0)
(26.0397 -1.58544 5.42442e-18)
(27.7424 2.38705 -3.07033e-18)
(25.085 1.62298 0)
(25.0559 0.478561 0)
(25.4084 1.91759 -6.05679e-17)
(29.6155 1.50593 -7.12558e-18)
(27.3188 0.824886 -3.10637e-17)
(26.8498 1.02801 -2.2361e-17)
(25.4202 0.681843 4.32535e-19)
(26.4056 0.247698 0)
(27.9402 0.0229339 -1.04717e-17)
(24.8712 0.527884 -1.2061e-17)
(26.2741 2.19498 -3.37492e-18)
(25.0935 0.419867 -2.67155e-18)
(27.395 -2.6946 4.29096e-18)
(23.7061 0.0692338 -8.60907e-18)
(24.679 0.492113 4.67953e-18)
(25.3824 1.38955 1.72377e-17)
(25.4124 0.722359 0)
(25.2468 0.481518 -1.2337e-18)
(12.4772 1.44939 -8.55687e-18)
(25.7809 1.69784 2.04424e-17)
(27.4431 -4.59813 1.38084e-18)
(25.801 2.81863 0)
(16.5069 -0.944 1.12179e-17)
(24.0559 1.58343 0)
(27.7863 0.267428 0)
(28.1205 0.0873529 0)
(12.8744 -1.775 -8.70212e-18)
(27.098 -3.27603 0)
(24.3943 1.21335 1.0492e-16)
(26.8881 4.36831 -3.82282e-18)
(25.0793 1.50588 -5.21885e-17)
(25.2872 6.84898 7.94002e-18)
(27.406 2.81256 -2.4657e-18)
(24.7774 1.01227 -3.15297e-17)
(23.9112 0.0811633 2.13957e-18)
(26.3537 1.38155 -5.28384e-17)
(14.8757 -3.29142 0)
(25.2277 0.881346 -7.7162e-18)
(24.2513 0.70253 0)
(28.0114 1.61501 6.88906e-18)
(25.5172 1.59703 -1.77174e-18)
(14.7617 -1.08658 4.82826e-18)
(25.4383 1.41308 -7.13886e-19)
(27.6538 1.96268 -2.1293e-18)
(30.0984 -0.860482 6.69048e-18)
(24.9153 1.75684 0)
(27.0331 2.80495 2.68925e-18)
(25.0916 0.832022 -1.0753e-17)
(25.0227 3.14045 -2.82332e-18)
(21.61 0.000414327 0)
(31.7186 0.0107322 -7.23456e-18)
(27.857 2.6742 1.04374e-19)
(29.0201 0.667277 0)
(26.9126 -4.52222 -1.30729e-18)
(26.6409 -4.19962 0)
(26.6102 0.261096 7.53124e-18)
(25.1664 0.225328 2.43118e-18)
(26.4659 3.18108 0)
(13.9334 -2.51875 2.06712e-17)
(22.2812 -2.20322 9.84518e-18)
(24.5482 -1.37763 -5.40683e-18)
(27.7869 -2.22157 -5.62256e-18)
(29.7578 2.11266 0)
(27.3285 -1.45943 -2.04371e-18)
(24.1422 0.265993 1.4654e-18)
(29.3147 1.56523 0)
(25.1785 -0.144733 -1.35208e-17)
(25.4036 0.340551 -5.21307e-18)
(14.6297 -2.99191 -1.74302e-17)
(25.6615 2.63647 3.75498e-20)
(27.4677 0.245223 -2.80136e-17)
(25.3688 1.23893 -3.00334e-18)
(18.0202 -1.35621 0)
(24.8333 1.63666 0)
(25.0565 1.4784 -1.84817e-18)
(26.3787 -0.55823 6.77403e-19)
(25.1955 1.48436 4.85606e-17)
(25.9085 1.6299 -2.92228e-18)
(27.5386 2.19577 1.36518e-18)
(26.2041 -2.82932 -5.93477e-19)
(24.4676 0.296716 6.63065e-18)
(27.6934 6.0975 0)
(27.5362 0.305442 0)
(17.0402 -2.89156 4.00757e-18)
(28.832 0.103311 -8.59356e-18)
(26.3482 1.54451 1.36484e-18)
(14.5867 -1.34561 -5.94411e-18)
(26.6379 1.58489 6.38204e-18)
(27.02 -2.94927 -3.78649e-18)
(25.3067 3.96157 -1.18938e-18)
(27.7266 0.040127 7.28904e-20)
(29.2284 -1.49436 -1.19914e-17)
(25.2715 -5.94198 3.56717e-18)
(26.0467 0.137631 0)
(26.5418 -3.55501 -2.73745e-18)
(24.5997 0.336595 -6.62117e-18)
(18.2458 0.614507 8.99947e-18)
(25.8678 1.03011 4.41862e-18)
(27.3646 0.279035 0)
(23.7277 2.12015 -8.87748e-18)
(28.2999 1.2584 -1.80117e-18)
(27.776 0.220216 9.23529e-18)
(31.1102 -1.10193 -2.94632e-18)
(25.557 1.09778 4.97011e-19)
(28.225 0.888617 6.33356e-18)
(25.2204 1.59264 -7.05202e-17)
(21.4538 0.110943 7.59852e-18)
(25.321 1.43974 -1.80145e-17)
(26.2446 2.00065 -1.1664e-16)
(24.8734 0.894157 -2.33252e-17)
(26.952 -0.133536 4.94925e-18)
(30.0356 0.92216 0)
(26.6165 0.166423 6.18293e-18)
(24.6506 1.67928 2.2608e-18)
(28.1967 0.539124 0)
(26.0982 -0.244483 3.89096e-18)
(27.1973 2.54198 -3.69889e-18)
(26.948 0.173774 1.16508e-17)
(15.6423 -1.22476 0)
(25.3547 1.48977 1.31384e-17)
(30.6096 -0.270373 -7.64645e-18)
(28.0786 -1.05266 2.61095e-18)
(14.6667 -1.41668 -3.34963e-18)
(23.0621 0.156322 -2.60432e-17)
(24.9117 0.852751 2.35194e-17)
(21.5655 0.126326 3.54367e-17)
(27.014 0.928341 -6.01015e-17)
(26.6577 0.0938082 3.00205e-18)
(28.3856 -0.413746 1.56817e-18)
(27.2177 0.664026 0)
(26.2358 2.81106 1.5718e-18)
(23.3656 0.114547 -6.54134e-19)
(28.5684 4.53148 -1.61894e-17)
(26.8263 1.01539 2.40118e-17)
(25.329 1.07228 1.39869e-18)
(28.5218 0.134941 0)
(26.9642 1.34602 0)
(24.211 -0.506217 -7.15495e-18)
(26.7268 1.33654 1.60285e-18)
(27.0675 -5.39096 8.66473e-19)
(24.8329 0.361758 0)
(28.5491 0.633566 -1.7113e-19)
(27.0079 2.52772 4.15849e-18)
(15.141 -0.908851 -6.13586e-18)
(26.4335 2.88962 0)
(26.7369 1.42993 3.70465e-18)
(29.4736 0.984796 6.57465e-18)
(28.3054 -0.21855 2.09586e-17)
(25.4441 0.666957 0)
(25.3256 1.21018 0)
(27.3637 2.20773 -4.49352e-20)
(25.5804 1.71324 4.32867e-18)
(25.3295 1.53138 2.39867e-17)
(26.8615 0.157317 -6.17231e-18)
(26.7889 -1.63176 1.68009e-18)
(26.4528 4.29885 3.36356e-18)
(28.7028 1.61878 8.83661e-18)
(26.8126 0.352201 -3.00933e-18)
(25.242 1.66913 1.23811e-18)
(22.9829 0.298385 -5.66359e-18)
(25.045 0.882133 2.19121e-17)
(25.6168 0.707623 0)
(26.7267 -0.506515 0)
(26.6441 1.43732 -5.2688e-18)
(28.3523 1.99018 -5.03538e-18)
(25.8393 1.09895 -3.40669e-18)
(23.0035 1.71004 0)
(27.9942 1.28739 1.5644e-18)
(21.4901 -2.61514 0)
(29.617 -2.5715 0)
(28.5803 5.39555 4.67617e-18)
(23.8277 3.8855 0)
(28.1863 3.04376 -2.53883e-20)
(26.2483 1.86926 4.45201e-19)
(25.1118 0.748626 4.41751e-18)
(22.0527 -4.03736 0)
(16.1189 -1.1944 0)
(29.678 -2.32748 4.09827e-18)
(13.2481 -1.86132 2.11531e-18)
(27.9854 0.22967 0)
(25.3167 0.980073 -5.22211e-18)
(22.8288 -5.1674 -5.52489e-18)
(26.5417 2.80693 0)
(29.0425 -2.58243 0)
(31.2693 0.630129 -9.84177e-18)
(25.6889 1.06924 -1.70679e-18)
(11.1306 -1.97711 0)
(14.5593 -1.17797 4.55536e-19)
(17.8444 -0.626419 1.0121e-17)
(26.6649 1.67032 5.37045e-18)
(25.9313 -0.118111 -3.1613e-18)
(26.7551 -3.08191 2.92711e-18)
(25.3299 0.817359 4.84705e-18)
(29.358 4.62203 -1.33819e-17)
(29.9665 -0.947087 -2.70809e-19)
(29.2004 2.49295 7.7618e-19)
(20.2008 -2.38953 9.46734e-18)
(25.041 0.779706 -2.91116e-18)
(18.2523 -0.489733 0)
(25.5893 1.4979 0)
(23.725 0.419277 0)
(25.5511 0.717032 0)
(15.3484 -1.04168 0)
(18.002 1.03787 -3.8843e-18)
(23.3483 0.0229052 0)
(15.4734 -1.28256 -2.19106e-19)
(18.6038 -0.219992 0)
(23.2697 0.0308696 -4.5189e-18)
(25.3947 1.47039 -9.37634e-18)
(28.159 4.5212 9.16446e-18)
(15.7112 -1.04489 -6.65165e-19)
(15.3804 -1.02822 5.05464e-18)
(25.5471 0.638377 2.15347e-18)
(17.754 2.51852 0)
(30.0458 -1.00357 -9.66947e-18)
(15.7933 -0.6984 -6.05785e-18)
(16.7042 -0.405191 0)
(30.0442 2.86263 -1.10751e-17)
(26.9456 -2.77935 0)
(25.9653 0.233791 -6.32603e-18)
(17.6507 2.54795 -2.55845e-18)
(25.2899 -0.301098 5.05299e-18)
(27.5865 2.11781 -1.34545e-18)
(28.2614 0.678452 0)
(27.1976 0.19925 3.61165e-18)
(24.5114 3.89138 0)
(26.082 -2.01926 -1.19507e-18)
(16.3871 -0.429669 -7.25199e-18)
(24.7746 0.70079 1.62937e-17)
(24.0733 2.46616 0)
(15.634 -0.771304 4.6927e-18)
(19.0077 0.889884 -3.76484e-18)
(24.1852 2.26725 -1.70523e-18)
(26.2232 1.38362 7.89212e-18)
(30.3403 -0.647061 4.55681e-18)
(15.098 -0.92897 0)
(26.9678 0.693334 7.16797e-18)
(23.4881 0.201458 3.29455e-18)
(31.4313 3.69517 4.00288e-18)
(29.8549 -0.130101 -3.12353e-18)
(17.886 -0.10576 -1.30717e-17)
(25.3089 0.635354 3.7205e-18)
(28.0022 5.81112 0)
(29.8569 -1.16209 7.39219e-18)
(19.2934 -1.63846 0)
(25.5952 1.81108 -1.76183e-18)
(19.5503 0.877181 1.46702e-17)
(25.4679 0.967333 2.85453e-18)
(25.7091 1.53856 8.56487e-18)
(23.0547 3.29052 0)
(29.5052 0.0356367 7.14385e-18)
(18.2906 0.663275 9.87663e-18)
(19.5476 -0.0221514 0)
(23.2368 3.28909 2.14965e-18)
(24.1727 3.22423 0)
(26.6392 3.63143 0)
(25.7917 -0.448205 8.62525e-18)
(26.789 1.28162 -2.51199e-18)
(23.6776 0.455041 6.11586e-18)
(24.8727 2.55508 -4.52028e-18)
(24.5761 -3.13163 0)
(24.9352 2.28287 -3.27918e-18)
(15.3558 -0.766504 -2.64191e-19)
(25.4162 0.734083 0)
(26.9485 -4.84425 1.71291e-19)
(23.6389 -4.87583 -7.93998e-19)
(25.2152 1.2066 -9.84904e-18)
(25.5442 0.0487227 0)
(25.261 0.884201 1.10547e-17)
(28.0011 -2.4282 0)
(19.7492 2.77448 1.33394e-17)
(23.4826 3.48147 2.66464e-20)
(22.8366 0.049823 0)
(23.2081 0.030363 -6.0446e-18)
(27.0618 0.153375 -9.7044e-18)
(25.9467 3.89175 -1.59347e-21)
(24.914 -2.15663 -5.67537e-18)
(25.1037 0.690379 0)
(24.5069 2.91011 7.67672e-19)
(21.0639 -2.85439 1.22379e-18)
(27.3557 2.15291 4.54068e-18)
(26.1835 0.211597 0)
(24.6344 2.85722 7.86884e-19)
(24.3371 3.05722 -3.17609e-18)
(25.2897 0.930463 -1.64264e-18)
(25.1208 3.196 0)
(25.1556 1.8024 3.58841e-18)
(26.1781 2.65145 1.26519e-18)
(25.1907 2.01443 7.8706e-19)
(22.8481 3.54401 0)
(24.5643 3.1497 -2.65264e-18)
(13.5558 -1.73181 6.22941e-19)
(24.7546 2.05653 8.08233e-19)
(27.4397 1.98421 4.81517e-18)
(25.8521 1.93447 -3.22506e-18)
(25.6336 1.61078 -1.68465e-19)
(28.7897 -0.207011 -7.03861e-20)
(22.6675 3.43103 0)
(26.6905 1.4671 1.36793e-16)
(25.9367 1.61581 -2.0496e-19)
(24.4405 2.03382 -3.45085e-18)
(29.6312 0.0567852 -2.65465e-17)
(25.6249 1.85319 0)
(30.0304 -3.48959 0)
(25.4876 2.13039 0)
(25.303 1.69267 0)
(24.954 0.51244 5.11141e-19)
(26.2743 1.23482 0)
(25.4467 0.794156 -6.10446e-18)
(26.2826 1.76083 4.3389e-19)
(24.6309 2.09488 2.96659e-18)
(28.8448 -0.399118 -4.99872e-18)
(19.5673 3.06045 0)
(28.0411 0.499774 4.85143e-18)
(23.2917 3.57026 1.42544e-18)
(26.7438 2.21895 1.74662e-18)
(25.6129 1.74362 0)
(27.4216 0.50293 0)
(28.1048 -1.79292 2.72997e-19)
(27.2017 0.876015 -5.43523e-19)
(14.5638 -0.870902 0)
(25.5524 1.53917 -3.9732e-18)
(24.191 -5.871 9.61822e-19)
(29.8158 1.34681 -7.87278e-18)
(20.3561 3.14736 -1.62887e-18)
(28.0164 0.343778 0)
(30.445 -3.30114 -8.5925e-18)
(21.2317 3.56057 0)
(27.6866 1.88748 2.07099e-18)
(25.5436 1.52024 -7.94065e-18)
(26.0736 1.6125 -3.61668e-17)
(26.2374 1.17674 -4.23477e-18)
(23.1867 -2.68553 -3.14271e-18)
(28.0482 0.167055 3.60497e-18)
(14.6758 -1.84711 3.6361e-18)
(22.3613 3.50239 -2.08902e-19)
(26.8365 2.7862 -7.43685e-19)
(24.131 -6.04936 -1.85034e-18)
(25.3514 -0.527924 9.6771e-18)
(29.4788 0.33426 -2.04617e-19)
(26.5414 0.0878939 -1.09714e-17)
(31.2009 4.19383 -2.99128e-18)
(21.4829 3.55213 5.45296e-19)
(28.532 2.30039 1.0768e-18)
(25.4214 2.2104 6.96138e-16)
(26.1495 2.00311 1.14566e-16)
(24.9365 1.74556 2.67658e-18)
(27.6914 0.196966 4.53763e-18)
(21.0488 3.56453 1.67904e-20)
(29.9649 -0.307825 -2.36111e-18)
(23.0817 -3.01692 -3.12353e-18)
(28.6676 -0.0644507 0)
(25.315 0.926385 -1.46119e-18)
(20.8966 -4.35434 -2.71622e-18)
(24.2999 -5.00965 -1.18745e-18)
(27.7803 1.6602 -8.56927e-18)
(18.8099 2.79836 0)
(17.93 4.32202 -3.888e-18)
(19.5396 -0.0322361 0)
(30.1774 0.0454158 0)
(19.4083 3.2717 1.49002e-18)
(12.2646 -2.05309 -2.57823e-18)
(28.6401 0.0243437 4.82244e-18)
(25.1404 1.10269 1.21716e-17)
(29.0018 -0.58283 4.91858e-18)
(10.3662 -1.74232 -1.74743e-19)
(27.8013 0.698519 1.06445e-16)
(29.9038 -1.23708 1.15695e-17)
(25.0957 1.61289 0)
(25.6029 0.24831 -2.65956e-18)
(27.8647 -0.556596 1.54959e-17)
(31.5146 3.87377 -1.00408e-17)
(28.5014 0.836315 1.91052e-17)
(24.4999 -1.75146 -4.07422e-18)
(20.5965 3.49311 0)
(24.9733 0.685845 -1.46836e-18)
(28.3249 -4.35823 -3.58313e-18)
(27.4597 -5.50823 -8.43403e-19)
(23.4408 -2.27316 3.8126e-18)
(25.3357 0.838326 9.08339e-19)
(30.4042 -0.534847 1.49616e-17)
(28.257 -1.42236 -9.59366e-18)
(20.1016 3.30109 -1.17045e-18)
(22.836 0.01974 4.51004e-18)
(23.09 0.202225 1.84721e-17)
(25.4053 -3.28992 5.80688e-19)
(23.658 0.731143 -1.69637e-17)
(25.4683 0.761429 -9.9864e-20)
(29.0399 0.000814929 1.95489e-18)
(26.9321 1.23475 8.96936e-18)
(25.3354 2.65536 0)
(25.7253 2.87432 0)
(18.2023 2.75762 8.48109e-19)
(25.3332 1.28713 -1.06515e-17)
(17.2896 -0.00270698 -1.25141e-19)
(28.9394 2.02448 -2.41338e-18)
(25.4202 0.812754 5.34499e-19)
(25.3882 -3.16789 -1.15651e-18)
(25.1947 0.181375 4.54324e-18)
(23.483 1.34166 -6.71271e-18)
(19.7089 3.32034 -9.18335e-19)
(30.5139 3.46141 -1.16248e-17)
(27.1114 -1.3416 0)
(21.151 2.66548 1.91153e-17)
(25.3125 0.0312688 -3.92868e-19)
(17.2484 4.46971 4.17929e-19)
(20.8323 -1.5013 -9.99901e-18)
(20.566 -2.09607 0)
(30.0031 -3.82461 -4.32708e-18)
(24.0657 -1.79547 7.00068e-18)
(28.1917 1.97034 0)
(15.7994 1.23268 -4.73776e-18)
(27.262 2.44871 0)
(27.5025 2.49828 0)
(29.9855 -2.78011 0)
(28.8888 -0.790765 5.18583e-18)
(30.1104 0.0626138 3.9414e-17)
(28.7448 5.02391 9.29492e-18)
(16.738 3.97086 -2.57072e-18)
(25.2762 -5.67789 -2.88374e-18)
(30.9005 -1.22373 5.92639e-18)
(26.1531 1.53228 7.87436e-18)
(25.1966 0.322564 0)
(27.747 -0.756259 1.03916e-18)
(22.9075 0.0503014 0)
(24.5819 3.27666 3.1636e-18)
(25.05 1.31858 2.27467e-17)
(28.4512 -5.56796 -7.95156e-19)
(18.1667 4.20902 -5.99601e-18)
(14.1881 -1.56475 0)
(27.3914 -5.71558 -1.6762e-18)
(26.7975 -6.04146 6.50932e-21)
(29.8756 -2.61142 0)
(24.393 -5.95065 -1.7935e-18)
(26.2687 -6.03734 -4.94487e-19)
(20.3856 2.3581 -7.21764e-18)
(25.539 1.73521 -5.22027e-19)
(25.9289 2.97081 0)
(19.037 1.24225 -7.84849e-18)
(31.3133 3.31017 0)
(31.5336 -2.35707 -8.63351e-18)
(27.0924 0.952288 -8.34628e-18)
(26.5993 1.01454 -4.24895e-18)
(29.0538 -1.09343 5.27973e-18)
(28.1118 0.572207 3.68542e-17)
(23.8658 -5.88202 9.26797e-18)
(28.9601 0.389622 2.78047e-17)
(28.1582 0.785479 -6.58135e-18)
(29.893 -4.14115 -2.97612e-18)
(31.3682 -0.0176835 0)
(20.9036 0.0369503 1.10052e-20)
(22.6713 -5.29047 7.78672e-18)
(27.0844 2.88617 0)
(18.0908 4.07826 -1.97722e-18)
(29.6022 -4.42779 3.54141e-18)
(25.0551 0.301623 -4.07552e-18)
(29.3148 1.58166 8.60162e-19)
(28.948 -5.44181 5.17809e-18)
(25.5015 1.51321 5.10177e-19)
(29.2868 -4.72454 -3.44267e-18)
(27.5278 0.821088 -1.43812e-17)
(24.8794 0.800953 0)
(28.3633 6.39049 1.07844e-18)
(20.113 1.9146 -1.43828e-17)
(23.3226 0.951859 7.60155e-18)
(29.4088 -1.71699 0)
(19.6769 1.59118 -7.93863e-18)
(21.4718 0.10195 -3.28353e-17)
(28.9265 -4.94214 -7.2894e-18)
(28.0015 1.46207 -3.73241e-18)
(28.1868 -1.28033 -7.15646e-18)
(26.6213 0.0772219 -1.06303e-18)
(27.0714 3.15723 1.44197e-18)
(22.4414 -4.4847 0)
(27.013 -5.79173 0)
(18.9811 3.22694 -8.20283e-19)
(27.2626 -5.97937 3.04319e-19)
(18.567 2.93343 0)
(25.4429 0.669232 0)
(27.5114 -2.71212 -5.21698e-18)
(24.8277 0.421677 -7.20315e-18)
(21.7689 -2.121 8.65269e-18)
(27.5411 2.29723 1.49179e-18)
(28.142 0.0227582 5.5567e-19)
(25.4162 -6.13024 -1.90724e-18)
(26.6673 2.85989 -1.33455e-17)
(25.9952 -5.08357 1.47847e-19)
(25.1781 0.176823 -6.42492e-18)
(26.0043 -6.1807 1.24798e-18)
(25.8447 1.5459 1.95754e-18)
(25.7102 1.78648 0)
(31.2766 0.822125 -1.12336e-17)
(20.3596 -1.3114 2.67991e-17)
(24.0283 0.0597898 7.81752e-18)
(25.9651 1.82794 0)
(14.5199 -1.13322 -1.35491e-19)
(26.8422 0.0782289 6.99001e-18)
(26.1292 3.12953 1.1496e-18)
(27.5919 -0.578818 3.56567e-19)
(27.9107 1.35787 1.4605e-18)
(27.1567 2.46571 1.78938e-18)
(29.5255 -1.42163 0)
(28.2902 0.436411 0)
(23.8749 1.84473 3.61902e-18)
(24.8955 0.724294 2.13791e-17)
(25.199 1.96626 0)
(24.6797 2.72229 -8.50807e-19)
(12.3697 -1.96655 -1.16185e-18)
(26.2014 1.92009 -1.83596e-16)
(25.7506 1.05283 1.33632e-18)
(25.5813 1.69118 -2.78815e-18)
(24.9328 6.03094 3.48091e-18)
(24.426 3.95707 -2.05507e-19)
(11.5039 -1.85632 -1.97168e-18)
(23.6273 -1.18721 0)
(25.7508 2.98789 -1.29997e-17)
(30.7667 -1.44999 1.51269e-18)
(20.3297 3.87209 -1.22049e-17)
(24.1997 1.79808 -3.11986e-18)
(27.0882 1.14165 4.05622e-18)
(25.2395 -2.48901 4.02889e-18)
(14.1943 -2.08313 5.61006e-19)
(25.6107 0.658103 0)
(22.6935 -5.5801 6.74928e-18)
(25.1937 0.426149 0)
(25.3928 0.706148 -8.3721e-20)
(29.6501 -1.37308 3.8451e-18)
(25.4001 2.4792 0)
(28.2643 1.08464 0)
(27.8176 -1.95317 1.0655e-17)
(25.9399 0.043612 3.92891e-18)
(30.5633 -0.462579 0)
(30.3297 -0.128919 6.69302e-18)
(26.8426 1.5369 2.75575e-18)
(17.9165 4.2217 2.50462e-18)
(27.0992 0.836032 0)
(27.303 0.0503694 -4.50274e-18)
(22.9486 0.0326686 -3.83991e-19)
(26.7347 -0.416041 4.48845e-18)
(18.2202 2.59495 -1.84657e-17)
(24.2312 -1.22174 -1.00137e-17)
(22.4063 -5.35089 0)
(16.3643 0.579722 0)
(24.0713 0.0306792 7.23009e-19)
(23.3789 0.144831 7.60846e-18)
(28.1694 3.04962 -1.51437e-18)
(27.8201 1.15502 2.68172e-18)
(25.2603 0.526867 -1.26746e-18)
(17.1444 0.312302 1.35766e-17)
(10.8201 -1.80503 0)
(27.5216 1.96862 1.4619e-17)
(27.4805 2.30457 -1.73647e-17)
(26.0104 0.783464 -2.33068e-18)
(24.9204 1.11984 -2.44105e-17)
(24.9194 3.94454 8.95277e-21)
(26.9221 0.619798 -4.0831e-18)
(28.5605 0.389863 0)
(25.3026 0.888797 3.52504e-18)
(15.3739 -0.516626 0)
(27.9452 0.185962 0)
(20.3188 2.05445 -1.05306e-17)
(15.8777 3.85256 0)
(19.0067 0.0408969 -6.25618e-18)
(17.3291 0.309509 -2.49255e-19)
(28.0123 0.773799 0)
(28.4879 -0.127691 -2.31403e-18)
(25.9381 1.74887 -2.48982e-17)
(24.6719 3.179 1.26626e-18)
(26.8369 3.70024 -2.07321e-18)
(30.9301 2.47612 0)
(26.1416 2.87848 -1.60985e-18)
(28.2958 -0.751076 -3.69351e-18)
(30.7939 -0.923878 -6.51446e-18)
(30.4511 -0.0145635 9.40404e-20)
(25.3015 1.13747 2.70896e-18)
(22.4458 -5.26133 -1.37311e-20)
(18.3156 1.76514 2.45493e-18)
(25.5233 -3.27696 -4.16389e-18)
(26.4398 -2.24414 0)
(27.1596 0.0876508 -8.25172e-18)
(26.9697 2.62672 1.03283e-18)
(25.2678 5.74145 -1.43418e-19)
(30.322 -0.354911 -7.00177e-19)
(14.5243 -1.18527 -1.11751e-18)
(19.5669 3.20607 6.26326e-18)
(16.8212 4.10433 0)
(29.9845 5.90578 0)
(25.4139 0.700839 -9.67981e-19)
(21.0875 -1.84278 0)
(25.3089 0.874059 -6.39401e-18)
(13.3699 -1.64232 1.18576e-18)
(27.4253 3.59306 -1.8456e-18)
(25.5513 1.85852 3.97725e-18)
(26.2601 1.46807 3.60434e-17)
(25.2709 -2.26411 0)
(28.8267 0.0116492 0)
(21.0497 -4.14133 0)
(16.6846 -0.131658 6.84648e-19)
(29.8516 -3.97789 -7.06946e-19)
(25.3546 0.372751 -9.58561e-18)
(20.8128 -0.00434422 -1.09827e-20)
(30.2191 0.0137922 0)
(27.3472 2.28772 6.1628e-18)
(26.4859 1.82215 2.09618e-18)
(24.7976 1.60733 -1.9462e-18)
(25.1514 0.708042 2.90767e-18)
(25.4782 2.20673 -8.82158e-19)
(27.5361 2.38612 1.70723e-18)
(29.3338 -4.5641 0)
(28.7413 3.89283 -1.5465e-17)
(25.3057 1.04963 3.57322e-18)
(27.8567 1.89794 -3.8205e-19)
(28.6365 2.22818 0)
(11.7032 -1.76228 -1.34225e-18)
(25.6542 2.02941 3.46646e-18)
(28.7588 -5.09627 -3.25367e-18)
(25.698 1.69078 1.64228e-17)
(27.5269 1.61001 0)
(23.6123 0.103236 -1.11045e-17)
(25.819 1.76974 -1.79013e-19)
(25.1986 1.30231 0)
(25.3048 1.06297 -1.41411e-18)
(28.0584 -2.25501 8.32563e-18)
(29.1813 0.260323 -3.29598e-17)
(27.0408 -5.66034 0)
(21.5865 -2.21364 4.26248e-18)
(28.011 -2.21657 -2.71092e-18)
(27.1841 0.934323 -2.41384e-18)
(28.5552 0.142683 3.69674e-17)
(29.9311 1.06993 -3.15555e-18)
(28.2343 -2.11739 0)
(25.8077 -5.8332 -4.95175e-19)
(25.5381 2.48761 -8.41796e-19)
(17.8948 2.34416 7.60389e-18)
(26.3601 -2.4699 -1.88919e-18)
(12.5677 -2.04549 1.00279e-19)
(25.562 2.00592 -8.59096e-19)
(21.3727 -4.83253 0)
(26.586 1.21274 -2.48331e-17)
(28.3117 1.57483 -2.84081e-17)
(23.3825 -5.49706 -4.95018e-18)
(27.106 0.856872 1.55879e-17)
(18.2982 4.0041 0)
(31.5625 1.69546 5.89444e-18)
(26.7327 3.90282 2.32977e-18)
(28.5906 0.0761015 1.18953e-17)
(17.3319 -1.73791 -2.4858e-17)
(19.9807 4.34233 0)
(22.2703 -3.21714 0)
(27.1158 -0.622843 -7.29968e-18)
(26.0097 1.89429 0)
(18.937 0.129985 6.03713e-18)
(28.712 2.00578 2.00201e-18)
(25.7636 -2.74493 7.83976e-21)
(27.1589 2.77605 -1.21211e-18)
(25.6098 1.67707 -2.36463e-18)
(28.4446 -1.93834 -6.29308e-18)
(26.516 -0.427342 -3.71984e-18)
(26.1922 -0.275913 1.01455e-17)
(27.9119 1.52486 -7.03004e-18)
(13.0652 -1.74744 0)
(24.396 0.388996 1.6112e-18)
(29.2565 1.28285 4.92448e-18)
(25.1004 0.355043 1.325e-18)
(27.836 -1.58382 0)
(29.1292 -1.12927 -8.18986e-18)
(27.7156 2.38374 2.69295e-18)
(31.2068 0.917747 5.2771e-19)
(18.2453 0.0108072 1.22717e-17)
(31.6786 1.91993 8.60051e-18)
(28.5045 -0.6103 0)
(25.5257 0.0147313 4.96268e-19)
(26.898 0.224301 0)
(26.6831 -3.24898 2.00979e-18)
(28.146 0.969784 0)
(26.7252 1.12849 6.75979e-18)
(24.0728 -1.10252 2.10075e-18)
(29.8763 5.9216 6.98174e-18)
(29.4865 -1.1836 1.02009e-17)
(25.4098 -2.65115 -2.23736e-18)
(24.077 0.641215 -6.42873e-17)
(25.2746 1.00356 1.33179e-18)
(15.8022 3.56585 2.0721e-19)
(20.7495 0.00734164 -6.11312e-20)
(26.0418 2.62528 9.60746e-19)
(26.9088 0.926367 8.38708e-18)
(16.3511 4.2748 0)
(15.7609 3.75365 0)
(18.8242 -3.26256 7.56685e-18)
(28.079 1.95825 0)
(26.2217 0.787266 -2.72467e-18)
(17.4455 0.942371 0)
(28.2072 1.05947 1.31727e-17)
(26.6798 6.21016 2.06877e-18)
(27.6599 -0.96749 -1.0382e-18)
(26.2529 3.0914 -8.2179e-19)
(26.4786 1.31386 1.65437e-17)
(26.915 0.43504 1.00038e-17)
(24.9985 2.27783 0)
(24.9397 0.0263483 0)
(27.1682 3.67385 -1.4471e-18)
(27.9514 0.613974 -9.69955e-18)
(26.1368 -0.611301 1.3375e-18)
(23.2222 0.0678208 4.04951e-18)
(28.637 2.21022 -1.84029e-18)
(29.5317 -0.172276 -7.85246e-18)
(25.3287 1.98639 0)
(29.8162 0.878642 -2.16534e-18)
(12.4148 -1.94598 1.72104e-19)
(26.6594 0.179422 -3.14448e-19)
(21.7531 -4.61887 1.08432e-17)
(28.0971 -0.871051 2.48736e-18)
(29.5912 -1.0675 7.09991e-19)
(21.0071 -4.56737 1.06591e-17)
(28.3335 -0.266852 0)
(25.495 1.56134 6.26894e-18)
(23.625 -1.29313 4.96065e-18)
(27.9906 0.796358 0)
(25.2508 0.67483 1.19713e-18)
(26.5094 -1.43488 -1.77325e-17)
(24.6654 0.929611 -4.46151e-17)
(26.4322 1.64908 1.24026e-16)
(28.4417 0.246452 0)
(26.9619 1.20839 4.57353e-18)
(24.9922 2.57621 0)
(25.7489 1.84012 -5.40902e-21)
(20.2002 -3.98314 -1.15919e-17)
(28.1636 1.15491 -1.10595e-18)
(24.3097 2.54954 -1.63103e-17)
(26.8472 1.39117 -4.79388e-18)
(25.3795 0.50407 -6.61597e-18)
(14.0762 -1.17346 -4.2241e-18)
(28.3359 1.69351 1.66809e-19)
(23.7592 0.115549 0)
(26.8619 -2.58975 -4.61507e-18)
(26.7779 -0.217278 -5.05933e-18)
(24.764 1.19611 -1.25131e-17)
(22.6306 1.98217 9.66221e-18)
(26.9796 0.772613 -3.26326e-18)
(22.9131 -1.67492 -5.32009e-18)
(27.1286 0.781844 0)
(25.5424 0.650566 8.20802e-19)
(29.8339 1.15194 4.86492e-18)
(24.9179 0.459435 0)
(21.9748 -0.618152 1.29582e-17)
(27.7926 1.053 -5.64653e-18)
(27.9621 0.707337 -1.18323e-16)
(30.0775 3.25778 1.26379e-17)
(22.2884 -1.81011 -5.44239e-18)
(27.5347 -0.307053 8.31602e-18)
(25.5719 0.680363 0)
(11.194 -1.57689 -6.57819e-18)
(28.4493 0.488222 -5.13165e-18)
(21.327 -1.93888 4.54486e-18)
(27.2133 0.415479 4.47102e-18)
(23.6484 2.57232 5.2751e-18)
(28.4298 0.0139356 2.27084e-18)
(28.2518 -0.533933 0)
(22.1842 0.128376 1.71782e-17)
(25.0567 0.42167 0)
(26.7112 1.54449 0)
(27.6009 -1.08194 -2.59068e-18)
(27.5008 -2.78199 1.31485e-18)
(26.5051 -5.05396 4.50531e-19)
(25.6779 1.75267 -1.16271e-17)
(17.6413 0.236908 0)
(25.0742 1.01196 0)
(26.3529 1.77501 5.00489e-19)
(25.6477 1.61698 2.80497e-18)
(27.6674 5.8427 0)
(23.9788 -1.32276 -3.02472e-18)
(26.2383 -3.51143 4.37252e-19)
(25.6986 1.82731 0)
(22.7842 0.026885 -9.38239e-18)
(24.8247 1.40122 1.32023e-17)
(19.6405 -3.21043 0)
(27.7009 -2.38277 -3.28706e-18)
(26.5372 1.69282 -7.9759e-18)
(18.4711 8.0582 0)
(28.3004 -1.62342 1.16184e-17)
(26.9899 0.600409 0)
(19.9293 1.22697 1.69133e-17)
(25.0456 3.89932 -1.70355e-18)
(23.3018 -3.23038 0)
(27.9055 -1.40738 9.72534e-18)
(26.119 1.80812 0)
(25.9262 5.81829 -7.4444e-19)
(27.7662 -0.262748 5.53686e-18)
(30.8937 -0.00420332 1.0267e-17)
(28.7702 6.35099 0)
(22.531 -0.917361 1.66188e-17)
(27.1498 0.532695 -5.03508e-19)
(25.3453 0.115147 2.14245e-18)
(24.9272 9.88771 -3.09418e-18)
(22.9551 -1.42677 0)
(15.8937 4.05379 0)
(26.8731 0.883371 -1.04201e-17)
(25.4893 5.62223 6.62372e-20)
(28.3382 5.95596 -7.94474e-19)
(27.2853 -2.5129 -6.39657e-18)
(27.9241 -2.26646 0)
(25.369 -2.42048 0)
(14.673 3.48869 1.75626e-19)
(26.4789 1.41835 -2.85231e-18)
(29.6008 -1.32307 -5.96863e-18)
(17.816 3.4766 -4.49683e-18)
(25.5072 0.811595 2.50914e-18)
(29.7533 0.723595 0)
(27.4055 -0.0309409 6.01532e-18)
(21.9621 -2.28352 0)
(26.7242 2.40006 3.41189e-18)
(24.0956 -1.71929 -9.8009e-18)
(26.2962 2.57846 -8.74147e-19)
(26.6663 -2.65987 -1.29995e-18)
(30.156 0.627897 1.05993e-18)
(13.7034 4.14413 -1.25619e-17)
(23.1739 -1.86624 2.7666e-18)
(24.3716 1.56847 0)
(31.857 2.45693 -9.30534e-18)
(23.871 1.38321 7.10739e-18)
(31.6017 2.68935 -2.42534e-17)
(31.7037 1.99806 9.40909e-18)
(25.2761 0.711512 -1.94358e-18)
(31.1833 -1.45744 2.80563e-18)
(28.9268 -1.62592 0)
(25.6009 1.60971 3.03e-18)
(28.2636 0.303921 -2.58065e-17)
(25.387 0.600142 -1.2549e-18)
(27.1663 -1.08215 -9.219e-18)
(25.3136 1.17649 1.44101e-18)
(24.0343 0.33446 1.71269e-17)
(27.5099 1.96218 0)
(25.7449 4.05248 -2.73282e-19)
(19.9439 -3.08169 -2.5929e-18)
(25.3287 -2.39986 -1.99886e-18)
(31.0074 0.335547 4.17715e-18)
(25.3251 0.703168 -1.23541e-18)
(22.8966 -1.75089 -3.75175e-18)
(29.4319 -0.231758 0)
(25.6658 1.74345 4.53084e-19)
(29.1865 -3.60134 6.4428e-19)
(24.9547 0.967118 0)
(27.4553 2.04224 0)
(27.0768 1.00992 -7.85437e-18)
(30.3468 -0.457514 2.15907e-18)
(15.2199 3.46758 0)
(26.6724 6.19884 0)
(28.2096 -0.0175527 0)
(31.4925 2.18848 -5.61542e-18)
(19.1926 0.17233 1.34606e-17)
(9.36567 -1.4258 -2.53858e-18)
(24.9822 -0.886511 0)
(22.4294 -1.84976 1.48439e-19)
(21.3282 0.99989 -5.75211e-18)
(24.2516 -2.04363 0)
(24.9213 -0.806657 0)
(27.4498 -0.527927 0)
(23.8244 0.634211 -5.22895e-17)
(24.5782 0.785149 -7.48785e-17)
(22.7263 -1.60038 -6.18465e-18)
(25.2244 2.16416 -1.1891e-17)
(21.6569 3.14782 1.71874e-18)
(25.094 5.86126 -9.97037e-19)
(28.8626 1.25069 0)
(25.9856 3.45619 0)
(27.1521 3.03408 -3.05538e-18)
(25.3243 -0.858805 0)
(25.4268 0.380568 1.34226e-17)
(23.4101 -1.15005 1.06283e-17)
(26.9883 -0.452522 0)
(27.9315 1.18954 3.42107e-18)
(25.8267 2.49204 3.65456e-18)
(24.2079 -0.743339 7.30776e-18)
(24.0641 -0.795233 -1.03815e-17)
(22.7436 -1.51366 -2.63265e-18)
(22.6966 -1.40789 5.34015e-21)
(25.3124 1.41306 -4.62964e-18)
(26.264 1.46305 1.34489e-19)
(31.5847 1.3926 0)
(25.4738 0.644321 -1.6148e-18)
(27.4103 -0.894598 0)
(28.3726 1.25037 1.72613e-18)
(26.6575 -1.02198 5.86979e-18)
(25.5456 0.875256 5.05747e-19)
(26.5058 -4.78289 -5.1846e-19)
(26.5838 -2.60871 0)
(26.1757 -0.139833 0)
(24.6394 1.25538 1.6e-17)
(28.7368 -1.86653 6.75677e-18)
(27.0912 5.83881 2.87557e-18)
(25.3291 0.610402 9.08931e-20)
(19.4383 -0.469592 -1.4138e-17)
(27.898 -2.4802 3.70113e-18)
(22.4969 -1.46938 -1.23315e-18)
(25.6888 0.000521119 -1.4346e-17)
(17.2604 1.19658 -4.38344e-18)
(21.8158 -1.68159 5.98858e-18)
(27.6992 1.02514 -1.75874e-17)
(24.6747 -0.850091 -1.46961e-17)
(24.8149 0.182074 -6.02146e-19)
(28.0048 6.19682 3.78577e-19)
(28.4667 3.81563 1.12216e-17)
(27.5785 3.75001 0)
(25.5769 -3.32253 -5.64375e-20)
(30.3194 5.29024 7.75269e-19)
(25.7364 4.45814 1.0682e-18)
(15.59 3.57339 1.50293e-19)
(26.6265 3.90489 -1.41833e-18)
(24.4834 3.41798 -1.26903e-18)
(25.4819 0.655135 -1.77095e-18)
(27.0248 3.72309 -1.38375e-18)
(25.714 -3.35317 -1.08053e-18)
(27.9601 6.30154 2.67056e-18)
(26.8909 0.49301 5.51398e-19)
(28.1455 1.33367 -8.85543e-18)
(24.8541 0.481388 5.0426e-18)
(20.07 -2.54412 -2.84853e-18)
(27.8068 1.8227 9.14407e-18)
(25.3468 1.06189 -4.86115e-18)
(28.7723 4.27284 -4.31658e-18)
(27.8184 3.10221 2.10942e-18)
(27.3363 3.99924 -3.2376e-18)
(24.2019 0.612386 0)
(29.0672 -3.31375 0)
(19.11 -2.85086 2.7998e-20)
(24.9769 0.871637 -3.4981e-18)
(27.717 2.25756 -6.46231e-19)
(26.7062 -2.65869 1.41016e-18)
(28.791 -1.6886 0)
(16.4203 -2.76696 8.56622e-19)
(20.887 -1.68239 -2.3082e-17)
(20.6541 -2.37555 0)
(22.3544 -1.57351 5.18411e-18)
(24.3975 0.836494 -1.15777e-18)
(27.7075 1.57798 1.03962e-19)
(27.6139 0.845271 0)
(22.6452 -1.73837 1.92942e-17)
(27.4837 3.58577 -2.88186e-19)
(27.8407 -1.26275 7.81202e-19)
(30.0613 0.629018 -9.5623e-18)
(30.2566 -3.45202 0)
(25.1363 1.09009 -9.47197e-18)
(27.3515 2.83801 5.87071e-19)
(26.4511 2.65999 0)
(24.5892 5.36467 0)
(26.5662 0.112228 0)
(28.0149 0.534496 -5.65564e-18)
(23.2687 -0.572663 -4.56213e-18)
(24.9116 0.33956 0)
(25.237 1.09099 -2.50172e-18)
(25.1048 0.203878 -2.4339e-18)
(25.6219 -0.229275 2.27247e-19)
(28.3196 2.29371 -4.14001e-18)
(22.6002 -1.66339 4.97651e-18)
(25.8152 -4.4512 0)
(24.7509 0.866942 8.66552e-17)
(30.8347 -0.141013 0)
(25.438 0.61573 -2.24862e-18)
(26.0176 -0.0931457 4.84531e-18)
(24.7524 2.1913 0)
(25.5748 1.97889 -3.99944e-18)
(24.0222 3.93936 -1.31415e-20)
(20.1576 -3.0545 8.62029e-19)
(30.4803 -0.277094 -4.22356e-18)
(23.4766 -0.121303 -4.95198e-18)
(24.9485 1.15602 -5.12839e-18)
(27.8002 -0.981512 -4.00641e-18)
(27.7814 1.50748 0)
(30.7849 -0.698317 1.75769e-19)
(25.8881 1.79237 -1.42831e-19)
(28.0251 1.12393 -2.57891e-18)
(30.0307 -3.66833 2.73245e-18)
(21.2118 4.59883 0)
(29.3786 0.944086 -5.92188e-18)
(31.6041 2.43999 2.57295e-18)
(26.5181 -0.818618 0)
(26.9283 1.29146 3.65233e-18)
(26.0868 -2.66723 -1.83211e-18)
(24.9377 0.764539 3.46085e-18)
(28.1194 -2.27325 0)
(28.9306 1.25455 -6.48073e-18)
(29.6861 3.87164 3.21284e-19)
(31.7447 1.78322 1.55725e-17)
(30.1873 0.0157517 0)
(16.9298 4.39202 -2.07401e-18)
(29.7611 1.2045 4.25244e-18)
(19.2555 -2.79399 0)
(27.6367 -2.6242 0)
(24.1431 0.688191 3.98162e-18)
(30.6786 -0.255763 -3.37496e-18)
(25.1451 4.01358 0)
(27.3603 -1.85126 -1.61607e-17)
(25.3908 0.597079 8.49468e-18)
(30.7249 1.00827 -2.47519e-18)
(26.4271 -1.79791 3.44273e-19)
(29.8031 3.65757 -5.93563e-18)
(25.4237 4.01846 2.09016e-19)
(25.4653 0.709059 3.59761e-18)
(25.8196 0.254747 2.00717e-18)
(26.788 5.84815 -6.92981e-20)
(29.4393 -0.960656 6.11834e-18)
(30.923 -0.624581 3.41353e-18)
(31.1135 -0.88802 -8.33381e-19)
(29.6598 -4.31793 0)
(30.8303 -0.419104 1.67295e-18)
(26.0388 3.70059 1.60081e-18)
(26.0256 -4.9073 0)
(29.2017 1.16639 0)
(30.5571 -0.100737 -3.77014e-18)
(20.9547 -2.60843 -2.7629e-18)
(25.0767 0.719698 -4.8117e-18)
(26.5836 -5.77548 -9.6254e-20)
(24.5469 3.99219 0)
(25.9186 0.0172035 1.47985e-18)
(26.9446 0.971435 0)
(31.2481 0.609039 2.58307e-18)
(26.2464 5.8719 0)
(29.1254 -4.85251 1.14088e-18)
(27.0528 0.830791 -1.27164e-17)
(24.0736 6.04477 -5.36296e-18)
(29.7632 -3.75939 -3.34126e-18)
(27.5472 -1.33349 1.72508e-18)
(24.3709 -2.82825 0)
(21.2917 -1.72938 -5.14427e-18)
(31.0551 -2.04435 5.10786e-18)
(29.9068 0.0133989 -1.92085e-18)
(29.6103 -0.867672 -1.81506e-19)
(27.9191 -0.0163247 -5.56558e-18)
(25.9911 0.54158 6.22696e-18)
(26.9919 0.526598 3.82264e-18)
(28.2603 -2.00907 0)
(26.8286 0.129746 1.11343e-17)
(29.2441 0.702827 -1.535e-18)
(27.3872 -0.522374 -9.24682e-18)
(24.9193 6.21963 0)
(24.5853 1.55199 0)
(29.5762 -4.06391 0)
(25.6318 5.8838 3.40421e-18)
(31.223 2.10325 -4.25236e-18)
(25.0136 1.02471 -4.62185e-18)
(29.3436 -4.38067 0)
(24.5815 1.59877 -3.99139e-18)
(28.2698 -2.11227 -5.56429e-18)
(19.6279 -2.83137 7.91017e-20)
(24.7231 5.9798 4.94001e-18)
(24.4069 -3.06123 0)
(18.4546 -3.02543 1.10742e-18)
(23.9382 0.38407 0)
(25.6546 6.18991 3.06012e-18)
(26.2506 -5.86232 -3.55602e-19)
(24.6557 1.44497 1.00067e-17)
(29.0892 -4.63598 9.35133e-19)
(25.5346 5.84176 -1.60951e-18)
(23.6182 -0.743695 1.32423e-17)
(26.6924 1.3928 8.69319e-18)
(25.7401 -2.24897 1.30629e-18)
(25.5945 -2.52724 1.60832e-18)
(11.5902 -1.18415 2.74204e-18)
(16.3741 -2.69997 -1.42385e-18)
(28.7917 -4.89743 2.48446e-18)
(26.5745 -5.52205 0)
(29.838 2.9617 1.517e-17)
(25.3521 -5.25735 7.12995e-19)
(28.5628 2.04102 7.62199e-18)
(24.8822 2.70492 -1.32253e-18)
(25.1232 6.00875 0)
(28.9403 4.53092 -6.05446e-18)
(25.8661 -5.69887 0)
(29.1476 4.31008 1.62958e-18)
(30.3252 0.604371 5.9273e-18)
(26.9843 -0.898871 1.85546e-18)
(26.1485 3.94789 1.64514e-19)
(23.5513 0.406532 -1.2866e-17)
(26.4137 -1.65222 8.2876e-18)
(24.9058 3.39147 1.37614e-18)
(23.0998 -3.26063 3.00089e-18)
(30.6229 -0.125841 7.57684e-18)
(26.6822 -0.0796256 6.11901e-18)
(23.1354 3.87309 -6.69189e-19)
(23.4958 -0.0780475 7.25926e-18)
(26.9019 0.606654 -1.39274e-18)
(28.5628 6.21439 0)
(23.9363 5.9718 0)
(24.4563 -2.82072 0)
(30.9439 0.629015 1.23273e-17)
(24.6991 -0.736483 -4.07211e-18)
(26.4511 5.92845 0)
(28.1793 -2.25268 0)
(30.6378 -0.106285 7.46719e-18)
(21.8729 -3.22929 -5.85992e-19)
(20.1862 -0.586497 1.01003e-17)
(23.8111 5.76656 -1.36107e-18)
(20.7711 5.11112 1.52566e-18)
(19.9557 -1.98041 -7.14711e-18)
(22.9024 -0.0279192 1.07274e-18)
(27.9248 2.96977 1.03658e-18)
(19.8921 -2.90484 -1.52733e-18)
(27.8436 2.06249 -2.80726e-18)
(30.4178 1.56041 -1.21762e-17)
(24.9434 3.44517 -1.27963e-17)
(28.747 -3.65761 3.60549e-18)
(28.135 2.49227 0)
(25.3111 0.703513 6.46126e-18)
(27.5954 1.53008 2.2204e-18)
(27.7599 2.25521 0)
(24.04 1.86581 -5.26805e-18)
(15.6554 -2.49603 0)
(26.5322 -2.95341 -1.1384e-18)
(29.5455 1.25763 3.1809e-18)
(28.2704 0.0204864 -3.60016e-18)
(16.6753 -2.7256 2.54702e-18)
(27.6908 -2.14063 0)
(24.5946 0.463719 -8.32745e-18)
(26.578 2.46909 1.20364e-17)
(22.5287 -3.47239 -6.68652e-19)
(28.8693 -3.85959 -3.25189e-18)
(25.435 5.70257 -2.67571e-20)
(26.2973 2.47954 4.00298e-19)
(28.0879 5.55998 0)
(21.4826 1.83758 -1.33555e-17)
(29.6558 3.43476 -1.10017e-17)
(26.3765 0.0935896 2.66942e-18)
(23.9947 0.0951445 -5.69208e-18)
(29.9905 -3.50522 8.55864e-20)
(29.0389 3.29826 6.84169e-18)
(19.3556 -2.88232 1.71408e-18)
(24.3585 0.767673 1.74757e-17)
(25.2526 -0.859529 -7.49645e-18)
(25.5966 1.88444 -3.49761e-18)
(22.3503 -3.20901 -8.90492e-19)
(30.412 1.52543 1.36235e-18)
(24.5411 -1.44232 7.2273e-18)
(23.0545 -4.72128 4.8388e-18)
(27.4717 4.51892 8.21141e-18)
(23.3868 0.518417 7.08372e-17)
(22.687 -4.42139 -2.1097e-18)
(30.0533 3.94292 4.55588e-18)
(17.2614 -2.92816 0)
(30.921 0.193109 -7.91751e-18)
(27.6782 6.18057 0)
(29.3186 3.9541 2.26411e-17)
(26.3192 3.95409 6.69447e-19)
(25.4179 0.630822 1.22761e-18)
(28.2529 0.144377 0)
(29.1067 -1.64206 1.02109e-18)
(21.7777 -3.36211 0)
(23.2512 5.64531 0)
(28.2305 5.94856 0)
(20.6926 0.662029 3.20222e-18)
(27.4453 -1.66231 1.54272e-17)
(28.1036 -2.35308 4.56131e-18)
(24.8877 5.5452 -4.40144e-20)
(24.8095 -0.423389 -7.7596e-18)
(24.9479 0.701385 -1.10856e-17)
(25.7213 -1.99035 -7.2849e-19)
(29.385 3.13537 4.64355e-19)
(22.0074 1.90066 4.28006e-18)
(27.604 -2.05537 1.05422e-17)
(26.2225 -5.6423 7.02342e-19)
(24.7995 5.56217 2.85403e-20)
(25.7822 -3.11722 2.74475e-18)
(16.6441 0.272002 -1.49992e-17)
(20.7502 -3.2138 5.38777e-19)
(19.5319 1.03891 4.84551e-18)
(25.7158 0.987624 1.34835e-18)
(17.999 -2.88621 -1.1742e-19)
(23.2392 -4.51611 0)
(28.7125 -2.34103 0)
(20.3622 0.0885316 1.17428e-16)
(26.0996 0.47357 -6.16481e-18)
(18.8096 -2.95069 0)
(24.084 1.59374 0)
(28.0944 5.28919 9.73942e-18)
(24.7154 1.31197 0)
(27.7599 -2.511 0)
(26.1794 -0.0320072 -5.76184e-18)
(27.5778 -1.2219 -2.53674e-18)
(27.3468 4.71038 0)
(26.3115 1.67367 -7.86477e-19)
(27.124 0.245282 -5.9332e-18)
(25.4208 5.88393 -2.13231e-19)
(25.219 0.959975 -4.1712e-18)
(29.4138 -3.3076 -7.25979e-20)
(28.6111 6.02423 0)
(23.5553 -0.00696574 8.43923e-20)
(26.7532 0.580786 1.19855e-18)
(15.2505 -2.19589 6.41199e-18)
(29.1631 -0.837033 8.99772e-18)
(24.5907 5.6572 -3.02579e-20)
(22.1974 5.07992 -1.12207e-19)
(23.6139 0.00376601 4.81382e-19)
(25.8882 -0.295391 -8.67898e-18)
(25.572 6.01294 -4.0603e-19)
(28.9971 3.68858 -1.78058e-17)
(22.4523 5.04452 0)
(22.2645 0.851445 8.95747e-18)
(24.3703 -1.11221 4.35375e-19)
(27.6644 -1.62416 0)
(23.9715 -3.37515 -3.53696e-18)
(24.471 2.20708 6.5231e-18)
(22.9935 5.42525 -1.53092e-19)
(24.5074 1.77919 0)
(23.8079 -0.136155 3.67776e-19)
(25.7377 -0.0577378 4.37399e-18)
(26.5466 -1.63 7.982e-19)
(26.9551 0.396147 1.17839e-19)
(26.3824 3.94102 -1.612e-18)
(27.7169 -1.44546 -4.83405e-18)
(22.2292 0.990699 -6.44574e-18)
(22.0818 5.17339 3.37601e-19)
(20.7352 -0.0761365 -1.74978e-17)
(19.7851 0.466898 6.38196e-18)
(26.7786 -1.98076 0)
(25.8046 -3.069 -2.23632e-18)
(21.6565 -2.31914 -6.86045e-18)
(26.8919 0.369034 1.86963e-17)
(25.7484 -3.26363 5.50676e-18)
(23.23 5.38355 1.0701e-18)
(24.3277 2.02594 0)
(25.4542 -1.98628 0)
(25.0384 5.86279 4.98275e-19)
(24.3747 -3.0885 -1.05237e-18)
(26.6243 6.35331 6.845e-19)
(11.8304 -1.48518 1.1161e-17)
(10.8776 -1.4184 1.26967e-17)
(26.114 -2.30848 0)
(31.4478 1.22571 2.18038e-17)
(26.162 -3.16824 3.72417e-19)
)
;

boundaryField
{
    frontAndBack
    {
        type            empty;
    }
    upperAndLower
    {
        type            symmetry;
    }
    outlet
    {
        type            freestreamVelocity;
        freestreamValue uniform (25.75 3.62 0);
        value           nonuniform List<vector> 10((26.176 0.00669947 0) (27.9528 0.0481002 3.99951e-19) (21.9202 -0.0179083 0) (23.7262 0.0589635 -1.57863e-18) (24.7935 -0.00165136 0) (29.4336 -0.00936156 0) (19.6131 0.0291145 0) (31.3524 0.0257067 0) (26.9896 0.0225003 4.96237e-18) (25.5442 0.0487259 0));
    }
    inlet
    {
        type            freestreamVelocity;
        freestreamValue uniform (25.75 3.62 0);
        value           nonuniform List<vector> 10((25.75 3.61901 0) (25.75 3.61887 0) (25.7502 3.61904 5.76853e-19) (25.7499 3.61842 -2.55459e-18) (25.7502 3.61824 0) (25.7501 3.6188 -9.16116e-19) (25.75 3.61938 0) (25.7499 3.61924 0) (25.7495 3.61709 0) (25.7503 3.61742 0));
    }
    airfoil
    {
        type            noSlip;
    }
}


// ************************************************************************* //
