/*--------------------------------*- C++ -*----------------------------------*\
  =========                 |
  \\      /  F ield         | OpenFOAM: The Open Source CFD Toolbox
   \\    /   O peration     | Website:  https://openfoam.org
    \\  /    A nd           | Version:  10
     \\/     M anipulation  |
\*---------------------------------------------------------------------------*/
FoamFile
{
    format      ascii;
    class       volScalarField;
    location    "0.1";
    object      p;
}
// * * * * * * * * * * * * * * * * * * * * * * * * * * * * * * * * * * * * * //

dimensions      [0 2 -2 0 0 0 0];

internalField   nonuniform List<scalar> 
1600
(
8.62199e-09
0.000145248
0.000140301
-2.85041e-05
-0.000360148
-0.000857225
-0.00152267
-0.00236074
-0.00337757
-0.00458093
-0.0059802
-0.00758648
-0.00941267
-0.0114737
-0.0137866
-0.0163708
-0.0192483
-0.022444
-0.0259864
-0.029908
-0.0342463
-0.0390448
-0.0443543
-0.0502343
-0.0567557
-0.0640037
-0.072083
-0.0811248
-0.0912968
-0.10282
-0.115999
-0.131274
-0.149326
-0.171316
-0.199414
-0.238026
-0.296256
-0.394281
-0.589327
-0.975357
-0.000172494
-2.77515e-05
-5.47717e-05
-0.000242503
-0.000585935
-0.00109201
-0.0017665
-0.00261482
-0.00364356
-0.00486076
-0.00627599
-0.00790051
-0.00974746
-0.0118321
-0.0141718
-0.0167864
-0.0196984
-0.0229334
-0.0265205
-0.0304932
-0.0348905
-0.0397575
-0.0451472
-0.0511222
-0.0577571
-0.0651428
-0.0733918
-0.0826466
-0.0930908
-0.104969
-0.118616
-0.134511
-0.153359
-0.176244
-0.204869
-0.24199
-0.291895
-0.358648
-0.436612
-0.509452
-0.000200272
-2.9808e-05
-5.38239e-05
-0.000244904
-0.00059096
-0.00109881
-0.00177459
-0.0026239
-0.00365346
-0.00487135
-0.00628717
-0.00791219
-0.00975959
-0.0118446
-0.0141847
-0.0167996
-0.0197118
-0.0229467
-0.0265335
-0.0305055
-0.0349016
-0.0397667
-0.0451535
-0.0511238
-0.0577513
-0.0651252
-0.0733555
-0.0825795
-0.0929722
-0.104761
-0.118247
-0.133841
-0.152106
-0.173822
-0.200035
-0.232082
-0.271497
-0.317684
-0.355146
-0.344467
-5.90212e-05
0.000130729
0.00011405
-7.40927e-05
-0.000417311
-0.000921401
-0.00159212
-0.00243487
-0.00345624
-0.00466421
-0.00606824
-0.00767949
-0.00951096
-0.0115777
-0.0138968
-0.0164877
-0.0193725
-0.0225758
-0.0261261
-0.0300559
-0.0344027
-0.0392099
-0.0445277
-0.0504145
-0.0569394
-0.0641851
-0.0722516
-0.081261
-0.0913644
-0.102751
-0.115658
-0.130391
-0.147334
-0.166963
-0.189825
-0.216455
-0.247129
-0.279796
-0.300709
-0.282991
0.00025152
0.000446907
0.000434302
0.000250488
-8.68906e-05
-0.000583065
-0.00124343
-0.00207313
-0.00307853
-0.00426741
-0.005649
-0.00723416
-0.0090356
-0.0110679
-0.0133478
-0.015894
-0.0187277
-0.0218726
-0.0253558
-0.0292084
-0.0334658
-0.0381686
-0.0433631
-0.0491028
-0.0554498
-0.0624771
-0.0702709
-0.0789332
-0.0885855
-0.0993723
-0.111466
-0.125068
-0.14041
-0.157738
-0.177266
-0.199066
-0.222725
-0.245634
-0.257418
-0.242331
0.000725789
0.000919279
0.000908647
0.000730046
0.000400987
-8.34534e-05
-0.000728383
-0.00153868
-0.00252047
-0.00368121
-0.0050298
-0.00657674
-0.00833425
-0.0103164
-0.0125391
-0.0150203
-0.01778
-0.0208405
-0.0242275
-0.0279697
-0.0320999
-0.036655
-0.0416767
-0.0472121
-0.053315
-0.0600472
-0.0674792
-0.0756911
-0.0847739
-0.0948293
-0.105969
-0.118309
-0.131961
-0.147008
-0.163451
-0.181093
-0.199199
-0.21526
-0.221952
-0.21007
0.0013572
0.00154501
0.00153531
0.00136281
0.00104435
0.000575239
-4.93897e-05
-0.000834165
-0.0017849
-0.00290871
-0.00421409
-0.00571104
-0.00741122
-0.00932797
-0.0114764
-0.0138732
-0.0165371
-0.0194889
-0.0227522
-0.0263533
-0.0303218
-0.0346904
-0.0394955
-0.0447775
-0.0505812
-0.0569564
-0.063958
-0.071645
-0.0800798
-0.0893264
-0.0994459
-0.110488
-0.122478
-0.13539
-0.149102
-0.163285
-0.17713
-0.188537
-0.192548
-0.183744
0.00213904
0.00231886
0.00230954
0.00214403
0.00183834
0.00138794
0.000788215
3.47865e-05
-0.000877834
-0.00195637
-0.00320882
-0.00464463
-0.00627479
-0.00811182
-0.0101698
-0.0124642
-0.0150122
-0.017833
-0.0209479
-0.0243804
-0.0281567
-0.0323054
-0.0368572
-0.0418455
-0.0473065
-0.0532785
-0.0598016
-0.0669158
-0.0746592
-0.0830648
-0.0921546
-0.10193
-0.112359
-0.123352
-0.134726
-0.146112
-0.156754
-0.165017
-0.167587
-0.161235
0.00306432
0.00323452
0.00322533
0.00306777
0.00277692
0.00234844
0.00177797
0.00106137
0.00019353
-0.00083185
-0.00202225
-0.00338648
-0.00493478
-0.00667876
-0.00863138
-0.0108069
-0.0132208
-0.0158905
-0.0188348
-0.0220747
-0.0256329
-0.0295335
-0.033802
-0.0384651
-0.043551
-0.0490876
-0.0551019
-0.061618
-0.0686543
-0.0762202
-0.0843092
-0.0928908
-0.101898
-0.111212
-0.120626
-0.129785
-0.138041
-0.144157
-0.145903
-0.141289
0.00412551
0.00428479
0.00427564
0.00412704
0.00385303
0.0034495
0.00291236
0.00223775
0.0014209
0.000456017
-0.000663834
-0.00194679
-0.00340229
-0.00504099
-0.00687469
-0.00891628
-0.0111797
-0.0136804
-0.016435
-0.0194617
-0.0227798
-0.0264094
-0.0303711
-0.0346856
-0.0393737
-0.0444547
-0.0499447
-0.055855
-0.0621892
-0.0689395
-0.0760806
-0.0835628
-0.0913025
-0.0991688
-0.10696
-0.11436
-0.120835
-0.125464
-0.12671
-0.123291
0.00531431
0.00546158
0.0054525
0.00531384
0.00505857
0.00468284
0.00418282
0.00355496
0.00279489
0.00189727
0.000855788
-0.000337006
-0.00168971
-0.00321202
-0.00491457
-0.00680889
-0.00890738
-0.0112235
-0.0137719
-0.016568
-0.0196282
-0.0229688
-0.0266058
-0.0305551
-0.0348312
-0.0394462
-0.0444077
-0.0497174
-0.0553684
-0.0613415
-0.0676003
-0.0740855
-0.0807079
-0.087339
-0.093795
-0.0998041
-0.10494
-0.108516
-0.109444
-0.106859
0.00662166
0.00675594
0.006747
0.00661926
0.0063845
0.0060392
0.00557981
0.00500309
0.00430507
0.00348091
0.00252492
0.00143035
0.000189447
-0.0012065
-0.002767
-0.00450225
-0.00642315
-0.0085414
-0.0108696
-0.0134209
-0.0162088
-0.0192464
-0.0225461
-0.0261194
-0.0299758
-0.0341219
-0.038559
-0.0432822
-0.0482778
-0.0535198
-0.0589664
-0.0645555
-0.0702001
-0.0757814
-0.0811382
-0.086044
-0.0901615
-0.0929733
-0.093691
-0.091701
0.0080377
0.00815815
0.00814945
0.00803352
0.00782094
0.00750847
0.0070929
0.00657131
0.00594012
0.00519502
0.00433092
0.00334181
0.00222075
0.000959989
-0.000448878
-0.00201479
-0.00374722
-0.00565626
-0.00775266
-0.0100476
-0.012552
-0.0152762
-0.0182298
-0.0214207
-0.0248549
-0.0285346
-0.0324572
-0.0366133
-0.0409855
-0.045545
-0.0502486
-0.0550362
-0.0598271
-0.0645157
-0.0689648
-0.0729885
-0.0763199
-0.0785648
-0.0791359
-0.0775838
0.00955189
0.00965776
0.00964941
0.00954613
0.00935721
0.00907975
0.00871088
0.00824799
0.00768791
0.00702686
0.00626036
0.0053831
0.00438897
0.00327114
0.00202224
0.000634524
-0.000900178
-0.00259051
-0.00444561
-0.00647479
-0.00868703
-0.0110905
-0.0136922
-0.0164978
-0.0195106
-0.0227301
-0.0261511
-0.0297622
-0.0335445
-0.037469
-0.0414945
-0.0455654
-0.0496098
-0.0535366
-0.0572311
-0.060542
-0.0632576
-0.0650724
-0.0655382
-0.0643173
0.011153
0.0112436
0.0112358
0.0111459
0.010982
0.0107414
0.0104218
0.0100208
0.00953561
0.008963
0.00829909
0.00753927
0.00667823
0.00571002
0.00462827
0.0034263
0.00209713
0.000633424
-0.000972566
-0.00272864
-0.00464215
-0.00671952
-0.00896604
-0.0113856
-0.01398
-0.0167473
-0.0196811
-0.0227696
-0.0259943
-0.0293282
-0.0327337
-0.0361618
-0.0395503
-0.0428225
-0.0458838
-0.0486119
-0.0508373
-0.0523189
-0.0527074
-0.0517447
0.0128292
0.0129041
0.0128968
0.012821
0.0126832
0.0124814
0.0122132
0.0118768
0.0114698
0.0109894
0.0104324
0.0097948
0.00907213
0.00825925
0.00735072
0.00634084
0.00522375
0.00399321
0.00264268
0.0011656
-0.00044411
-0.00219163
-0.00408108
-0.00611537
-0.00829541
-0.0106189
-0.0130797
-0.0156668
-0.0183636
-0.0211463
-0.0239823
-0.0268302
-0.0296379
-0.032342
-0.0348658
-0.0371106
-0.0389395
-0.0401581
-0.0404891
-0.0397334
0.0145683
0.0146269
0.0146203
0.0145592
0.0144486
0.0142868
0.0140719
0.0138024
0.0134764
0.0130914
0.0126449
0.0121337
0.0115538
0.010901
0.0101708
0.00935832
0.00845869
0.00746668
0.00637679
0.00518345
0.00388151
0.00246664
0.000935368
-0.000714807
-0.00248473
-0.00437255
-0.00637311
-0.00847749
-0.0106721
-0.0129371
-0.0152461
-0.0175654
-0.0198529
-0.0220578
-0.0241188
-0.0259565
-0.0274592
-0.0284664
-0.0287544
-0.0281696
0.0163573
0.0163995
0.0163936
0.0163476
0.016265
0.0161444
0.0159845
0.0157839
0.015541
0.0152541
0.0149212
0.0145395
0.0141061
0.0136173
0.0130696
0.0124588
0.0117811
0.011032
0.010207
0.0093012
0.00831027
0.00723033
0.00605813
0.00479106
0.00342774
0.0019689
0.000417895
-0.0012191
-0.00293228
-0.0047069
-0.00652285
-0.00835443
-0.0101695
-0.0119289
-0.0135848
-0.0150736
-0.0163029
-0.0171372
-0.0173931
-0.0169537
0.0181833
0.0182087
0.0182037
0.0181732
0.0181192
0.0180408
0.017937
0.0178067
0.0176488
0.0174621
0.0172449
0.0169955
0.0167114
0.0163898
0.0160278
0.0156223
0.01517
0.0146675
0.0141108
0.0134959
0.0128188
0.0120759
0.0112638
0.0103795
0.00942057
0.00838602
0.00727686
0.00609593
0.00484867
0.0035442
0.0021958
0.000821013
-0.000557685
-0.001912
-0.00320604
-0.00438978
-0.00538565
-0.00607599
-0.00630853
-0.00599639
0.0200329
0.0200413
0.0200373
0.0200225
0.0199976
0.0199621
0.0199152
0.0198563
0.0197847
0.0196996
0.0196
0.0194847
0.0193519
0.0191999
0.0190262
0.0188286
0.0186046
0.0183516
0.0180663
0.0177452
0.0173845
0.0169808
0.0165304
0.0160296
0.0154746
0.0148622
0.0141906
0.013459
0.012668
0.0118205
0.0109227
0.00998361
0.00901621
0.00803827
0.00707463
0.00616376
0.00537157
0.00480306
0.00458685
0.00478442
0.0218924
0.0218838
0.0218808
0.021882
0.0218865
0.0218941
0.0219047
0.0219179
0.0219333
0.0219507
0.0219697
0.0219897
0.0220098
0.0220287
0.022045
0.0220573
0.0220638
0.0220626
0.0220512
0.0220264
0.0219849
0.021923
0.0218368
0.0217215
0.0215719
0.0213825
0.0211484
0.0208644
0.020526
0.0201299
0.0196741
0.0191593
0.0185884
0.0179688
0.0173148
0.0166543
0.0160441
0.0155804
0.0153739
0.0154667
0.0237481
0.0237225
0.0237206
0.0237378
0.0237717
0.0238227
0.0238909
0.0239764
0.0240791
0.0241994
0.0243374
0.0244933
0.0246667
0.0248574
0.0250647
0.0252879
0.0255263
0.0257786
0.026043
0.026317
0.0265974
0.0268804
0.0271617
0.0274357
0.0276954
0.0279331
0.0281403
0.0283077
0.0284251
0.0284821
0.0284688
0.0283763
0.0281972
0.0279282
0.0275727
0.0271489
0.0267059
0.0263345
0.0261286
0.0261282
0.0255862
0.0255438
0.025543
0.0255762
0.0256395
0.0257336
0.0258593
0.0260167
0.0262065
0.0264294
0.0266862
0.0269776
0.0273044
0.0276668
0.0280652
0.0284998
0.0289706
0.0294774
0.0300191
0.0305939
0.0311989
0.0318303
0.0324835
0.033152
0.0338275
0.0344997
0.0351569
0.035785
0.036368
0.0368883
0.037327
0.0376648
0.0378834
0.0379676
0.0379093
0.0377165
0.0374323
0.0371469
0.0369452
0.0368247
0.027393
0.027334
0.0273344
0.0273834
0.0274758
0.0276127
0.0277951
0.0280239
0.0282999
0.0286245
0.0289991
0.0294251
0.0299041
0.0304375
0.0310263
0.0316718
0.0323749
0.0331364
0.0339562
0.0348334
0.0357656
0.0367493
0.0377796
0.0388495
0.0399495
0.0410672
0.0421874
0.0432915
0.0443574
0.0453595
0.0462694
0.0470565
0.0476899
0.048141
0.0483886
0.0484298
0.0483019
0.0480963
0.0478897
0.0476565
0.029155
0.0290798
0.0290813
0.0291459
0.0292668
0.0294456
0.0296839
0.0299828
0.0303438
0.0307685
0.0312592
0.031818
0.0324474
0.0331498
0.0339273
0.0347822
0.0357166
0.0367322
0.0378302
0.0390107
0.0402723
0.0416121
0.0430254
0.044505
0.0460405
0.0476179
0.0492188
0.0508202
0.0523937
0.0539054
0.0553164
0.0565837
0.0576618
0.0585064
0.0590806
0.0593682
0.0594003
0.0592722
0.0590555
0.0587038
0.0308587
0.0307677
0.0307704
0.0308501
0.0309989
0.0312187
0.0315115
0.0318788
0.0323226
0.0328453
0.0334495
0.0341385
0.0349155
0.035784
0.0367474
0.0378092
0.0389725
0.0402406
0.0416158
0.0430997
0.0446923
0.0463918
0.0481941
0.0500925
0.0520765
0.0541306
0.0562342
0.0583601
0.0604737
0.0625328
0.0644871
0.0662793
0.0678472
0.0691272
0.0700626
0.0706203
0.070824
0.0707752
0.0705434
0.07006
0.0324911
0.0323849
0.0323887
0.0324832
0.0326588
0.0329182
0.0332637
0.0336972
0.0342213
0.0348389
0.0355535
0.036369
0.0372897
0.0383203
0.0394655
0.0407301
0.0421188
0.0436362
0.0452864
0.0470726
0.0489966
0.0510584
0.0532555
0.0555822
0.0580285
0.0605789
0.063211
0.0658943
0.0685888
0.0712437
0.0737968
0.0761751
0.078296
0.0800723
0.0814217
0.082288
0.0826846
0.0827217
0.0824699
0.0818353
0.0340397
0.0339188
0.0339238
0.0340323
0.0342338
0.0345311
0.034927
0.035424
0.0360251
0.0367339
0.0375546
0.038492
0.0395516
0.040739
0.0420605
0.0435224
0.045131
0.0468928
0.0488139
0.0508995
0.0531538
0.0555792
0.0581756
0.0609393
0.0638621
0.0669294
0.0701188
0.0733977
0.0767217
0.0800323
0.0832552
0.0862996
0.0890594
0.0914174
0.0932573
0.094491
0.0951157
0.0952525
0.0949763
0.0941627
0.0354923
0.0353575
0.0353635
0.0354854
0.0357113
0.0360445
0.0364883
0.0370454
0.0377196
0.038515
0.0394368
0.0404905
0.0416826
0.0430203
0.0445111
0.046163
0.0479844
0.0499837
0.0521692
0.054549
0.05713
0.0599179
0.0629157
0.0661233
0.0695355
0.0731404
0.0769173
0.080834
0.0848435
0.0888813
0.0928616
0.0966748
0.100187
0.103244
0.105684
0.107373
0.108282
0.108545
0.108242
0.10721
0.0368374
0.0366896
0.0366966
0.036831
0.0370798
0.0374466
0.037935
0.0385485
0.0392911
0.0401678
0.0411844
0.0423477
0.043665
0.0451448
0.0467962
0.0486291
0.0506538
0.0528811
0.055322
0.0579877
0.0608886
0.0640343
0.0674323
0.0710872
0.0749987
0.0791597
0.083554
0.0881525
0.0929092
0.0977566
0.102599
0.10731
0.111723
0.115638
0.118834
0.121111
0.122394
0.122828
0.122503
0.121197
0.0380643
0.0379044
0.0379123
0.0380583
0.0383281
0.0387259
0.0392555
0.0399208
0.0407265
0.0416783
0.0427828
0.0440475
0.0454812
0.0470935
0.0488951
0.0508977
0.0531139
0.055557
0.0582411
0.0611807
0.0643906
0.067885
0.071677
0.0757773
0.0801925
0.0849232
0.0899609
0.0952839
0.100852
0.1066
0.112427
0.118191
0.123695
0.128685
0.13286
0.135923
0.137727
0.138418
0.13809
0.136432
0.0391631
0.0389922
0.0390009
0.0391573
0.0394462
0.0398719
0.0404388
0.041151
0.0420139
0.0430337
0.0442178
0.0455749
0.0471147
0.0488482
0.0507876
0.0529465
0.0553397
0.0579833
0.0608946
0.064092
0.0675949
0.0714231
0.0755961
0.0801325
0.0850479
0.0903536
0.0960527
0.102136
0.108577
0.115319
0.122267
0.12927
0.136105
0.142459
0.147932
0.152086
0.154651
0.155758
0.155492
0.15337
0.0401247
0.0399439
0.0399533
0.0401191
0.0404248
0.0408752
0.041475
0.0422286
0.0431419
0.0442219
0.0454767
0.0469159
0.0485501
0.0503918
0.0524546
0.054754
0.057307
0.0601324
0.063251
0.0666852
0.0704594
0.0745994
0.0791323
0.0840856
0.0894864
0.0953594
0.101724
0.108591
0.115954
0.123778
0.131987
0.140439
0.148897
0.156997
0.164222
0.169941
0.173681
0.175516
0.175479
0.172745
0.0409408
0.0407517
0.0407619
0.0409356
0.0412558
0.0417273
0.0423552
0.0431443
0.0441008
0.0452324
0.0465479
0.0480576
0.0497733
0.0517085
0.0538784
0.0563001
0.0589928
0.061978
0.0652797
0.0689245
0.0729417
0.0773636
0.0822253
0.0875644
0.0934209
0.0998362
0.106851
0.1145
0.12281
0.131782
0.14138
0.151498
0.161919
0.172253
0.181871
0.189897
0.195538
0.198727
0.199359
0.195871
0.041604
0.0414086
0.0414198
0.0416002
0.0419322
0.0424209
0.0430717
0.0438898
0.0448817
0.0460556
0.047421
0.0489888
0.0507718
0.0527844
0.0550431
0.0575666
0.0603761
0.0634955
0.0669518
0.0707755
0.0750008
0.0796661
0.0848144
0.0904941
0.096759
0.103669
0.111288
0.119685
0.128926
0.139067
0.15014
0.162114
0.174851
0.188005
0.200891
0.212377
0.221199
0.22702
0.2295
0.225368
0.0421073
0.041909
0.0419216
0.0421073
0.0424482
0.0429498
0.043618
0.0444582
0.0454772
0.0466836
0.0480873
0.0496999
0.0515348
0.0536073
0.055935
0.0585378
0.0614386
0.0646634
0.0682418
0.0722075
0.0765991
0.0814603
0.0868419
0.0928018
0.0994076
0.106737
0.114881
0.123942
0.134038
0.145294
0.157838
0.171771
0.187116
0.203706
0.220977
0.237667
0.251998
0.263171
0.270473
0.267088
0.0424444
0.04225
0.0422653
0.0424544
0.0428009
0.043311
0.0439907
0.0448458
0.0458833
0.0471119
0.048542
0.0501854
0.0520562
0.0541703
0.0565459
0.0592041
0.0621688
0.0654678
0.0691325
0.0731993
0.0777097
0.0827122
0.0882632
0.0944292
0.101289
0.108937
0.117486
0.127075
0.137871
0.15008
0.163949
0.179762
0.197814
0.218324
0.241212
0.265606
0.28959
0.311836
0.330995
0.33466
0.042611
0.0424323
0.0424519
0.042642
0.0429904
0.0435041
0.0441893
0.0450519
0.0460991
0.0473395
0.0487838
0.050444
0.0523343
0.0544711
0.0568731
0.0595619
0.0625623
0.0659028
0.0696161
0.0737401
0.0783183
0.083402
0.0890515
0.0953385
0.102349
0.11019
0.11899
0.128915
0.140174
0.153045
0.167893
0.185212
0.205653
0.23005
0.25935
0.294129
0.333701
0.376997
0.423639
0.458579
0.0426051
0.0424482
0.0424664
0.04265
0.0429942
0.0435054
0.0441891
0.0450509
0.0460977
0.0473382
0.0487827
0.0504435
0.0523348
0.0544728
0.0568766
0.0595677
0.0625712
0.0659158
0.0696343
0.0737647
0.0783513
0.0834457
0.0891092
0.0954148
0.102451
0.110326
0.119176
0.129174
0.140547
0.153605
0.168781
0.186709
0.208342
0.235179
0.269613
0.315084
0.375271
0.454921
0.566448
0.721112
0.0424458
0.0422877
0.0422795
0.0424402
0.0427705
0.0432715
0.0439454
0.0447964
0.0458308
0.047057
0.0484851
0.050127
0.0519966
0.0541102
0.0564861
0.0591456
0.0621132
0.0654167
0.0690882
0.0731645
0.0776882
0.0827092
0.0882858
0.0944875
0.101398
0.109117
0.11777
0.127515
0.138554
0.151159
0.165712
0.182789
0.203343
0.229168
0.263974
0.315048
0.395174
0.535301
0.825785
1.29976
)
;

boundaryField
{
    frontAndBack
    {
        type            empty;
    }
    fixedWalls
    {
        type            zeroGradient;
    }
    movingWall
    {
        type            zeroGradient;
    }
}


// ************************************************************************* //
