/*--------------------------------*- C++ -*----------------------------------*\
  =========                 |
  \\      /  F ield         | OpenFOAM: The Open Source CFD Toolbox
   \\    /   O peration     | Website:  https://openfoam.org
    \\  /    A nd           | Version:  10
     \\/     M anipulation  |
\*---------------------------------------------------------------------------*/
FoamFile
{
    format      ascii;
    class       surfaceScalarField;
    location    "0.1";
    object      phi;
}
// * * * * * * * * * * * * * * * * * * * * * * * * * * * * * * * * * * * * * //

dimensions      [0 3 -1 0 0 0 0];

internalField   nonuniform List<scalar> 
3120
(
2.01132e-07
-2.01138e-07
8.69106e-07
-6.67974e-07
1.75636e-06
-8.87254e-07
2.72278e-06
-9.66418e-07
3.72357e-06
-1.0008e-06
4.75252e-06
-1.02894e-06
5.81491e-06
-1.06239e-06
6.91888e-06
-1.10397e-06
8.07317e-06
-1.1543e-06
9.28694e-06
-1.21377e-06
1.05699e-05
-1.28292e-06
1.19324e-05
-1.36251e-06
1.33859e-05
-1.45351e-06
1.4943e-05
-1.55711e-06
1.66178e-05
-1.67477e-06
1.84261e-05
-1.80831e-06
2.03861e-05
-1.95998e-06
2.25187e-05
-2.1326e-06
2.48484e-05
-2.32974e-06
2.74044e-05
-2.55596e-06
3.02215e-05
-2.81709e-06
3.33422e-05
-3.12074e-06
3.68191e-05
-3.47694e-06
4.07184e-05
-3.89928e-06
4.51248e-05
-4.40639e-06
5.01493e-05
-5.02451e-06
5.59408e-05
-5.79143e-06
6.27041e-05
-6.76333e-06
7.07311e-05
-8.02697e-06
8.04538e-05
-9.72276e-06
9.25441e-05
-1.20902e-05
0.000108104
-1.55604e-05
0.000129048
-2.09432e-05
0.000158836
-2.97888e-05
0.000203786
-4.49498e-05
0.00027461
-7.08242e-05
0.000385465
-0.000110855
0.000540826
-0.00015536
0.000633938
-9.31121e-05
0.000633938
6.54837e-07
-8.55975e-07
2.06976e-06
-2.08289e-06
3.84632e-06
-2.66381e-06
5.77995e-06
-2.90005e-06
7.79489e-06
-3.01574e-06
9.87558e-06
-3.10963e-06
1.20288e-05
-3.21559e-06
1.42685e-05
-3.34366e-06
1.66112e-05
-3.497e-06
1.90748e-05
-3.67738e-06
2.16786e-05
-3.8867e-06
2.44434e-05
-4.1273e-06
2.73919e-05
-4.4021e-06
3.05495e-05
-4.71469e-06
3.39442e-05
-5.0695e-06
3.76079e-05
-5.47194e-06
4.15766e-05
-5.92872e-06
4.58922e-05
-6.44822e-06
5.06035e-05
-7.04096e-06
5.57678e-05
-7.72032e-06
6.14542e-05
-8.50345e-06
6.77461e-05
-9.41266e-06
7.47465e-05
-1.04774e-05
8.25842e-05
-1.17369e-05
9.14229e-05
-1.32451e-05
0.000101475
-1.50766e-05
0.000113021
-1.73377e-05
0.000126441
-2.01833e-05
0.00014226
-2.38461e-05
0.000161224
-2.86868e-05
0.000184419
-3.52845e-05
0.000213456
-4.45978e-05
0.000250751
-5.82387e-05
0.000299819
-7.88568e-05
0.000365167
-0.000110298
0.000450097
-0.000155753
0.000546753
-0.000207511
0.000601925
-0.000210532
0.000475049
3.37634e-05
0.00110899
8.71047e-07
-1.72702e-06
2.61598e-06
-3.82783e-06
4.76015e-06
-4.80797e-06
7.08215e-06
-5.22205e-06
9.50183e-06
-5.43542e-06
1.20028e-05
-5.61062e-06
1.45928e-05
-5.80554e-06
1.72876e-05
-6.03853e-06
2.01066e-05
-6.31596e-06
2.30707e-05
-6.64146e-06
2.62026e-05
-7.01861e-06
2.9527e-05
-7.4517e-06
3.30708e-05
-7.94591e-06
3.68637e-05
-8.50763e-06
4.09388e-05
-9.14462e-06
4.53333e-05
-9.86642e-06
5.00894e-05
-1.06848e-05
5.52553e-05
-1.16142e-05
6.08874e-05
-1.2673e-05
6.70514e-05
-1.38843e-05
7.38253e-05
-1.52774e-05
8.13032e-05
-1.68905e-05
8.95991e-05
-1.87733e-05
9.88542e-05
-2.0992e-05
0.000109245
-2.36355e-05
0.000120994
-2.68259e-05
0.00013439
-3.07334e-05
0.000149806
-3.56001e-05
0.000167738
-4.17781e-05
0.000188842
-4.97903e-05
0.000213988
-6.04302e-05
0.000244306
-7.49164e-05
0.000281168
-9.51006e-05
0.000325895
-0.000123584
0.000378586
-0.000162989
0.000434442
-0.000211609
0.0004743
-0.000247369
0.000447306
-0.000183538
0.000266782
0.000214287
0.00137577
9.28295e-07
-2.65532e-06
2.77844e-06
-5.67798e-06
5.03443e-06
-7.06396e-06
7.46765e-06
-7.65526e-06
9.99965e-06
-7.96742e-06
1.26159e-05
-8.22689e-06
1.53252e-05
-8.51479e-06
1.8144e-05
-8.85734e-06
2.1092e-05
-9.26401e-06
2.41909e-05
-9.7403e-06
2.74638e-05
-1.02915e-05
3.09359e-05
-1.09238e-05
3.46347e-05
-1.16447e-05
3.85902e-05
-1.24632e-05
4.28358e-05
-1.33902e-05
4.74087e-05
-1.44393e-05
5.23507e-05
-1.56268e-05
5.77095e-05
-1.6973e-05
6.35397e-05
-1.85032e-05
6.99046e-05
-2.02491e-05
7.68782e-05
-2.2251e-05
8.45479e-05
-2.45602e-05
9.30181e-05
-2.72435e-05
0.000102414
-3.03881e-05
0.000112889
-3.41099e-05
0.000124627
-3.85647e-05
0.000137859
-4.39649e-05
0.000152863
-5.06039e-05
0.000169978
-5.88937e-05
0.000189607
-6.94192e-05
0.000212196
-8.30191e-05
0.00023817
-0.00010089
0.000267739
-0.000124669
0.000300396
-0.000156241
0.000333658
-0.000196251
0.00036013
-0.000238081
0.000361824
-0.000249064
0.000304722
-0.000126436
0.0001577
0.000361309
0.00153347
9.25303e-07
-3.58062e-06
2.77762e-06
-7.5303e-06
5.03202e-06
-9.31837e-06
7.45856e-06
-1.00818e-05
9.98068e-06
-1.04895e-05
1.25853e-05
-1.08315e-05
1.52816e-05
-1.12111e-05
1.8086e-05
-1.16618e-05
2.10179e-05
-1.21959e-05
2.40983e-05
-1.28207e-05
2.73497e-05
-1.35429e-05
3.07964e-05
-1.43705e-05
3.44646e-05
-1.5313e-05
3.83831e-05
-1.63817e-05
4.25833e-05
-1.75904e-05
4.70999e-05
-1.89559e-05
5.19716e-05
-2.04985e-05
5.72417e-05
-2.22431e-05
6.29593e-05
-2.42207e-05
6.91798e-05
-2.64697e-05
7.59671e-05
-2.90383e-05
8.33943e-05
-3.19875e-05
9.15461e-05
-3.53952e-05
0.00010052
-3.93622e-05
0.00011043
-4.40196e-05
0.000121405
-4.95398e-05
0.000133592
-5.61519e-05
0.000147151
-6.41629e-05
0.000162244
-7.39867e-05
0.00017901
-8.61853e-05
0.000197509
-0.000101518
0.000217606
-0.000120987
0.000238743
-0.000145807
0.00025947
-0.000176968
0.000276496
-0.000213277
0.000282858
-0.000244442
0.000265268
-0.000231473
0.000204664
-6.58322e-05
9.55007e-05
0.000470473
0.00162897
9.01307e-07
-4.48192e-06
2.71192e-06
-9.34091e-06
4.91516e-06
-1.15216e-05
7.28449e-06
-1.24511e-05
9.7453e-06
-1.29504e-05
1.22852e-05
-1.33714e-05
1.49133e-05
-1.38392e-05
1.76456e-05
-1.43941e-05
2.05006e-05
-1.50509e-05
2.34982e-05
-1.58183e-05
2.66597e-05
-1.67044e-05
3.00079e-05
-1.77187e-05
3.35672e-05
-1.88723e-05
3.7364e-05
-2.01784e-05
4.14267e-05
-2.16532e-05
4.57867e-05
-2.33158e-05
5.04779e-05
-2.51897e-05
5.5538e-05
-2.73032e-05
6.10083e-05
-2.96911e-05
6.69346e-05
-3.23961e-05
7.33677e-05
-3.54713e-05
8.03634e-05
-3.89832e-05
8.79832e-05
-4.30151e-05
9.62939e-05
-4.76729e-05
0.000105366
-5.30916e-05
0.000115271
-5.94449e-05
0.000126076
-6.69564e-05
0.000137829
-7.59161e-05
0.000150542
-8.66996e-05
0.000164148
-9.97915e-05
0.000178437
-0.000115807
0.000192941
-0.000135491
0.000206735
-0.0001596
0.000218096
-0.000188328
0.000223898
-0.00021908
0.000218641
-0.000239185
0.000193542
-0.000206374
0.000139055
-1.13456e-05
5.92174e-05
0.000550311
0.00168819
8.68175e-07
-5.3501e-06
2.61546e-06
-1.10882e-05
4.74186e-06
-1.3648e-05
7.02758e-06
-1.47368e-05
9.40034e-06
-1.53231e-05
1.18481e-05
-1.58192e-05
1.43797e-05
-1.63707e-05
1.70102e-05
-1.70245e-05
1.9757e-05
-1.77977e-05
2.26387e-05
-1.87001e-05
2.56753e-05
-1.9741e-05
2.88874e-05
-2.09308e-05
3.22973e-05
-2.22822e-05
3.59287e-05
-2.38098e-05
3.98068e-05
-2.55313e-05
4.39587e-05
-2.74677e-05
4.84133e-05
-2.96443e-05
5.32017e-05
-3.20916e-05
5.83571e-05
-3.48464e-05
6.39147e-05
-3.79536e-05
6.99115e-05
-4.14682e-05
7.6386e-05
-4.54576e-05
8.33765e-05
-5.00056e-05
9.09198e-05
-5.52161e-05
9.90469e-05
-6.12188e-05
0.000107778
-6.81759e-05
0.000117112
-7.62902e-05
0.000127011
-8.58152e-05
0.000137376
-9.70648e-05
0.000148007
-0.000110423
0.000158544
-0.000126344
0.000168369
-0.000145317
0.000176474
-0.000167705
0.000181237
-0.000193092
0.000180096
-0.000217939
0.000169097
-0.000228186
0.000142822
-0.000180099
9.70351e-05
3.44414e-05
3.84271e-05
0.000608919
0.00172661
8.29043e-07
-6.17914e-06
2.49871e-06
-1.27579e-05
4.53069e-06
-1.568e-05
6.71432e-06
-1.69205e-05
8.98021e-06
-1.7589e-05
1.13167e-05
-1.81557e-05
1.37319e-05
-1.87859e-05
1.62399e-05
-1.95325e-05
1.88569e-05
-2.04147e-05
2.16001e-05
-2.14433e-05
2.44876e-05
-2.26284e-05
2.75381e-05
-2.39814e-05
3.07715e-05
-2.55156e-05
3.42085e-05
-2.72468e-05
3.78709e-05
-2.91937e-05
4.17814e-05
-3.13782e-05
4.59637e-05
-3.38267e-05
5.04424e-05
-3.65703e-05
5.52424e-05
-3.96464e-05
6.03885e-05
-4.30998e-05
6.59051e-05
-4.69847e-05
7.18138e-05
-5.13664e-05
7.81325e-05
-5.63243e-05
8.48716e-05
-6.19551e-05
9.20291e-05
-6.83763e-05
9.95839e-05
-7.57307e-05
0.000107484
-8.41909e-05
0.000115633
-9.39639e-05
0.000123863
-0.000105294
0.000131902
-0.000118462
0.00013933
-0.000133772
0.00014551
-0.000151497
0.000149505
-0.0001717
0.000149958
-0.000193544
0.000144933
-0.000212915
0.000131756
-0.000215008
0.000107248
-0.000155592
6.99011e-05
7.17884e-05
2.6337e-05
0.000652483
0.00175295
7.8464e-07
-6.96379e-06
2.36492e-06
-1.43381e-05
4.28789e-06
-1.7603e-05
6.35388e-06
-1.89865e-05
8.49696e-06
-1.97321e-05
1.07059e-05
-2.03646e-05
1.29879e-05
-2.10679e-05
1.53562e-05
-2.19008e-05
1.78255e-05
-2.2884e-05
2.04114e-05
-2.40292e-05
2.31302e-05
-2.53472e-05
2.59986e-05
-2.68497e-05
2.90338e-05
-2.85509e-05
3.22539e-05
-3.04668e-05
3.56769e-05
-3.26167e-05
3.93215e-05
-3.50228e-05
4.32062e-05
-3.77114e-05
4.73493e-05
-4.07134e-05
5.17681e-05
-4.40652e-05
5.64782e-05
-4.78099e-05
6.1492e-05
-5.19985e-05
6.68173e-05
-5.66917e-05
7.24544e-05
-6.19615e-05
7.83926e-05
-6.78933e-05
8.46047e-05
-7.45884e-05
9.104e-05
-8.21659e-05
9.76132e-05
-9.07641e-05
0.000104191
-0.000100542
0.000110572
-0.000111675
0.000116462
-0.000124352
0.00012144
-0.00013875
0.000124921
-0.000154978
0.000126108
-0.000172887
0.000123941
-0.000191377
0.000117035
-0.000206008
0.00010365
-0.000201624
8.19985e-05
-0.00013394
5.18703e-05
0.000101917
1.89394e-05
0.000685414
0.00177189
7.35225e-07
-7.69901e-06
2.21552e-06
-1.58184e-05
4.01643e-06
-1.94039e-05
5.95081e-06
-2.09208e-05
7.95674e-06
-2.1738e-05
1.00234e-05
-2.24313e-05
1.21574e-05
-2.32019e-05
1.43706e-05
-2.4114e-05
1.66763e-05
-2.51897e-05
1.90885e-05
-2.64415e-05
2.16217e-05
-2.78803e-05
2.42904e-05
-2.95185e-05
2.71097e-05
-3.13701e-05
3.00944e-05
-3.34515e-05
3.32595e-05
-3.57818e-05
3.66195e-05
-3.83829e-05
4.01885e-05
-4.12803e-05
4.39788e-05
-4.45038e-05
4.80013e-05
-4.80876e-05
5.22632e-05
-5.20718e-05
5.67675e-05
-5.65028e-05
6.15105e-05
-6.14346e-05
6.64789e-05
-6.69299e-05
7.16464e-05
-7.30608e-05
7.69683e-05
-7.99104e-05
8.23749e-05
-8.75725e-05
8.77623e-05
-9.61516e-05
9.2981e-05
-0.00010576
9.78213e-05
-0.000116516
0.000101995
-0.000128526
0.000105119
-0.000141873
0.000106688
-0.000156547
0.000106065
-0.000172263
0.000102457
-0.000187769
9.49074e-05
-0.000198459
8.23165e-05
-0.000189033
6.37161e-05
-0.000115339
3.94581e-05
0.000126175
1.41328e-05
0.000710739
0.00178602
6.8107e-07
-8.38008e-06
2.05166e-06
-1.7189e-05
3.71865e-06
-2.10709e-05
5.50872e-06
-2.27109e-05
7.36442e-06
-2.35937e-05
9.27554e-06
-2.43424e-05
1.12479e-05
-2.51743e-05
1.32921e-05
-2.61582e-05
1.54201e-05
-2.73177e-05
1.76443e-05
-2.86657e-05
1.99773e-05
-3.02133e-05
2.24316e-05
-3.19728e-05
2.50198e-05
-3.39583e-05
2.77543e-05
-3.6186e-05
3.0647e-05
-3.86745e-05
3.37089e-05
-4.14448e-05
3.69497e-05
-4.45212e-05
4.03773e-05
-4.79314e-05
4.39965e-05
-5.17069e-05
4.78084e-05
-5.58837e-05
5.18082e-05
-6.05026e-05
5.59836e-05
-6.561e-05
6.03119e-05
-7.12581e-05
6.47563e-05
-7.75053e-05
6.92618e-05
-8.44158e-05
7.37486e-05
-9.20594e-05
7.81059e-05
-0.000100509
8.21822e-05
-0.000109837
8.57763e-05
-0.00012011
8.86257e-05
-0.000131376
9.03969e-05
-0.000143644
9.06777e-05
-0.000156828
8.89744e-05
-0.00017056
8.47142e-05
-0.000183509
7.72527e-05
-0.000190997
6.59077e-05
-0.000177688
5.01785e-05
-9.96103e-05
3.0609e-05
0.000145744
1.08363e-05
0.000730512
0.00179686
6.22519e-07
-9.0026e-06
1.87454e-06
-1.8441e-05
3.39682e-06
-2.25932e-05
5.03108e-06
-2.43452e-05
6.72474e-06
-2.52874e-05
8.46834e-06
-2.6086e-05
1.02669e-05
-2.69729e-05
1.21299e-05
-2.80212e-05
1.40678e-05
-2.92556e-05
1.60914e-05
-3.06892e-05
1.82114e-05
-3.23333e-05
2.04388e-05
-3.42001e-05
2.27838e-05
-3.63033e-05
2.52564e-05
-3.86587e-05
2.78659e-05
-4.12839e-05
3.06201e-05
-4.4199e-05
3.35255e-05
-4.74265e-05
3.65858e-05
-5.09917e-05
3.98017e-05
-5.49227e-05
4.3169e-05
-5.9251e-05
4.66779e-05
-6.40115e-05
5.03101e-05
-6.92423e-05
5.4037e-05
-7.4985e-05
5.78162e-05
-8.12844e-05
6.15877e-05
-8.81874e-05
6.52695e-05
-9.57412e-05
6.87519e-05
-0.000103991
7.18916e-05
-0.000112976
7.45053e-05
-0.000122723
7.63644e-05
-0.000133235
7.71908e-05
-0.000144471
7.66574e-05
-0.000156295
7.43931e-05
-0.000168296
6.99929e-05
-0.000179109
6.30301e-05
-0.000184034
5.30869e-05
-0.000167745
3.99196e-05
-8.6443e-05
2.40925e-05
0.000161571
8.46967e-06
0.000746135
0.00180533
5.5997e-07
-9.56257e-06
1.68541e-06
-1.95665e-05
3.05331e-06
-2.39611e-05
4.52144e-06
-2.58133e-05
6.04251e-06
-2.68084e-05
7.6079e-06
-2.76514e-05
9.22197e-06
-2.8587e-05
1.08929e-05
-2.96921e-05
1.26298e-05
-3.09925e-05
1.44419e-05
-3.25014e-05
1.63385e-05
-3.423e-05
1.83286e-05
-3.61901e-05
2.04205e-05
-3.83953e-05
2.26223e-05
-4.08605e-05
2.49408e-05
-4.36024e-05
2.73814e-05
-4.66397e-05
2.99478e-05
-4.99929e-05
3.26409e-05
-5.36847e-05
3.5458e-05
-5.77398e-05
3.83919e-05
-6.21849e-05
4.1429e-05
-6.70486e-05
4.45481e-05
-7.23613e-05
4.77176e-05
-7.81546e-05
5.08934e-05
-8.44603e-05
5.40155e-05
-9.13095e-05
5.70045e-05
-9.87302e-05
5.97579e-05
-0.000106745
6.2146e-05
-0.000115365
6.40089e-05
-0.000124586
6.51537e-05
-0.00013438
6.53555e-05
-0.000144672
6.43606e-05
-0.0001553
6.18956e-05
-0.000165831
5.76785e-05
-0.000174892
5.143e-05
-0.000177786
4.28949e-05
-0.00015921
3.19642e-05
-7.55123e-05
1.91491e-05
0.000174386
6.7042e-06
0.00075858
0.00181203
4.93846e-07
-1.00564e-05
1.48559e-06
-2.05582e-05
2.69053e-06
-2.5166e-05
3.98341e-06
-2.71062e-05
5.32259e-06
-2.81476e-05
6.70039e-06
-2.90292e-05
8.12053e-06
-3.00071e-05
9.58999e-06
-3.11615e-05
1.11166e-05
-3.25191e-05
1.27081e-05
-3.40929e-05
1.43724e-05
-3.58942e-05
1.61167e-05
-3.79345e-05
1.79479e-05
-4.02265e-05
1.98721e-05
-4.27847e-05
2.18943e-05
-4.56246e-05
2.40182e-05
-4.87635e-05
2.62451e-05
-5.22199e-05
2.85741e-05
-5.60137e-05
3.10005e-05
-6.01662e-05
3.3515e-05
-6.46995e-05
3.61028e-05
-6.96364e-05
3.87413e-05
-7.49998e-05
4.1399e-05
-8.08123e-05
4.4033e-05
-8.70943e-05
4.65866e-05
-9.38631e-05
4.89868e-05
-0.00010113
5.1142e-05
-0.0001089
5.29392e-05
-0.000117162
5.42432e-05
-0.00012589
5.48958e-05
-0.000135032
5.4719e-05
-0.000144495
5.35198e-05
-0.000154101
5.10997e-05
-0.000163411
4.72643e-05
-0.000171057
4.1831e-05
-0.000172353
3.4642e-05
-0.000152021
2.56528e-05
-6.65232e-05
1.52951e-05
0.000184744
5.34371e-06
0.000768531
0.00181738
4.24589e-07
-1.0481e-05
1.27643e-06
-2.14101e-05
2.31092e-06
-2.62005e-05
3.42063e-06
-2.82159e-05
4.56986e-06
-2.92969e-05
5.75198e-06
-3.02113e-05
6.9701e-06
-3.12252e-05
8.23011e-06
-3.24215e-05
9.53851e-06
-3.38275e-05
1.09019e-05
-3.54563e-05
1.23265e-05
-3.73188e-05
1.38183e-05
-3.94263e-05
1.53828e-05
-4.1791e-05
1.70246e-05
-4.44265e-05
1.87473e-05
-4.73473e-05
2.0553e-05
-5.05692e-05
2.2442e-05
-5.41089e-05
2.44119e-05
-5.79837e-05
2.64573e-05
-6.22115e-05
2.85683e-05
-6.68104e-05
3.07298e-05
-7.17979e-05
3.29204e-05
-7.71904e-05
3.51102e-05
-8.30022e-05
3.72601e-05
-8.92441e-05
3.93191e-05
-9.59221e-05
4.12232e-05
-0.000103035
4.28934e-05
-0.00011057
4.42349e-05
-0.000118503
4.51364e-05
-0.000126792
4.54715e-05
-0.000135367
4.51021e-05
-0.000144126
4.38838e-05
-0.000152882
4.16737e-05
-0.000161201
3.83383e-05
-0.000167721
3.37568e-05
-0.000167771
2.78273e-05
-0.000146091
2.05305e-05
-5.92264e-05
1.22116e-05
0.000193063
4.26483e-06
0.000776478
0.00182164
3.52645e-07
-1.08337e-05
1.05927e-06
-2.21167e-05
1.91696e-06
-2.70582e-05
2.83676e-06
-2.91357e-05
3.7892e-06
-3.02493e-05
4.76879e-06
-3.11909e-05
5.7781e-06
-3.22346e-05
6.82195e-06
-3.34654e-05
7.90564e-06
-3.49112e-05
9.03449e-06
-3.65851e-05
1.02136e-05
-3.84979e-05
1.14476e-05
-4.06603e-05
1.27409e-05
-4.30843e-05
1.40968e-05
-4.57824e-05
1.5518e-05
-4.87685e-05
1.70057e-05
-5.20569e-05
1.85594e-05
-5.56625e-05
2.01763e-05
-5.96006e-05
2.18509e-05
-6.38861e-05
2.35738e-05
-6.85334e-05
2.53314e-05
-7.35555e-05
2.71043e-05
-7.89633e-05
2.88664e-05
-8.47643e-05
3.05837e-05
-9.09614e-05
3.22129e-05
-9.75512e-05
3.37001e-05
-0.000104522
3.49804e-05
-0.00011185
3.59765e-05
-0.000119499
3.66001e-05
-0.000127415
3.67527e-05
-0.00013552
3.63294e-05
-0.000143703
3.52236e-05
-0.000151777
3.33332e-05
-0.00015931
3.05662e-05
-0.000164954
2.684e-05
-0.000164045
2.20819e-05
-0.000141333
1.62754e-05
-5.34198e-05
9.6816e-06
0.000199657
3.38619e-06
0.000782773
0.00182503
2.78466e-07
-1.11121e-05
8.35485e-07
-2.26737e-05
1.5111e-06
-2.77338e-05
2.23544e-06
-2.986e-05
2.98545e-06
-3.09993e-05
3.7569e-06
-3.19623e-05
4.55184e-06
-3.30295e-05
5.37406e-06
-3.42876e-05
6.22775e-06
-3.57648e-05
7.11705e-06
-3.74744e-05
8.04592e-06
-3.94268e-05
9.01805e-06
-4.16325e-05
1.00367e-05
-4.41029e-05
1.11044e-05
-4.68502e-05
1.22231e-05
-4.98872e-05
1.33934e-05
-5.32273e-05
1.46148e-05
-5.68839e-05
1.58847e-05
-6.08705e-05
1.71981e-05
-6.51995e-05
1.85473e-05
-6.98826e-05
1.99208e-05
-7.4929e-05
2.13026e-05
-8.03451e-05
2.26715e-05
-8.61332e-05
2.4e-05
-9.22899e-05
2.52534e-05
-9.88046e-05
2.63891e-05
-0.000105658
2.7356e-05
-0.000112817
2.80945e-05
-0.000120238
2.85369e-05
-0.000127858
2.86092e-05
-0.000135592
2.82337e-05
-0.000143327
2.73333e-05
-0.000150876
2.58355e-05
-0.000157812
2.36755e-05
-0.000162794
2.07932e-05
-0.000161163
1.71286e-05
-0.000137668
1.26545e-05
-4.89457e-05
7.55209e-06
0.000204759
2.65171e-06
0.000787674
0.00182768
2.02498e-07
-1.13146e-05
6.06419e-07
-2.30776e-05
1.09579e-06
-2.82232e-05
1.62029e-06
-3.03845e-05
2.16344e-06
-3.15424e-05
2.72231e-06
-3.25212e-05
3.29849e-06
-3.36057e-05
3.8948e-06
-3.48839e-05
4.51434e-06
-3.63844e-05
5.16017e-06
-3.81203e-05
5.83524e-06
-4.01018e-05
6.54228e-06
-4.23395e-05
7.28372e-06
-4.48443e-05
8.06152e-06
-4.7628e-05
8.87709e-06
-5.07027e-05
9.731e-06
-5.40812e-05
1.06228e-05
-5.77757e-05
1.15507e-05
-6.17984e-05
1.25112e-05
-6.616e-05
1.34984e-05
-7.08698e-05
1.45041e-05
-7.59346e-05
1.55165e-05
-8.13575e-05
1.652e-05
-8.71368e-05
1.74947e-05
-9.32646e-05
1.84151e-05
-9.97251e-05
1.92503e-05
-0.000106493
1.99633e-05
-0.00011353
2.0511e-05
-0.000120786
2.08448e-05
-0.000128191
2.09121e-05
-0.00013566
2.06579e-05
-0.000143073
2.00279e-05
-0.000150246
1.89712e-05
-0.000156756
1.74405e-05
-0.000161264
1.53874e-05
-0.000159109
1.27537e-05
-0.000135035
9.49322e-06
-4.56853e-05
5.71161e-06
0.000208541
2.02116e-06
0.000791364
0.0018297
1.25189e-07
-1.14398e-05
3.73423e-07
-2.33259e-05
6.73487e-07
-2.85232e-05
9.9491e-07
-3.0706e-05
1.32792e-06
-3.18755e-05
1.67096e-06
-3.28643e-05
2.02516e-06
-3.39599e-05
2.3924e-06
-3.52512e-05
2.77471e-06
-3.67667e-05
3.17416e-06
-3.85197e-05
3.59273e-06
-4.05204e-05
4.03233e-06
-4.27791e-05
4.49467e-06
-4.53066e-05
4.98125e-06
-4.81145e-05
5.49322e-06
-5.12147e-05
6.03128e-06
-5.46192e-05
6.59551e-06
-5.834e-05
7.1852e-06
-6.2388e-05
7.79857e-06
-6.67734e-05
8.43252e-06
-7.15038e-05
9.0823e-06
-7.65844e-05
9.74111e-06
-8.20163e-05
1.03997e-05
-8.77954e-05
1.1046e-05
-9.39109e-05
1.16646e-05
-0.000100344
1.22363e-05
-0.000107064
1.2738e-05
-0.000114032
1.31428e-05
-0.00012119
1.34198e-05
-0.000128469
1.35354e-05
-0.000135775
1.34538e-05
-0.000142992
1.31393e-05
-0.000149932
1.25566e-05
-0.000156173
1.16697e-05
-0.000160377
1.04343e-05
-0.000157874
8.78693e-06
-0.000133387
6.65683e-06
-4.35552e-05
4.07548e-06
0.000211122
1.46438e-06
0.000793975
0.00183116
4.69869e-08
-1.14868e-05
1.3785e-07
-2.34167e-05
2.46625e-07
-2.8632e-05
3.62897e-07
-3.08222e-05
4.83672e-07
-3.19962e-05
6.08765e-07
-3.29893e-05
7.38871e-07
-3.409e-05
8.74935e-07
-3.53872e-05
1.01798e-06
-3.69097e-05
1.16907e-06
-3.86708e-05
1.32928e-06
-4.06806e-05
1.49974e-06
-4.29496e-05
1.68155e-06
-4.54885e-05
1.87581e-06
-4.83088e-05
2.08355e-06
-5.14225e-05
2.30575e-06
-5.48414e-05
2.54323e-06
-5.85774e-05
2.79659e-06
-6.26414e-05
3.06613e-06
-6.70429e-05
3.35169e-06
-7.17894e-05
3.65254e-06
-7.68853e-05
3.96718e-06
-8.2331e-05
4.29313e-06
-8.81213e-05
4.62666e-06
-9.42444e-05
4.96254e-06
-0.000100679
5.29372e-06
-0.000107396
5.61112e-06
-0.000114349
5.90339e-06
-0.000121483
6.15673e-06
-0.000128722
6.35501e-06
-0.000135973
6.47994e-06
-0.000143116
6.51122e-06
-0.000149963
6.4259e-06
-0.000156088
6.19482e-06
-0.000160146
5.77338e-06
-0.000157453
5.08718e-06
-0.000132701
4.03577e-06
-4.25038e-05
2.57704e-06
0.000212581
9.5774e-07
0.000795594
0.00183212
-3.16532e-08
-1.14551e-05
-9.89349e-08
-2.33494e-05
-1.82335e-07
-2.85486e-05
-2.72141e-07
-3.07324e-05
-3.64555e-07
-3.19038e-05
-4.58388e-07
-3.28955e-05
-5.5338e-07
-3.3995e-05
-6.49517e-07
-3.52911e-05
-7.46804e-07
-3.68125e-05
-8.45166e-07
-3.85724e-05
-9.44409e-07
-4.05814e-05
-1.04419e-06
-4.28498e-05
-1.144e-06
-4.53886e-05
-1.24309e-06
-4.82097e-05
-1.3405e-06
-5.13251e-05
-1.43494e-06
-5.4747e-05
-1.52478e-06
-5.84876e-05
-1.60798e-06
-6.25582e-05
-1.68208e-06
-6.69688e-05
-1.7441e-06
-7.17273e-05
-1.79059e-06
-7.68388e-05
-1.81755e-06
-8.2304e-05
-1.82045e-06
-8.81184e-05
-1.79435e-06
-9.42705e-05
-1.73403e-06
-0.00010074
-1.63417e-06
-0.000107495
-1.48971e-06
-0.000114494
-1.29624e-06
-0.000121676
-1.05066e-06
-0.000128967
-7.51834e-07
-0.000136272
-4.01472e-07
-0.000143467
-5.42908e-09
-0.000150359
4.23848e-07
-0.000156517
8.62007e-07
-0.000160584
1.26062e-06
-0.000157851
1.52988e-06
-0.00013297
1.53496e-06
-4.25088e-05
1.15961e-06
0.000212956
4.81565e-07
0.000796272
0.0018326
-1.10268e-07
-1.13449e-05
-3.35553e-07
-2.31242e-05
-6.10916e-07
-2.82732e-05
-9.06574e-07
-3.04368e-05
-1.21197e-06
-3.15984e-05
-1.52457e-06
-3.25829e-05
-1.84455e-06
-3.3675e-05
-2.17287e-06
-3.49628e-05
-2.51057e-06
-3.64748e-05
-2.85858e-06
-3.82244e-05
-3.21763e-06
-4.02223e-05
-3.58819e-06
-4.24792e-05
-3.97036e-06
-4.50065e-05
-4.36382e-06
-4.78162e-05
-4.76769e-06
-5.09212e-05
-5.18042e-06
-5.43343e-05
-5.59961e-06
-5.80684e-05
-6.02187e-06
-6.21359e-05
-6.44257e-06
-6.65481e-05
-6.85567e-06
-7.13142e-05
-7.2535e-06
-7.64409e-05
-7.62653e-06
-8.1931e-05
-7.96318e-06
-8.77818e-05
-8.24968e-06
-9.3984e-05
-8.4701e-06
-0.000100519
-8.60646e-06
-0.000107359
-8.63908e-06
-0.000114461
-8.54726e-06
-0.000121768
-8.31031e-06
-0.000129204
-7.90911e-06
-0.000136674
-7.32807e-06
-0.000144048
-6.55804e-06
-0.000151129
-5.60064e-06
-0.000157474
-4.47624e-06
-0.000161708
-3.23848e-06
-0.000159089
-1.99616e-06
-0.000134213
-9.25139e-07
-4.35799e-05
-2.23567e-07
0.000212255
2.60927e-08
0.000796023
0.00183263
-1.88388e-07
-1.11565e-05
-5.70606e-07
-2.27419e-05
-1.03661e-06
-2.78072e-05
-1.53673e-06
-2.99366e-05
-2.05373e-06
-3.10814e-05
-2.58378e-06
-3.20529e-05
-3.12754e-06
-3.31312e-05
-3.68695e-06
-3.44033e-05
-4.26412e-06
-3.58976e-05
-4.86107e-06
-3.76275e-05
-5.47951e-06
-3.96039e-05
-6.12077e-06
-4.1838e-05
-6.78568e-06
-4.43416e-05
-7.47444e-06
-4.71275e-05
-8.1864e-06
-5.02092e-05
-8.91989e-06
-5.36008e-05
-9.67194e-06
-5.73164e-05
-1.0438e-05
-6.13699e-05
-1.12114e-05
-6.57747e-05
-1.19833e-05
-7.05423e-05
-1.27421e-05
-7.56821e-05
-1.34729e-05
-8.12002e-05
-1.4157e-05
-8.70976e-05
-1.4772e-05
-9.3369e-05
-1.5291e-05
-0.0001
-1.5683e-05
-0.000106967
-1.59129e-05
-0.000114231
-1.59428e-05
-0.000121738
-1.57329e-05
-0.000129414
-1.52441e-05
-0.000137162
-1.44414e-05
-0.000144851
-1.32983e-05
-0.000152272
-1.18035e-05
-0.000158969
-9.97202e-06
-0.00016354
-7.86336e-06
-0.000161198
-5.60904e-06
-0.000136467
-3.43321e-06
-4.57557e-05
-1.62674e-06
0.000210448
-4.4537e-07
0.000794841
0.00183218
-2.65534e-07
-1.0891e-05
-8.02671e-07
-2.22048e-05
-1.45688e-06
-2.7153e-05
-2.15889e-06
-2.92346e-05
-2.88493e-06
-3.03554e-05
-3.62993e-06
-3.13079e-05
-4.39509e-06
-3.23661e-05
-5.18338e-06
-3.36151e-05
-5.99805e-06
-3.50829e-05
-6.84225e-06
-3.67833e-05
-7.71878e-06
-3.87274e-05
-8.62996e-06
-4.09268e-05
-9.57751e-06
-4.3394e-05
-1.05623e-05
-4.61427e-05
-1.15842e-05
-4.91874e-05
-1.26415e-05
-5.25434e-05
-1.37312e-05
-5.62267e-05
-1.48477e-05
-6.02534e-05
-1.59829e-05
-6.46394e-05
-1.71256e-05
-6.93996e-05
-1.82604e-05
-7.45473e-05
-1.93676e-05
-8.00931e-05
-2.04219e-05
-8.60433e-05
-2.13922e-05
-9.23987e-05
-2.22407e-05
-9.91519e-05
-2.29228e-05
-0.000106285
-2.33876e-05
-0.000113766
-2.35779e-05
-0.000121548
-2.34327e-05
-0.00012956
-2.289e-05
-0.000137705
-2.18912e-05
-0.000145849
-2.0388e-05
-0.000153775
-1.83518e-05
-0.000161005
-1.57885e-05
-0.000166103
-1.27625e-05
-0.000164224
-9.43151e-06
-0.000139798
-6.07741e-06
-4.91098e-05
-3.09613e-06
0.000207467
-9.27123e-07
0.000792672
0.00183126
-3.41223e-07
-1.05497e-05
-1.03031e-06
-2.15157e-05
-1.86914e-06
-2.63142e-05
-2.76926e-06
-2.83345e-05
-3.70057e-06
-2.94241e-05
-4.65681e-06
-3.03516e-05
-5.63979e-06
-3.13831e-05
-6.65357e-06
-3.26013e-05
-7.70263e-06
-3.40338e-05
-8.79133e-06
-3.56946e-05
-9.92368e-06
-3.7595e-05
-1.11032e-05
-3.97473e-05
-1.23326e-05
-4.21646e-05
-1.36137e-05
-4.48616e-05
-1.49471e-05
-4.78539e-05
-1.63319e-05
-5.11587e-05
-1.77648e-05
-5.47938e-05
-1.92401e-05
-5.87781e-05
-2.07488e-05
-6.31307e-05
-2.22777e-05
-6.78707e-05
-2.38088e-05
-7.30163e-05
-2.53178e-05
-7.8584e-05
-2.67737e-05
-8.45875e-05
-2.8137e-05
-9.10354e-05
-2.93595e-05
-9.79295e-05
-3.03827e-05
-0.000105262
-3.11384e-05
-0.000113011
-3.15488e-05
-0.000121137
-3.15286e-05
-0.00012958
-3.09882e-05
-0.000138245
-2.98397e-05
-0.000146998
-2.80059e-05
-0.000155609
-2.54332e-05
-0.000163578
-2.21116e-05
-0.000169425
-1.8107e-05
-0.000168228
-1.36059e-05
-0.000144299
-8.95986e-06
-5.37558e-05
-4.69099e-06
0.000203198
-1.44874e-06
0.00078943
0.00182981
-4.14969e-07
-1.01348e-05
-1.25208e-06
-2.06786e-05
-2.27078e-06
-2.52955e-05
-3.36401e-06
-2.72413e-05
-4.49554e-06
-2.82925e-05
-5.65806e-06
-2.91891e-05
-6.85403e-06
-3.01871e-05
-8.08866e-06
-3.13666e-05
-9.36776e-06
-3.27547e-05
-1.0697e-05
-3.43653e-05
-1.20818e-05
-3.62103e-05
-1.35269e-05
-3.83022e-05
-1.50364e-05
-4.06551e-05
-1.66135e-05
-4.32845e-05
-1.82598e-05
-4.62077e-05
-1.99752e-05
-4.94433e-05
-2.17574e-05
-5.30116e-05
-2.36009e-05
-5.69346e-05
-2.54966e-05
-6.1235e-05
-2.74304e-05
-6.59369e-05
-2.93822e-05
-7.10644e-05
-3.13247e-05
-7.66415e-05
-3.32219e-05
-8.26903e-05
-3.50271e-05
-8.92302e-05
-3.66818e-05
-9.62748e-05
-3.8114e-05
-0.000103829
-3.92377e-05
-0.000111887
-3.99521e-05
-0.000120423
-4.0144e-05
-0.000129388
-3.96905e-05
-0.000138699
-3.84665e-05
-0.000148222
-3.63553e-05
-0.00015772
-3.32665e-05
-0.000166667
-2.91631e-05
-0.000173528
-2.41045e-05
-0.000173287
-1.83073e-05
-0.000150096
-1.22076e-05
-5.98555e-05
-6.48324e-06
0.000197474
-2.03246e-06
0.000784979
0.00182778
-4.86278e-07
-9.64848e-06
-1.46651e-06
-1.96984e-05
-2.65915e-06
-2.41029e-05
-3.93923e-06
-2.59612e-05
-5.26465e-06
-2.69671e-05
-6.62716e-06
-2.78266e-05
-8.02995e-06
-2.87843e-05
-9.47948e-06
-2.99171e-05
-1.09829e-05
-3.12513e-05
-1.25474e-05
-3.28008e-05
-1.41799e-05
-3.45778e-05
-1.58866e-05
-3.65954e-05
-1.76734e-05
-3.88683e-05
-1.95449e-05
-4.14131e-05
-2.15043e-05
-4.42483e-05
-2.35531e-05
-4.73944e-05
-2.56903e-05
-5.08744e-05
-2.79118e-05
-5.47131e-05
-3.0209e-05
-5.89378e-05
-3.25682e-05
-6.35777e-05
-3.49687e-05
-6.86639e-05
-3.73817e-05
-7.42286e-05
-3.97673e-05
-8.03047e-05
-4.20734e-05
-8.69241e-05
-4.42327e-05
-9.41155e-05
-4.61602e-05
-0.000101902
-4.77516e-05
-0.000110296
-4.88819e-05
-0.000119293
-4.94057e-05
-0.000128864
-4.91603e-05
-0.000138944
-4.79726e-05
-0.000149409
-4.56724e-05
-0.00016002
-4.2115e-05
-0.000170224
-3.72176e-05
-0.000178425
-3.10189e-05
-0.000179486
-2.37628e-05
-0.000157352
-1.59875e-05
-6.76309e-05
-8.56761e-06
0.000190054
-2.70912e-06
0.000779121
0.00182507
-5.54642e-07
-9.09384e-06
-1.6721e-06
-1.85809e-05
-3.03157e-06
-2.27434e-05
-4.49096e-06
-2.45018e-05
-6.00262e-06
-2.54555e-05
-7.55749e-06
-2.62717e-05
-9.15955e-06
-2.71823e-05
-1.08165e-05
-2.82601e-05
-1.25371e-05
-2.95307e-05
-1.43301e-05
-3.10079e-05
-1.6204e-05
-3.2704e-05
-1.81669e-05
-3.46325e-05
-2.02264e-05
-3.68088e-05
-2.23891e-05
-3.92503e-05
-2.46605e-05
-4.19769e-05
-2.7044e-05
-4.50109e-05
-2.9541e-05
-4.83775e-05
-3.21492e-05
-5.21049e-05
-3.48623e-05
-5.62247e-05
-3.76683e-05
-6.07718e-05
-4.05476e-05
-6.57846e-05
-4.34714e-05
-7.13048e-05
-4.63988e-05
-7.73772e-05
-4.92743e-05
-8.40486e-05
-5.20237e-05
-9.13661e-05
-5.45511e-05
-9.93745e-05
-5.67351e-05
-0.000108112
-5.84253e-05
-0.000117602
-5.94408e-05
-0.000127849
-5.95716e-05
-0.000138814
-5.8584e-05
-0.000150397
-5.62354e-05
-0.000162369
-5.23015e-05
-0.000174158
-4.66251e-05
-0.000184102
-3.91977e-05
-0.000186913
-3.02798e-05
-0.00016627
-2.05299e-05
-7.73807e-05
-1.10768e-05
0.000180601
-3.52208e-06
0.000771566
0.00182155
-6.19559e-07
-8.47428e-06
-1.86735e-06
-1.73331e-05
-3.38533e-06
-2.12254e-05
-5.01519e-06
-2.28719e-05
-6.7041e-06
-2.37666e-05
-8.44229e-06
-2.45335e-05
-1.02346e-05
-2.539e-05
-1.20902e-05
-2.64046e-05
-1.40192e-05
-2.76017e-05
-1.60321e-05
-2.8995e-05
-1.81393e-05
-3.05968e-05
-2.03509e-05
-3.24209e-05
-2.26767e-05
-3.4483e-05
-2.51256e-05
-3.68014e-05
-2.77056e-05
-3.93969e-05
-3.04231e-05
-4.22934e-05
-3.32823e-05
-4.55183e-05
-3.62843e-05
-4.91029e-05
-3.94262e-05
-5.30828e-05
-4.26992e-05
-5.74988e-05
-4.60872e-05
-6.23966e-05
-4.95639e-05
-6.7828e-05
-5.30904e-05
-7.38508e-05
-5.66106e-05
-8.05283e-05
-6.00477e-05
-8.79291e-05
-6.32979e-05
-9.61242e-05
-6.62253e-05
-0.000105184
-6.86555e-05
-0.000115172
-7.03703e-05
-0.000126134
-7.11054e-05
-0.000138078
-7.05527e-05
-0.00015095
-6.83732e-05
-0.000164548
-6.42282e-05
-0.000178303
-5.78417e-05
-0.000190488
-4.9113e-05
-0.000195642
-3.82908e-05
-0.000177093
-2.61693e-05
-8.95022e-05
-1.42066e-05
0.000168638
-4.53605e-06
0.000761896
0.00181701
-6.80538e-07
-7.79375e-06
-2.05079e-06
-1.59629e-05
-3.71777e-06
-1.95584e-05
-5.50796e-06
-2.10818e-05
-7.36374e-06
-2.19108e-05
-9.27478e-06
-2.26225e-05
-1.12468e-05
-2.34179e-05
-1.32904e-05
-2.4361e-05
-1.54173e-05
-2.54748e-05
-1.76399e-05
-2.67724e-05
-1.99703e-05
-2.82663e-05
-2.24211e-05
-2.99701e-05
-2.50043e-05
-3.18998e-05
-2.77316e-05
-3.40741e-05
-3.06142e-05
-3.65143e-05
-3.36618e-05
-3.92458e-05
-3.68826e-05
-4.22975e-05
-4.02821e-05
-4.57033e-05
-4.38623e-05
-4.95027e-05
-4.76196e-05
-5.37414e-05
-5.15437e-05
-5.84725e-05
-5.56142e-05
-6.37576e-05
-5.97974e-05
-6.96676e-05
-6.40418e-05
-7.62839e-05
-6.82725e-05
-8.36983e-05
-7.2384e-05
-9.20128e-05
-7.62313e-05
-0.000101337
-7.96203e-05
-0.000111783
-8.22975e-05
-0.000123457
-8.39402e-05
-0.000136436
-8.41524e-05
-0.000150737
-8.24714e-05
-0.000166229
-7.83978e-05
-0.000182377
-7.14711e-05
-0.000197415
-6.1422e-05
-0.000205691
-4.84264e-05
-0.000190088
-3.34122e-05
-0.000104516
-1.82644e-05
0.00015349
-5.8544e-06
0.000749486
0.00181115
-7.37114e-07
-7.05663e-06
-2.22101e-06
-1.4479e-05
-4.02626e-06
-1.77532e-05
-5.96534e-06
-1.91427e-05
-7.97623e-06
-1.98999e-05
-1.00482e-05
-2.05505e-05
-1.21879e-05
-2.12782e-05
-1.44073e-05
-2.21416e-05
-1.67199e-05
-2.31622e-05
-1.91397e-05
-2.43526e-05
-2.16812e-05
-2.57248e-05
-2.4359e-05
-2.72923e-05
-2.7188e-05
-2.90709e-05
-3.0183e-05
-3.10791e-05
-3.33584e-05
-3.33389e-05
-3.67284e-05
-3.58758e-05
-4.03058e-05
-3.87201e-05
-4.41016e-05
-4.19075e-05
-4.81242e-05
-4.54801e-05
-5.23776e-05
-4.9488e-05
-5.68598e-05
-5.39904e-05
-6.15595e-05
-5.90578e-05
-6.64533e-05
-6.47738e-05
-7.14999e-05
-7.12373e-05
-7.66336e-05
-7.85647e-05
-8.17552e-05
-8.68911e-05
-8.67206e-05
-9.63716e-05
-9.13258e-05
-0.000107178
-9.52894e-05
-0.000119493
-9.82333e-05
-0.000133492
-9.96653e-05
-0.000149305
-9.89714e-05
-0.000166923
-9.54352e-05
-0.000185913
-8.83185e-05
-0.000204532
-7.70585e-05
-0.000216951
-6.16361e-05
-0.000205511
-4.30643e-05
-0.000123088
-2.37574e-05
0.000134183
-7.65357e-06
0.000733382
0.0018035
-7.88873e-07
-6.26776e-06
-2.37665e-06
-1.28912e-05
-4.30826e-06
-1.58216e-05
-6.38345e-06
-1.70675e-05
-8.53631e-06
-1.7747e-05
-1.07558e-05
-1.83311e-05
-1.30495e-05
-1.89845e-05
-1.54308e-05
-1.97603e-05
-1.79148e-05
-2.06782e-05
-2.05175e-05
-2.17499e-05
-2.32554e-05
-2.29869e-05
-2.61455e-05
-2.44021e-05
-2.92056e-05
-2.60108e-05
-3.24537e-05
-2.7831e-05
-3.59082e-05
-2.98843e-05
-3.9588e-05
-3.21961e-05
-4.35112e-05
-3.47969e-05
-4.76957e-05
-3.7723e-05
-5.21575e-05
-4.10182e-05
-5.69103e-05
-4.47352e-05
-6.1963e-05
-4.89376e-05
-6.73179e-05
-5.37029e-05
-7.29665e-05
-5.91252e-05
-7.88847e-05
-6.53191e-05
-8.50253e-05
-7.24241e-05
-9.13074e-05
-8.0609e-05
-9.7602e-05
-9.00769e-05
-0.000103712
-0.000101068
-0.000109347
-0.000113858
-0.000114087
-0.000128751
-0.00011735
-0.000146043
-0.000118352
-0.000165921
-0.0001161
-0.000188165
-0.000109455
-0.000211177
-9.73671e-05
-0.000229039
-7.93888e-05
-0.000223489
-5.64632e-05
-0.000146014
-3.15819e-05
0.000109302
-1.02628e-05
0.000712063
0.00179324
-8.35478e-07
-5.43228e-06
-2.51642e-06
-1.12103e-05
-4.5612e-06
-1.37768e-05
-6.75833e-06
-1.48703e-05
-9.03856e-06
-1.54668e-05
-1.13906e-05
-1.5979e-05
-1.38231e-05
-1.6552e-05
-1.63506e-05
-1.72328e-05
-1.89899e-05
-1.80389e-05
-2.17587e-05
-1.89811e-05
-2.46756e-05
-2.007e-05
-2.77603e-05
-2.13175e-05
-3.10332e-05
-2.27379e-05
-3.45159e-05
-2.43484e-05
-3.82309e-05
-2.61692e-05
-4.22019e-05
-2.82251e-05
-4.64535e-05
-3.05453e-05
-5.10106e-05
-3.31659e-05
-5.58987e-05
-3.61301e-05
-6.11425e-05
-3.94914e-05
-6.6765e-05
-4.33152e-05
-7.27852e-05
-4.76827e-05
-7.92155e-05
-5.26949e-05
-8.60567e-05
-5.8478e-05
-9.32907e-05
-6.519e-05
-0.00010087
-7.30297e-05
-0.000108701
-8.22458e-05
-0.00011662
-9.31487e-05
-0.000124358
-0.00010612
-0.000131492
-0.000121618
-0.000137377
-0.000140157
-0.000141072
-0.000162227
-0.000141264
-0.000187973
-0.000136276
-0.000216164
-0.000124289
-0.000241026
-0.000104014
-0.000243764
-7.58975e-05
-0.00017413
-4.34608e-05
7.68652e-05
-1.43593e-05
0.000682961
0.00177888
-8.76636e-07
-4.55564e-06
-2.63879e-06
-9.44811e-06
-4.78189e-06
-1.16337e-05
-7.08506e-06
-1.25672e-05
-9.47626e-06
-1.30756e-05
-1.19441e-05
-1.35111e-05
-1.44981e-05
-1.39981e-05
-1.7154e-05
-1.45769e-05
-1.993e-05
-1.52629e-05
-2.28455e-05
-1.60656e-05
-2.59212e-05
-1.69942e-05
-2.91791e-05
-1.80596e-05
-3.26424e-05
-1.92746e-05
-3.63361e-05
-2.06546e-05
-4.0287e-05
-2.22183e-05
-4.45239e-05
-2.39882e-05
-4.90776e-05
-2.59917e-05
-5.39811e-05
-2.82623e-05
-5.92699e-05
-3.08414e-05
-6.49811e-05
-3.37801e-05
-7.11537e-05
-3.71426e-05
-7.78271e-05
-4.10093e-05
-8.50394e-05
-4.54827e-05
-9.28237e-05
-5.06936e-05
-0.000101203
-5.68107e-05
-0.00011018
-6.40524e-05
-0.000119723
-7.27036e-05
-0.000129735
-8.31359e-05
-0.000140022
-9.58337e-05
-0.000150218
-0.000111422
-0.000159695
-0.00013068
-0.000167421
-0.000154501
-0.000171791
-0.000183604
-0.000170484
-0.000217471
-0.000160564
-0.000250945
-0.000139222
-0.000265106
-0.000105561
-0.000207791
-6.26917e-05
3.39956e-05
-2.14325e-05
0.000641702
0.00175745
-9.1164e-07
-3.644e-06
-2.7405e-06
-7.61925e-06
-4.96389e-06
-9.41031e-06
-7.35401e-06
-1.01771e-05
-9.8367e-06
-1.05929e-05
-1.24005e-05
-1.09474e-05
-1.50553e-05
-1.13432e-05
-1.7818e-05
-1.18141e-05
-2.07082e-05
-1.23728e-05
-2.37467e-05
-1.30271e-05
-2.69559e-05
-1.3785e-05
-3.036e-05
-1.46555e-05
-3.39849e-05
-1.56497e-05
-3.78588e-05
-1.67807e-05
-4.20125e-05
-1.80646e-05
-4.64796e-05
-1.95211e-05
-5.12972e-05
-2.11741e-05
-5.65064e-05
-2.30532e-05
-6.21524e-05
-2.51953e-05
-6.82858e-05
-2.76467e-05
-7.49625e-05
-3.04659e-05
-8.22441e-05
-3.37277e-05
-9.01979e-05
-3.75289e-05
-9.88959e-05
-4.19956e-05
-0.000108412
-4.72944e-05
-0.000118817
-5.36477e-05
-0.000130165
-6.13553e-05
-0.000142475
-7.08258e-05
-0.000155689
-8.26198e-05
-0.000169602
-9.75085e-05
-0.000183741
-0.000116542
-0.000197159
-0.000141082
-0.00020813
-0.000172633
-0.000213753
-0.000211848
-0.000209691
-0.000255007
-0.000190643
-0.000284154
-0.00015244
-0.000245994
-9.65235e-05
-2.1921e-05
-3.509e-05
0.000580269
0.00172236
-9.37419e-07
-2.70658e-06
-2.81103e-06
-5.74564e-06
-5.08823e-06
-7.13311e-06
-7.53787e-06
-7.72741e-06
-1.00842e-05
-8.04654e-06
-1.27154e-05
-8.31624e-06
-1.54415e-05
-8.61708e-06
-1.82803e-05
-8.9754e-06
-2.12519e-05
-9.40111e-06
-2.43786e-05
-9.90038e-06
-2.76843e-05
-1.04793e-05
-3.11948e-05
-1.1145e-05
-3.49384e-05
-1.19061e-05
-3.89459e-05
-1.27732e-05
-4.32514e-05
-1.37591e-05
-4.7893e-05
-1.48795e-05
-5.29133e-05
-1.61538e-05
-5.83604e-05
-1.76061e-05
-6.4289e-05
-1.92667e-05
-7.07619e-05
-2.11738e-05
-7.78515e-05
-2.33764e-05
-8.56413e-05
-2.59379e-05
-9.42286e-05
-2.89415e-05
-0.000103727
-3.24975e-05
-0.000114266
-3.67548e-05
-0.000125997
-4.19173e-05
-0.000139083
-4.82684e-05
-0.000153699
-5.621e-05
-0.000169999
-6.63201e-05
-0.000188064
-7.94432e-05
-0.000207786
-9.68199e-05
-0.000228629
-0.00012024
-0.000249191
-0.000152071
-0.00026647
-0.000194569
-0.000274905
-0.000246572
-0.00026584
-0.000293219
-0.00022903
-0.000282804
-0.000158232
-9.27191e-05
-6.38102e-05
0.000485846
0.00165855
-9.42064e-07
-1.76452e-06
-2.8158e-06
-3.87191e-06
-5.09569e-06
-4.85321e-06
-7.55267e-06
-5.27043e-06
-1.01097e-05
-5.48953e-06
-1.27536e-05
-5.67232e-06
-1.54943e-05
-5.87639e-06
-1.83494e-05
-6.12032e-06
-2.13396e-05
-6.41088e-06
-2.44878e-05
-6.75221e-06
-2.78186e-05
-7.14846e-06
-3.1359e-05
-7.60458e-06
-3.51385e-05
-8.12661e-06
-3.91898e-05
-8.72198e-06
-4.35491e-05
-9.39975e-06
-4.82575e-05
-1.01711e-05
-5.33614e-05
-1.10498e-05
-5.89143e-05
-1.20533e-05
-6.49777e-05
-1.32032e-05
-7.16241e-05
-1.45275e-05
-7.89386e-05
-1.60619e-05
-8.70232e-05
-1.78533e-05
-9.60008e-05
-1.99639e-05
-0.000106021
-2.24773e-05
-0.000117268
-2.55082e-05
-0.000129968
-2.92171e-05
-0.000144403
-3.38333e-05
-0.00016092
-3.96929e-05
-0.000179939
-4.73012e-05
-0.000201943
-5.74391e-05
-0.000227423
-7.13394e-05
-0.000256704
-9.09587e-05
-0.000289498
-0.000119278
-0.000323906
-0.000160161
-0.000354526
-0.000215952
-0.000369755
-0.00027799
-0.000350075
-0.000302484
-0.000271812
-0.000170982
-0.000127823
0.000341858
0.00153072
-8.86212e-07
-8.7831e-07
-2.65492e-06
-2.1032e-06
-4.82113e-06
-2.687e-06
-7.16498e-06
-2.92659e-06
-9.60821e-06
-3.04629e-06
-1.21358e-05
-3.14475e-06
-1.47563e-05
-3.25586e-06
-1.74866e-05
-3.38998e-06
-2.03469e-05
-3.55058e-06
-2.33594e-05
-3.73975e-06
-2.65482e-05
-3.95969e-06
-2.99396e-05
-4.21312e-06
-3.35628e-05
-4.50343e-06
-3.745e-05
-4.83481e-06
-4.16373e-05
-5.21241e-06
-4.61658e-05
-5.6426e-06
-5.10824e-05
-6.13325e-06
-5.64414e-05
-6.69424e-06
-6.23066e-05
-7.33809e-06
-6.87532e-05
-8.08083e-06
-7.58718e-05
-8.94326e-06
-8.37724e-05
-9.9527e-06
-9.25907e-05
-1.11456e-05
-0.000102496
-1.25715e-05
-0.000113706
-1.42992e-05
-0.000126497
-1.64261e-05
-0.000141235
-1.90947e-05
-0.000158408
-2.25195e-05
-0.000178674
-2.70356e-05
-0.000202924
-3.31888e-05
-0.000232359
-4.19044e-05
-0.000268521
-5.47967e-05
-0.000313136
-7.46638e-05
-0.000367319
-0.000105977
-0.000429188
-0.000154084
-0.000488391
-0.000218787
-0.000517049
-0.000273825
-0.000463068
-0.000224964
-0.000270071
0.000148862
0.00126065
-6.71981e-07
-2.06329e-07
-2.10407e-06
-6.7112e-07
-3.89578e-06
-8.95297e-07
-5.84608e-06
-9.76284e-07
-7.88029e-06
-1.01209e-06
-9.98337e-06
-1.04167e-06
-1.21625e-05
-1.0767e-06
-1.44323e-05
-1.12017e-06
-1.68101e-05
-1.17287e-06
-1.93146e-05
-1.23526e-06
-2.19663e-05
-1.30797e-06
-2.47875e-05
-1.39186e-06
-2.78029e-05
-1.48806e-06
-3.10398e-05
-1.59796e-06
-3.45289e-05
-1.7233e-06
-3.83053e-05
-1.8662e-06
-4.24092e-05
-2.0293e-06
-4.68876e-05
-2.2159e-06
-5.17955e-05
-2.43022e-06
-5.71986e-05
-2.67764e-06
-6.31767e-05
-2.9652e-06
-6.98273e-05
-3.30212e-06
-7.72722e-05
-3.70072e-06
-8.5666e-05
-4.17777e-06
-9.52085e-05
-4.75665e-06
-0.000106164
-5.47081e-06
-0.000118889
-6.36957e-06
-0.00013388
-7.52854e-06
-0.000151846
-9.06965e-06
-0.000173833
-1.12018e-05
-0.00020143
-1.43073e-05
-0.000237099
-1.91277e-05
-0.000284621
-2.71422e-05
-0.000349383
-4.12142e-05
-0.00043734
-6.6127e-05
-0.000549293
-0.000106834
-0.00066349
-0.000159629
-0.000700714
-0.00018774
-0.000539718
-1.21338e-05
0.000720934
-2.06333e-07
-8.7745e-07
-1.77275e-06
-2.74903e-06
-3.76112e-06
-4.80279e-06
-5.87949e-06
-6.99966e-06
-8.17253e-06
-9.40778e-06
-1.07157e-05
-1.21076e-05
-1.35957e-05
-1.51936e-05
-1.69169e-05
-1.87831e-05
-2.08124e-05
-2.30283e-05
-2.54585e-05
-2.81362e-05
-3.11014e-05
-3.44035e-05
-3.81042e-05
-4.2282e-05
-4.70386e-05
-5.25095e-05
-5.8879e-05
-6.64076e-05
-7.54772e-05
-8.6679e-05
-0.000100986
-0.000120114
-0.000147256
-0.00018847
-0.000254597
-0.000361431
-0.00052106
-0.0007088
-0.000720934
)
;

boundaryField
{
    frontAndBack
    {
        type            empty;
        value           nonuniform List<scalar> 0();
    }
    fixedWalls
    {
        type            calculated;
        value           uniform 0;
    }
    movingWall
    {
        type            calculated;
        value           uniform 0;
    }
}


// ************************************************************************* //
