/*--------------------------------*- C++ -*----------------------------------*\
  =========                 |
  \\      /  F ield         | OpenFOAM: The Open Source CFD Toolbox
   \\    /   O peration     | Website:  https://openfoam.org
    \\  /    A nd           | Version:  10
     \\/     M anipulation  |
\*---------------------------------------------------------------------------*/
FoamFile
{
    format      ascii;
    class       volVectorField;
    location    "0.1";
    object      U;
}
// * * * * * * * * * * * * * * * * * * * * * * * * * * * * * * * * * * * * * //

dimensions      [0 1 -1 0 0 0 0];

internalField   nonuniform List<vector> 
1600
(
(-2.28999e-05 1.91296e-05 0)
(-0.00010377 0.000185221 0)
(-0.000140364 0.000512059 0)
(-0.00015225 0.00089197 0)
(-0.000156741 0.00128708 0)
(-0.000160556 0.00169281 0)
(-0.000165467 0.00211053 0)
(-0.000171798 0.00254316 0)
(-0.000179568 0.00299412 0)
(-0.000188796 0.00346701 0)
(-0.000199553 0.00396558 0)
(-0.000211951 0.00449384 0)
(-0.000226139 0.00505613 0)
(-0.000242309 0.00565723 0)
(-0.000260692 0.00630245 0)
(-0.000281574 0.00699775 0)
(-0.000305309 0.00774989 0)
(-0.000332342 0.00856666 0)
(-0.000363239 0.00945709 0)
(-0.000398727 0.0104318 0)
(-0.000439745 0.0115035 0)
(-0.000487517 0.0126874 0)
(-0.000543664 0.0140024 0)
(-0.00061038 0.015472 0)
(-0.000690704 0.0171258 0)
(-0.000788963 0.0190023 0)
(-0.00091149 0.0211524 0)
(-0.00106788 0.0236451 0)
(-0.00127333 0.0265771 0)
(-0.00155342 0.0300881 0)
(-0.00195399 0.0343901 0)
(-0.0025627 0.0398213 0)
(-0.00355582 0.046955 0)
(-0.00529501 0.0568201 0)
(-0.00849329 0.0713157 0)
(-0.0143441 0.0938826 0)
(-0.0239938 0.130564 0)
(-0.0348421 0.190792 0)
(-0.0162674 0.263048 0)
(0.272323 0.151819 0)
(-0.000183721 9.6763e-05 0)
(-0.000502081 0.000493312 0)
(-0.000652175 0.00115843 0)
(-0.000710137 0.00191658 0)
(-0.000736955 0.00270957 0)
(-0.000758773 0.00352836 0)
(-0.000784015 0.00437408 0)
(-0.000814962 0.00525132 0)
(-0.000852234 0.00616632 0)
(-0.000896191 0.007126 0)
(-0.000947261 0.00813779 0)
(-0.00100601 0.00920966 0)
(-0.00107316 0.0103503 0)
(-0.00114958 0.0115693 0)
(-0.00123637 0.0128772 0)
(-0.00133487 0.014286 0)
(-0.00144673 0.0158092 0)
(-0.00157405 0.0174622 0)
(-0.00171944 0.0192631 0)
(-0.00188624 0.021233 0)
(-0.00207877 0.0233968 0)
(-0.0023026 0.0257847 0)
(-0.00256516 0.0284336 0)
(-0.00287643 0.0313891 0)
(-0.00325011 0.0347091 0)
(-0.00370541 0.0384673 0)
(-0.00426996 0.0427605 0)
(-0.00498461 0.0477178 0)
(-0.00591189 0.0535159 0)
(-0.00715145 0.0604021 0)
(-0.00886928 0.0687318 0)
(-0.0113539 0.0790285 0)
(-0.0151225 0.0920771 0)
(-0.0211044 0.109055 0)
(-0.0308567 0.13165 0)
(-0.04637 0.161801 0)
(-0.0676419 0.199611 0)
(-0.0824957 0.236429 0)
(-0.0285972 0.240478 0)
(0.349275 0.122027 0)
(-0.00050667 0.000136115 0)
(-0.00116162 0.000638293 0)
(-0.00147031 0.00144638 0)
(-0.00159889 0.00235789 0)
(-0.00166368 0.00330987 0)
(-0.00171652 0.00429363 0)
(-0.00177563 0.0053106 0)
(-0.00184664 0.00636599 0)
(-0.00193143 0.00746698 0)
(-0.00203105 0.00862167 0)
(-0.00214659 0.00983881 0)
(-0.00227933 0.0111278 0)
(-0.0024309 0.012499 0)
(-0.00260326 0.0139636 0)
(-0.00279885 0.0155342 0)
(-0.00302063 0.0172246 0)
(-0.00327227 0.0190508 0)
(-0.00355835 0.0210307 0)
(-0.00388461 0.0231851 0)
(-0.00425833 0.0255381 0)
(-0.00468885 0.0281183 0)
(-0.00518828 0.0309598 0)
(-0.00577255 0.0341037 0)
(-0.00646292 0.0376005 0)
(-0.00728827 0.0415129 0)
(-0.00828856 0.0459196 0)
(-0.00952019 0.0509212 0)
(-0.0110646 0.0566481 0)
(-0.0130424 0.0632713 0)
(-0.0156371 0.0710171 0)
(-0.0191358 0.0801874 0)
(-0.0239972 0.091181 0)
(-0.0309568 0.104508 0)
(-0.0411403 0.120752 0)
(-0.055965 0.140378 0)
(-0.0758778 0.162977 0)
(-0.0948556 0.184515 0)
(-0.0833593 0.190687 0)
(0.0489518 0.155921 0)
(0.494244 0.0705843 0)
(-0.00087444 0.000146162 0)
(-0.00189797 0.000679816 0)
(-0.00237144 0.00153298 0)
(-0.00257286 0.00248964 0)
(-0.0026781 0.00348621 0)
(-0.00276502 0.0045154 0)
(-0.00286151 0.00557924 0)
(-0.00297655 0.00668322 0)
(-0.00311331 0.00783476 0)
(-0.00327363 0.00904217 0)
(-0.00345931 0.0103144 0)
(-0.00367242 0.0116611 0)
(-0.00391553 0.0130928 0)
(-0.00419174 0.0146209 0)
(-0.00450483 0.016258 0)
(-0.00485942 0.0180182 0)
(-0.00526121 0.0199173 0)
(-0.00571724 0.021973 0)
(-0.00623632 0.0242057 0)
(-0.00682956 0.0266388 0)
(-0.0075111 0.0292996 0)
(-0.00829915 0.03222 0)
(-0.00921743 0.0354381 0)
(-0.0102972 0.0389996 0)
(-0.0115805 0.0429594 0)
(-0.0131243 0.0473846 0)
(-0.0150073 0.0523575 0)
(-0.0173402 0.0579789 0)
(-0.020281 0.0643723 0)
(-0.0240601 0.0716867 0)
(-0.0290172 0.0800949 0)
(-0.0356558 0.0897815 0)
(-0.0447031 0.1009 0)
(-0.057091 0.113454 0)
(-0.0734941 0.127018 0)
(-0.0921707 0.139997 0)
(-0.101737 0.147568 0)
(-0.0629786 0.138089 0)
(0.118651 0.0982112 0)
(0.587057 0.0396669 0)
(-0.00124812 0.00014548 0)
(-0.00264412 0.000679 0)
(-0.0032799 0.00153277 0)
(-0.00355144 0.00248767 0)
(-0.00369579 0.00348076 0)
(-0.00381633 0.00450556 0)
(-0.00395007 0.00556447 0)
(-0.00410901 0.00666301 0)
(-0.00429752 0.00780849 0)
(-0.00451817 0.00900904 0)
(-0.00477339 0.0102734 0)
(-0.00506604 0.0116108 0)
(-0.00539951 0.0130314 0)
(-0.00577794 0.0145461 0)
(-0.00620633 0.0161669 0)
(-0.00669076 0.017907 0)
(-0.00723867 0.0197811 0)
(-0.00785923 0.0218054 0)
(-0.00856381 0.0239985 0)
(-0.00936663 0.0263809 0)
(-0.0102857 0.0289766 0)
(-0.0113438 0.0318127 0)
(-0.0125704 0.0349207 0)
(-0.0140039 0.0383369 0)
(-0.0156947 0.0421034 0)
(-0.01771 0.0462688 0)
(-0.0201402 0.0508884 0)
(-0.0231085 0.0560243 0)
(-0.0267846 0.0617425 0)
(-0.031404 0.0681066 0)
(-0.0372945 0.0751634 0)
(-0.0449062 0.0829123 0)
(-0.0548185 0.0912425 0)
(-0.0676069 0.0998073 0)
(-0.0831283 0.107775 0)
(-0.0978709 0.113295 0)
(-0.0971493 0.11227 0)
(-0.0380543 0.0970715 0)
(0.169465 0.062293 0)
(0.636811 0.0225066 0)
(-0.00161461 0.000141457 0)
(-0.00337892 0.000662322 0)
(-0.00417394 0.00149713 0)
(-0.00451317 0.00242994 0)
(-0.00469498 0.00339918 0)
(-0.00484792 0.00439876 0)
(-0.00501775 0.00543112 0)
(-0.00521931 0.00650167 0)
(-0.00545802 0.00761742 0)
(-0.00573707 0.00878614 0)
(-0.0060595 0.0100161 0)
(-0.00642878 0.0113159 0)
(-0.00684908 0.0126952 0)
(-0.00732538 0.014164 0)
(-0.0078637 0.0157333 0)
(-0.0084713 0.0174149 0)
(-0.009157 0.019222 0)
(-0.00993161 0.0211689 0)
(-0.0108084 0.0232712 0)
(-0.0118038 0.0255464 0)
(-0.0129384 0.0280137 0)
(-0.0142381 0.0306944 0)
(-0.0157355 0.033612 0)
(-0.0174728 0.0367924 0)
(-0.019504 0.040263 0)
(-0.0218997 0.0440527 0)
(-0.024752 0.0481899 0)
(-0.0281825 0.0526993 0)
(-0.0323518 0.0575954 0)
(-0.0374726 0.0628717 0)
(-0.043823 0.0684804 0)
(-0.0517543 0.0742991 0)
(-0.0616577 0.0800712 0)
(-0.073755 0.0853045 0)
(-0.0872438 0.0890958 0)
(-0.0974242 0.0898003 0)
(-0.0878321 0.084412 0)
(-0.0146586 0.0683916 0)
(0.206329 0.0402878 0)
(0.665743 0.013012 0)
(-0.00196914 0.000136134 0)
(-0.00409191 0.00063844 0)
(-0.0050416 0.00144426 0)
(-0.005446 0.00234438 0)
(-0.00566354 0.00327916 0)
(-0.00584736 0.00424273 0)
(-0.00605165 0.00523742 0)
(-0.00629392 0.00626837 0)
(-0.00658054 0.00734223 0)
(-0.00691524 0.00846627 0)
(-0.00730154 0.00964817 0)
(-0.00774344 0.010896 0)
(-0.0082457 0.0122184 0)
(-0.00881399 0.0136245 0)
(-0.00945509 0.0151241 0)
(-0.0101771 0.0167277 0)
(-0.0109899 0.0184464 0)
(-0.0119054 0.0202922 0)
(-0.012938 0.022278 0)
(-0.0141054 0.0244175 0)
(-0.0154295 0.0267251 0)
(-0.0169375 0.0292161 0)
(-0.0186631 0.031906 0)
(-0.020649 0.03481 0)
(-0.0229487 0.037942 0)
(-0.0256303 0.041313 0)
(-0.0287802 0.0449279 0)
(-0.0325083 0.0487807 0)
(-0.0369537 0.0528469 0)
(-0.0422912 0.0570709 0)
(-0.0487344 0.061347 0)
(-0.0565276 0.0654899 0)
(-0.0658871 0.0691889 0)
(-0.0767499 0.0719396 0)
(-0.0878514 0.0729371 0)
(-0.0937726 0.0708978 0)
(-0.0771996 0.0637941 0)
(0.00542285 0.0490847 0)
(0.233374 0.0270183 0)
(0.684242 0.00786315 0)
(-0.00230905 0.000129969 0)
(-0.0047764 0.00060984 0)
(-0.00587465 0.00137995 0)
(-0.00634134 0.00224001 0)
(-0.00659278 0.00313287 0)
(-0.00680577 0.00405284 0)
(-0.00704259 0.00500206 0)
(-0.00732327 0.00598535 0)
(-0.00765503 0.00700888 0)
(-0.00804206 0.0080794 0)
(-0.00848824 0.00920394 0)
(-0.00899799 0.0103899 0)
(-0.0095765 0.0116449 0)
(-0.0102299 0.0129771 0)
(-0.0109656 0.014395 0)
(-0.0117921 0.0159075 0)
(-0.01272 0.017524 0)
(-0.0137616 0.0192541 0)
(-0.0149319 0.0211077 0)
(-0.016249 0.0230948 0)
(-0.017735 0.0252254 0)
(-0.0194167 0.0275088 0)
(-0.021327 0.0299532 0)
(-0.0235066 0.0325645 0)
(-0.0260052 0.035345 0)
(-0.0288844 0.0382908 0)
(-0.0322199 0.0413885 0)
(-0.0361041 0.0446102 0)
(-0.040649 0.0479052 0)
(-0.0459869 0.0511892 0)
(-0.0522674 0.0543289 0)
(-0.0596391 0.0571191 0)
(-0.0681782 0.0592533 0)
(-0.0776186 0.0602831 0)
(-0.0864023 0.0595617 0)
(-0.0887122 0.0561617 0)
(-0.0669005 0.0487871 0)
(0.0219518 0.0360848 0)
(0.253366 0.0189149 0)
(0.696703 0.00506672 0)
(-0.00263221 0.000123028 0)
(-0.00542734 0.000577208 0)
(-0.00666684 0.00130608 0)
(-0.00719255 0.00211992 0)
(-0.00747589 0.00296455 0)
(-0.00771619 0.00383448 0)
(-0.00798342 0.00473166 0)
(-0.00829995 0.00566048 0)
(-0.00867378 0.00662666 0)
(-0.00910942 0.00763632 0)
(-0.00961108 0.00869584 0)
(-0.0101834 0.00981179 0)
(-0.010832 0.010991 0)
(-0.0115631 0.0122405 0)
(-0.0123845 0.0135674 0)
(-0.013305 0.0149793 0)
(-0.0143353 0.0164836 0)
(-0.0154878 0.0180877 0)
(-0.0167773 0.0197987 0)
(-0.0182218 0.0216233 0)
(-0.0198422 0.0235672 0)
(-0.021664 0.0256347 0)
(-0.0237178 0.0278278 0)
(-0.0260402 0.0301446 0)
(-0.0286751 0.0325782 0)
(-0.0316753 0.0351137 0)
(-0.035103 0.0377251 0)
(-0.0390312 0.0403702 0)
(-0.0435437 0.0429838 0)
(-0.0487328 0.0454694 0)
(-0.054692 0.047687 0)
(-0.061494 0.0494392 0)
(-0.0691135 0.0504533 0)
(-0.0771519 0.0503617 0)
(-0.0838802 0.0486772 0)
(-0.083282 0.0447615 0)
(-0.0576309 0.0378154 0)
(0.0353179 0.0271545 0)
(0.268351 0.0137667 0)
(0.705476 0.00348121 0)
(-0.00293656 0.000115323 0)
(-0.00604032 0.000540823 0)
(-0.0074127 0.00122352 0)
(-0.00799379 0.00198561 0)
(-0.0083069 0.00277633 0)
(-0.00857254 0.00359043 0)
(-0.00886789 0.00442964 0)
(-0.00921752 0.00529794 0)
(-0.00963009 0.0062005 0)
(-0.0101104 0.00714287 0)
(-0.0106628 0.00813071 0)
(-0.0112923 0.00916983 0)
(-0.0120043 0.0102661 0)
(-0.0128055 0.0114256 0)
(-0.0137036 0.0126542 0)
(-0.0147073 0.013958 0)
(-0.0158273 0.0153427 0)
(-0.0170756 0.0168136 0)
(-0.0184665 0.0183754 0)
(-0.0200167 0.0200319 0)
(-0.0217458 0.0217852 0)
(-0.0236768 0.0236354 0)
(-0.0258369 0.0255795 0)
(-0.0282576 0.0276099 0)
(-0.0309759 0.0297129 0)
(-0.0340344 0.0318663 0)
(-0.0374815 0.0340363 0)
(-0.041371 0.0361734 0)
(-0.0457608 0.0382071 0)
(-0.0507086 0.0400394 0)
(-0.0562635 0.0415379 0)
(-0.062442 0.0425264 0)
(-0.0691512 0.0427777 0)
(-0.0759132 0.0420059 0)
(-0.0809077 0.0398591 0)
(-0.0780312 0.0359126 0)
(-0.0495892 0.0296849 0)
(0.0460779 0.0208527 0)
(0.279787 0.0103374 0)
(0.71192 0.00251975 0)
(-0.00322017 0.000106879 0)
(-0.00661129 0.000500929 0)
(-0.00810728 0.00113294 0)
(-0.00873974 0.00183828 0)
(-0.00908031 0.0025699 0)
(-0.00936921 0.00332291 0)
(-0.00969029 0.00409877 0)
(-0.0100701 0.00490108 0)
(-0.010518 0.00573445 0)
(-0.0110389 0.00660382 0)
(-0.0116373 0.00751416 0)
(-0.0123181 0.00847053 0)
(-0.013087 0.00947795 0)
(-0.0139505 0.0105414 0)
(-0.0149162 0.0116659 0)
(-0.0159927 0.0128559 0)
(-0.0171901 0.0141157 0)
(-0.0185198 0.0154489 0)
(-0.0199951 0.016858 0)
(-0.0216312 0.0183444 0)
(-0.0234457 0.0199075 0)
(-0.0254586 0.0215441 0)
(-0.0276931 0.0232476 0)
(-0.0301751 0.0250063 0)
(-0.0329342 0.0268022 0)
(-0.0360029 0.028609 0)
(-0.0394163 0.0303894 0)
(-0.043211 0.0320917 0)
(-0.0474226 0.0336462 0)
(-0.0520811 0.034961 0)
(-0.0572023 0.0359179 0)
(-0.0627642 0.036368 0)
(-0.0686321 0.0361297 0)
(-0.0742847 0.0349886 0)
(-0.0778591 0.0326979 0)
(-0.0732222 0.0289817 0)
(-0.0427492 0.0235543 0)
(0.0547493 0.0162797 0)
(0.288662 0.00794974 0)
(0.716811 0.00189489 0)
(-0.00348122 9.77443e-05 0)
(-0.00713653 0.000457796 0)
(-0.00874602 0.00103503 0)
(-0.00942557 0.00167906 0)
(-0.00979117 0.00234691 0)
(-0.0101011 0.00303405 0)
(-0.0104455 0.00374175 0)
(-0.0108526 0.00447317 0)
(-0.0113322 0.0052324 0)
(-0.0118895 0.00602376 0)
(-0.0125289 0.00685158 0)
(-0.0132554 0.00772017 0)
(-0.0140746 0.00863375 0)
(-0.0149928 0.00959644 0)
(-0.0160174 0.0106121 0)
(-0.0171566 0.0116842 0)
(-0.0184197 0.0128157 0)
(-0.0198175 0.0140087 0)
(-0.0213618 0.0152642 0)
(-0.0230662 0.0165814 0)
(-0.0249458 0.0179579 0)
(-0.0270176 0.0193882 0)
(-0.0293003 0.0208633 0)
(-0.0318144 0.022369 0)
(-0.034582 0.0238854 0)
(-0.0376264 0.0253845 0)
(-0.0409707 0.0268286 0)
(-0.0446368 0.0281674 0)
(-0.0486421 0.0293361 0)
(-0.0529959 0.0302529 0)
(-0.05769 0.0308166 0)
(-0.0626779 0.0309057 0)
(-0.0678011 0.0303798 0)
(-0.0725178 0.0290818 0)
(-0.0749492 0.0268425 0)
(-0.0689602 0.0234851 0)
(-0.0369997 0.0188419 0)
(0.0617558 0.0128689 0)
(0.295641 0.00622118 0)
(0.720608 0.00146336 0)
(-0.003718 8.79776e-05 0)
(-0.00761266 0.000411725 0)
(-0.00932486 0.0009305 0)
(-0.0100469 0.00150914 0)
(-0.010435 0.00210903 0)
(-0.0107638 0.00272605 0)
(-0.0111289 0.00336129 0)
(-0.0115603 0.00401751 0)
(-0.012068 0.00469826 0)
(-0.0126575 0.00540728 0)
(-0.0133331 0.00614827 0)
(-0.0140997 0.00692486 0)
(-0.0149627 0.00774055 0)
(-0.0159284 0.00859864 0)
(-0.0170035 0.00950214 0)
(-0.0181959 0.0104536 0)
(-0.0195142 0.0114548 0)
(-0.020968 0.0125069 0)
(-0.0225678 0.0136094 0)
(-0.0243253 0.0147605 0)
(-0.0262531 0.0159562 0)
(-0.028365 0.0171898 0)
(-0.0306754 0.0184509 0)
(-0.0331998 0.0197246 0)
(-0.0359533 0.0209903 0)
(-0.0389509 0.0222205 0)
(-0.0422055 0.0233793 0)
(-0.045727 0.0244203 0)
(-0.0495188 0.025286 0)
(-0.0535748 0.0259058 0)
(-0.057871 0.0261962 0)
(-0.062346 0.0260605 0)
(-0.0668296 0.0253925 0)
(-0.0707727 0.0240793 0)
(-0.0722945 0.0220066 0)
(-0.0652685 0.0190618 0)
(-0.032208 0.015146 0)
(0.0674287 0.0102574 0)
(0.301184 0.0049263 0)
(0.7236 0.00115007 0)
(-0.00392902 7.76442e-05 0)
(-0.00803666 0.000363032 0)
(-0.00984013 0.000820075 0)
(-0.0105998 0.00132971 0)
(-0.0110078 0.00185793 0)
(-0.0113532 0.0024011 0)
(-0.0117365 0.00296012 0)
(-0.0121891 0.00353737 0)
(-0.0127215 0.0041359 0)
(-0.0133389 0.00475887 0)
(-0.0140459 0.00540941 0)
(-0.0148472 0.00609053 0)
(-0.015748 0.00680507 0)
(-0.0167541 0.00755566 0)
(-0.017872 0.00834456 0)
(-0.019109 0.00917356 0)
(-0.0204728 0.0100437 0)
(-0.021972 0.0109552 0)
(-0.0236156 0.011907 0)
(-0.0254136 0.0128962 0)
(-0.027376 0.0139183 0)
(-0.0295135 0.014966 0)
(-0.0318369 0.0160286 0)
(-0.0343564 0.0170913 0)
(-0.0370815 0.0181345 0)
(-0.0400199 0.0191325 0)
(-0.0431764 0.0200526 0)
(-0.046551 0.020854 0)
(-0.0501369 0.021487 0)
(-0.053917 0.0218931 0)
(-0.0578573 0.0220045 0)
(-0.0618883 0.0217463 0)
(-0.0658352 0.0210393 0)
(-0.0691492 0.0198036 0)
(-0.0699531 0.0179621 0)
(-0.062131 0.0154432 0)
(-0.0282481 0.012187 0)
(0.0720213 0.00820703 0)
(0.305614 0.00392658 0)
(0.725981 0.000913318 0)
(-0.00411293 6.68125e-05 0)
(-0.00840586 0.000312042 0)
(-0.0102886 0.000704503 0)
(-0.011081 0.00114198 0)
(-0.0115061 0.00159532 0)
(-0.0118659 0.0020614 0)
(-0.0122648 0.00254097 0)
(-0.0127356 0.00303604 0)
(-0.0132891 0.00354914 0)
(-0.0139305 0.00408295 0)
(-0.0146643 0.00464004 0)
(-0.0154949 0.00522286 0)
(-0.0164275 0.0058337 0)
(-0.0174676 0.00647459 0)
(-0.0186212 0.00714722 0)
(-0.0198949 0.00785282 0)
(-0.0212958 0.0085919 0)
(-0.0228312 0.0093641 0)
(-0.024509 0.0101679 0)
(-0.0263372 0.0110002 0)
(-0.0283238 0.0118563 0)
(-0.0304765 0.012729 0)
(-0.0328026 0.0136082 0)
(-0.0353083 0.0144801 0)
(-0.0379979 0.0153269 0)
(-0.0408732 0.0161258 0)
(-0.0439323 0.0168483 0)
(-0.0471679 0.0174597 0)
(-0.0505657 0.0179186 0)
(-0.0541011 0.0181775 0)
(-0.0577341 0.018183 0)
(-0.0613913 0.0178779 0)
(-0.0648977 0.0172039 0)
(-0.0677074 0.0161049 0)
(-0.0679489 0.0145291 0)
(-0.0595153 0.0124294 0)
(-0.0250107 0.00976708 0)
(0.075725 0.00655739 0)
(0.309158 0.00313314 0)
(0.727883 0.000728352 0)
(-0.00426856 5.55524e-05 0)
(-0.00871797 0.000259085 0)
(-0.0106676 0.000584532 0)
(-0.0114874 0.000947184 0)
(-0.011927 0.00132291 0)
(-0.0122987 0.00170916 0)
(-0.0127108 0.00210655 0)
(-0.0131969 0.00251672 0)
(-0.013768 0.00294176 0)
(-0.0144294 0.00338383 0)
(-0.0151855 0.00384502 0)
(-0.0160405 0.00432729 0)
(-0.0169994 0.00483243 0)
(-0.0180674 0.005362 0)
(-0.0192501 0.00591726 0)
(-0.0205535 0.00649902 0)
(-0.021984 0.00710748 0)
(-0.023548 0.00774203 0)
(-0.0252521 0.008401 0)
(-0.0271026 0.0090815 0)
(-0.0291057 0.00977906 0)
(-0.0312666 0.0104872 0)
(-0.0335897 0.0111969 0)
(-0.0360774 0.0118962 0)
(-0.0387302 0.0125697 0)
(-0.0415451 0.0131982 0)
(-0.0445148 0.0137579 0)
(-0.0476268 0.0142204 0)
(-0.0508611 0.0145525 0)
(-0.0541884 0.0147166 0)
(-0.0575652 0.0146716 0)
(-0.0609169 0.0143747 0)
(-0.0640699 0.0137836 0)
(-0.0664827 0.0128589 0)
(-0.0662881 0.011565 0)
(-0.0573853 0.00986956 0)
(-0.0224058 0.00774373 0)
(0.0786838 0.00519742 0)
(0.31198 0.00248671 0)
(0.729399 0.000579593 0)
(-0.00439493 4.39347e-05 0)
(-0.00897103 0.000204494 0)
(-0.0109746 0.000460914 0)
(-0.0118167 0.000746524 0)
(-0.0122679 0.0010424 0)
(-0.0126494 0.00134656 0)
(-0.0130721 0.00165952 0)
(-0.0135706 0.00198258 0)
(-0.0141559 0.0023174 0)
(-0.0148335 0.00266566 0)
(-0.0156074 0.003029 0)
(-0.0164821 0.00340894 0)
(-0.017462 0.00380685 0)
(-0.0185523 0.00422392 0)
(-0.0197581 0.00466108 0)
(-0.0210851 0.00511891 0)
(-0.0225388 0.00559744 0)
(-0.0241249 0.00609607 0)
(-0.0258489 0.0066133 0)
(-0.0277159 0.00714666 0)
(-0.0297303 0.00769238 0)
(-0.0318954 0.0082451 0)
(-0.0342131 0.00879745 0)
(-0.0366831 0.00933965 0)
(-0.0393024 0.00985936 0)
(-0.0420645 0.0103413 0)
(-0.0449583 0.0107667 0)
(-0.047967 0.0111133 0)
(-0.0510669 0.0113555 0)
(-0.0542258 0.0114651 0)
(-0.057398 0.0114111 0)
(-0.060509 0.0111622 0)
(-0.0633873 0.0106882 0)
(-0.0654949 0.00996126 0)
(-0.0649678 0.00895625 0)
(-0.055707 0.00764832 0)
(-0.0203617 0.00601192 0)
(0.0810056 0.00404791 0)
(0.314201 0.0019462 0)
(0.730596 0.000456663 0)
(-0.00449124 3.20298e-05 0)
(-0.00916347 0.000148598 0)
(-0.0112079 0.000334396 0)
(-0.0120668 0.000541217 0)
(-0.0125269 0.000755457 0)
(-0.0129158 0.000975756 0)
(-0.0133467 0.00120253 0)
(-0.0138546 0.00143675 0)
(-0.0144509 0.00167965 0)
(-0.0151408 0.00193248 0)
(-0.0159285 0.00219645 0)
(-0.0168181 0.00247269 0)
(-0.0178142 0.00276222 0)
(-0.0189215 0.00306592 0)
(-0.020145 0.0033845 0)
(-0.0214898 0.0037184 0)
(-0.0229612 0.00406769 0)
(-0.024564 0.00443192 0)
(-0.026303 0.00481002 0)
(-0.0281823 0.00520016 0)
(-0.0302048 0.00559961 0)
(-0.0323726 0.00600445 0)
(-0.0346854 0.00640926 0)
(-0.037141 0.00680689 0)
(-0.0397339 0.0071883 0)
(-0.0424548 0.00754238 0)
(-0.0452898 0.00785553 0)
(-0.0482192 0.00811158 0)
(-0.0512168 0.00829217 0)
(-0.0542482 0.00837702 0)
(-0.0572668 0.00834427 0)
(-0.0601983 0.00817176 0)
(-0.0628731 0.00783831 0)
(-0.0647554 0.00732421 0)
(-0.063982 0.00661043 0)
(-0.0544521 0.00567527 0)
(-0.0188236 0.00449212 0)
(0.0827699 0.0030505 0)
(0.315905 0.00148203 0)
(0.731523 0.000352306 0)
(-0.00455686 1.99071e-05 0)
(-0.00929407 9.17263e-05 0)
(-0.011366 0.000205724 0)
(-0.0122362 0.000332469 0)
(-0.0127024 0.000463772 0)
(-0.0130964 0.000598903 0)
(-0.013533 0.000738189 0)
(-0.0140475 0.00088229 0)
(-0.0146514 0.00103202 0)
(-0.01535 0.00118821 0)
(-0.0161474 0.00135168 0)
(-0.0170476 0.0015232 0)
(-0.0180551 0.00170348 0)
(-0.0191745 0.00189315 0)
(-0.0204105 0.00209277 0)
(-0.0217682 0.00230275 0)
(-0.0232522 0.00252328 0)
(-0.0248672 0.00275423 0)
(-0.0266173 0.00299508 0)
(-0.0285059 0.00324487 0)
(-0.0305351 0.00350211 0)
(-0.0327057 0.00376457 0)
(-0.0350164 0.00402904 0)
(-0.0374634 0.00429122 0)
(-0.0400395 0.00454562 0)
(-0.0427336 0.00478547 0)
(-0.0455297 0.00500234 0)
(-0.0484063 0.00518606 0)
(-0.0513354 0.00532506 0)
(-0.054281 0.00540647 0)
(-0.0571961 0.00541622 0)
(-0.0600063 0.00533982 0)
(-0.0625429 0.00516306 0)
(-0.0642709 0.00487184 0)
(-0.063325 0.00445045 0)
(-0.053599 0.00387738 0)
(-0.0177514 0.00312192 0)
(0.0840339 0.00216063 0)
(0.317156 0.001072 0)
(0.732215 0.000261188 0)
(-0.00459134 7.63733e-06 0)
(-0.00936199 3.42095e-05 0)
(-0.0114479 7.56438e-05 0)
(-0.0123239 0.000121486 0)
(-0.0127932 0.000169013 0)
(-0.0131902 0.00021813 0)
(-0.01363 0.000269082 0)
(-0.0141483 0.000322219 0)
(-0.0147566 0.000377949 0)
(-0.0154603 0.000436698 0)
(-0.0162633 0.000498899 0)
(-0.0171697 0.000564982 0)
(-0.018184 0.000635371 0)
(-0.0193107 0.000710496 0)
(-0.0205545 0.000790802 0)
(-0.0219202 0.000876723 0)
(-0.0234125 0.000968636 0)
(-0.0250357 0.00106682 0)
(-0.0267937 0.00117142 0)
(-0.0286895 0.00128246 0)
(-0.0307248 0.00139983 0)
(-0.0328998 0.00152313 0)
(-0.0352126 0.00165158 0)
(-0.0376584 0.00178385 0)
(-0.0402292 0.00191818 0)
(-0.0429128 0.00205223 0)
(-0.0456919 0.00218282 0)
(-0.0485439 0.00230573 0)
(-0.0514394 0.00241594 0)
(-0.0543416 0.00250758 0)
(-0.0572026 0.0025737 0)
(-0.0599476 0.0026065 0)
(-0.0624077 0.00259749 0)
(-0.0640463 0.0025366 0)
(-0.0629936 0.00240966 0)
(-0.0531337 0.0021932 0)
(-0.0171183 0.00185025 0)
(0.0848366 0.0013427 0)
(0.317996 0.000698788 0)
(0.732696 0.000179207 0)
(-0.00459442 -4.70772e-06 0)
(-0.00936673 -2.36177e-05 0)
(-0.011453 -5.50915e-05 0)
(-0.0123292 -9.05211e-05 0)
(-0.0127989 -0.000127147 0)
(-0.0131964 -0.000164428 0)
(-0.013637 -0.000202205 0)
(-0.0141563 -0.000240439 0)
(-0.0147658 -0.000279127 0)
(-0.0154708 -0.000318252 0)
(-0.0162755 -0.00035776 0)
(-0.0171839 -0.000397558 0)
(-0.0182005 -0.000437496 0)
(-0.0193298 -0.000477342 0)
(-0.0205767 -0.000516747 0)
(-0.0219459 -0.000555237 0)
(-0.0234422 -0.000592215 0)
(-0.0250699 -0.000626964 0)
(-0.0268329 -0.000658625 0)
(-0.0287343 -0.000686141 0)
(-0.0307757 -0.000708193 0)
(-0.0329574 -0.000723226 0)
(-0.0352772 -0.000729553 0)
(-0.0377303 -0.000725364 0)
(-0.0403084 -0.000708636 0)
(-0.0429988 -0.000677145 0)
(-0.045784 -0.00062875 0)
(-0.0486406 -0.000561626 0)
(-0.0515386 -0.000474242 0)
(-0.0544403 -0.000365576 0)
(-0.0572967 -0.000235672 0)
(-0.060032 -8.59718e-05 0)
(-0.0624752 8.02025e-05 0)
(-0.0640865 0.000256003 0)
(-0.0629881 0.000427705 0)
(-0.0530498 0.000568467 0)
(-0.0169097 0.000632994 0)
(0.0852013 0.000566661 0)
(0.318452 0.000347993 0)
(0.732982 0.000102964 0)
(-0.00456601 -1.70551e-05 0)
(-0.00930816 -8.14166e-05 0)
(-0.0113812 -0.000185723 0)
(-0.012252 -0.000302333 0)
(-0.0127193 -0.000423021 0)
(-0.0131151 -0.000546624 0)
(-0.013554 -0.000673076 0)
(-0.0140714 -0.000802653 0)
(-0.0146788 -0.000935769 0)
(-0.0153815 -0.00107282 0)
(-0.0161838 -0.00121415 0)
(-0.0170899 -0.00136 0)
(-0.0181041 -0.00151052 0)
(-0.0192314 -0.00166569 0)
(-0.0204765 -0.00182526 0)
(-0.0218446 -0.00198875 0)
(-0.0233406 -0.00215536 0)
(-0.0249691 -0.00232394 0)
(-0.0267344 -0.00249295 0)
(-0.0286397 -0.0026603 0)
(-0.0306874 -0.00282326 0)
(-0.0328781 -0.00297834 0)
(-0.0352101 -0.00312133 0)
(-0.0376792 -0.00324725 0)
(-0.0402774 -0.00335021 0)
(-0.0429926 -0.00342332 0)
(-0.0458075 -0.00345896 0)
(-0.0486987 -0.00344908 0)
(-0.051636 -0.00338532 0)
(-0.054581 -0.00325949 0)
(-0.0574832 -0.00306445 0)
(-0.0602649 -0.00279502 0)
(-0.0627517 -0.0024492 0)
(-0.0643975 -0.00203062 0)
(-0.0633132 -0.001553 0)
(-0.0533498 -0.00104783 0)
(-0.017123 -0.000570703 0)
(0.0851369 -0.000194681 0)
(0.318538 6.97017e-06 0)
(0.733082 2.94567e-05 0)
(-0.00450622 -2.93297e-05 0)
(-0.00918652 -0.000138843 0)
(-0.0112327 -0.000315481 0)
(-0.0120927 -0.000512715 0)
(-0.0125547 -0.000716909 0)
(-0.0129464 -0.000926292 0)
(-0.013381 -0.00114091 0)
(-0.0138937 -0.00136136 0)
(-0.0144957 -0.0015885 0)
(-0.0151924 -0.00182315 0)
(-0.0159882 -0.00206606 0)
(-0.0168875 -0.00231786 0)
(-0.0178947 -0.00257901 0)
(-0.019015 -0.00284974 0)
(-0.0202535 -0.00312999 0)
(-0.0216156 -0.00341928 0)
(-0.0231067 -0.0037167 0)
(-0.0247319 -0.00402074 0)
(-0.0264962 -0.00432924 0)
(-0.0284036 -0.0046392 0)
(-0.0304572 -0.00494652 0)
(-0.0326587 -0.00524588 0)
(-0.0350076 -0.00553061 0)
(-0.0375008 -0.00579258 0)
(-0.0401317 -0.00602197 0)
(-0.0428893 -0.00620716 0)
(-0.0457575 -0.00633485 0)
(-0.0487137 -0.00639037 0)
(-0.0517279 -0.00635806 0)
(-0.0547611 -0.00622189 0)
(-0.0577616 -0.0059667 0)
(-0.0606483 -0.00557974 0)
(-0.0632417 -0.00505276 0)
(-0.0649868 -0.00438543 0)
(-0.0639793 -0.0035912 0)
(-0.0540448 -0.00270698 0)
(-0.0177676 -0.00180107 0)
(0.0846392 -0.000968391 0)
(0.318253 -0.000334934 0)
(0.732999 -4.17349e-05 0)
(-0.00441534 -4.14548e-05 0)
(-0.00900244 -0.000195545 0)
(-0.0110084 -0.000443585 0)
(-0.011852 -0.000720416 0)
(-0.0123058 -0.00100708 0)
(-0.0126911 -0.00130123 0)
(-0.013119 -0.00160303 0)
(-0.0136239 -0.00191344 0)
(-0.0142171 -0.00223374 0)
(-0.014904 -0.00256525 0)
(-0.0156891 -0.00290914 0)
(-0.0165769 -0.00326647 0)
(-0.0175722 -0.00363806 0)
(-0.0186803 -0.00402447 0)
(-0.0199069 -0.00442587 0)
(-0.0212577 -0.00484193 0)
(-0.0227388 -0.00527169 0)
(-0.0243561 -0.00571346 0)
(-0.0261153 -0.00616459 0)
(-0.0280218 -0.00662129 0)
(-0.03008 -0.00707832 0)
(-0.032293 -0.00752868 0)
(-0.0346622 -0.0079634 0)
(-0.0371866 -0.0083713 0)
(-0.0398615 -0.00873869 0)
(-0.0426782 -0.00904911 0)
(-0.0456227 -0.00928333 0)
(-0.048674 -0.00941965 0)
(-0.0518033 -0.00943432 0)
(-0.0549714 -0.00930238 0)
(-0.0581251 -0.00899924 0)
(-0.0611795 -0.00850289 0)
(-0.0639481 -0.00779695 0)
(-0.0658638 -0.00687538 0)
(-0.0650018 -0.00575036 0)
(-0.0551553 -0.00446448 0)
(-0.0188658 -0.00310099 0)
(0.083689 -0.00178124 0)
(0.317589 -0.000691929 0)
(0.732726 -0.000115813 0)
(-0.00429386 -5.33535e-05 0)
(-0.0087569 -0.000251171 0)
(-0.0107095 -0.000569244 0)
(-0.0115312 -0.000924164 0)
(-0.0119739 -0.00129178 0)
(-0.0123505 -0.00166919 0)
(-0.012769 -0.00205671 0)
(-0.0132631 -0.00245567 0)
(-0.013844 -0.00286785 0)
(-0.0145171 -0.00329502 0)
(-0.0152871 -0.00373889 0)
(-0.0161585 -0.00420095 0)
(-0.0171367 -0.00468248 0)
(-0.0182271 -0.00518445 0)
(-0.0194359 -0.00570737 0)
(-0.0207696 -0.00625118 0)
(-0.0222348 -0.00681508 0)
(-0.0238385 -0.00739732 0)
(-0.0255876 -0.00799502 0)
(-0.027489 -0.00860385 0)
(-0.0295488 -0.00921767 0)
(-0.0317723 -0.00982808 0)
(-0.0341633 -0.0104241 0)
(-0.0367236 -0.0109918 0)
(-0.0394518 -0.0115136 0)
(-0.0423423 -0.0119683 0)
(-0.0453844 -0.0123306 0)
(-0.0485602 -0.0125711 0)
(-0.0518428 -0.012657 0)
(-0.0551942 -0.0125531 0)
(-0.0585598 -0.0122231 0)
(-0.0618506 -0.0116332 0)
(-0.0648712 -0.0107558 0)
(-0.0670389 -0.00957627 0)
(-0.0664023 -0.00810311 0)
(-0.0567125 -0.00638425 0)
(-0.0204544 -0.00452051 0)
(0.0822505 -0.00266568 0)
(0.316515 -0.00107777 0)
(0.732254 -0.000195117 0)
(-0.00414245 -6.49488e-05 0)
(-0.00845128 -0.000305363 0)
(-0.0103375 -0.000691658 0)
(-0.011132 -0.00112267 0)
(-0.0115608 -0.00156921 0)
(-0.0119262 -0.00202788 0)
(-0.0123327 -0.00249916 0)
(-0.012813 -0.00298478 0)
(-0.0133779 -0.00348701 0)
(-0.0140331 -0.00400819 0)
(-0.0147833 -0.00455053 0)
(-0.0156333 -0.00511609 0)
(-0.0165887 -0.00570668 0)
(-0.0176554 -0.00632375 0)
(-0.0188401 -0.00696832 0)
(-0.0201498 -0.00764075 0)
(-0.0215923 -0.0083406 0)
(-0.0231755 -0.00906634 0)
(-0.024908 -0.00981513 0)
(-0.0267982 -0.0105824 0)
(-0.0288545 -0.0113616 0)
(-0.0310849 -0.0121432 0)
(-0.0334965 -0.0129147 0)
(-0.0360946 -0.0136597 0)
(-0.038882 -0.0143574 0)
(-0.041858 -0.0149817 0)
(-0.0450163 -0.0155011 0)
(-0.0483437 -0.0158782 0)
(-0.0518175 -0.01607 0)
(-0.055402 -0.0160289 0)
(-0.0590425 -0.0157046 0)
(-0.0626459 -0.0150476 0)
(-0.0660067 -0.0140147 0)
(-0.0685226 -0.0125775 0)
(-0.0682083 -0.0107369 0)
(-0.0587601 -0.00854456 0)
(-0.0225875 -0.00612138 0)
(0.0802685 -0.00366161 0)
(0.314989 -0.00150971 0)
(0.731563 -0.000282888 0)
(-0.00396199 -7.61617e-05 0)
(-0.00808735 -0.000357761 0)
(-0.00989465 -0.000810018 0)
(-0.0106567 -0.00131463 0)
(-0.0110688 -0.00183757 0)
(-0.0114206 -0.00237496 0)
(-0.0118123 -0.00292751 0)
(-0.0122755 -0.00349735 0)
(-0.0128208 -0.00408729 0)
(-0.0134538 -0.00470026 0)
(-0.0141793 -0.00533906 0)
(-0.0150025 -0.00600636 0)
(-0.0159291 -0.00670459 0)
(-0.0169655 -0.00743585 0)
(-0.0181189 -0.00820178 0)
(-0.0193971 -0.00900338 0)
(-0.0208088 -0.0098408 0)
(-0.0223633 -0.010713 0)
(-0.0240707 -0.0116177 0)
(-0.0259414 -0.0125504 0)
(-0.0279865 -0.0135044 0)
(-0.0302172 -0.0144701 0)
(-0.0326443 -0.0154337 0)
(-0.0352779 -0.0163772 0)
(-0.0381261 -0.0172769 0)
(-0.0411943 -0.0181024 0)
(-0.044483 -0.0188162 0)
(-0.0479859 -0.0193724 0)
(-0.0516865 -0.0197169 0)
(-0.0555543 -0.0197877 0)
(-0.0595369 -0.0195168 0)
(-0.0635382 -0.0188341 0)
(-0.0673421 -0.0176743 0)
(-0.0703231 -0.0159882 0)
(-0.0704526 -0.0137617 0)
(-0.0613556 -0.011046 0)
(-0.025341 -0.00798435 0)
(0.0776631 -0.00482158 0)
(0.312946 -0.00201064 0)
(0.730622 -0.000383645 0)
(-0.00375357 -8.69112e-05 0)
(-0.00766727 -0.000407994 0)
(-0.00938355 -0.000923501 0)
(-0.0101081 -0.00149872 0)
(-0.0105007 -0.002095 0)
(-0.0108364 -0.00270806 0)
(-0.0112106 -0.00333883 0)
(-0.0116535 -0.00398989 0)
(-0.0121753 -0.00466462 0)
(-0.0127817 -0.00536657 0)
(-0.0134774 -0.00609919 0)
(-0.014268 -0.00686584 0)
(-0.0151593 -0.00766968 0)
(-0.0161583 -0.00851358 0)
(-0.0172725 -0.00939997 0)
(-0.0185107 -0.0103307 0)
(-0.0198823 -0.0113068 0)
(-0.0213981 -0.0123282 0)
(-0.0230698 -0.0133932 0)
(-0.0249102 -0.0144983 0)
(-0.0269332 -0.0156374 0)
(-0.0291535 -0.016801 0)
(-0.0315866 -0.0179753 0)
(-0.0342479 -0.0191415 0)
(-0.0371524 -0.0202737 0)
(-0.0403132 -0.0213385 0)
(-0.0437399 -0.0222925 0)
(-0.0474358 -0.0230818 0)
(-0.0513945 -0.0236401 0)
(-0.0555944 -0.0238891 0)
(-0.0599892 -0.0237392 0)
(-0.0644834 -0.0230936 0)
(-0.0688516 -0.021856 0)
(-0.0724417 -0.0199449 0)
(-0.0731714 -0.0173199 0)
(-0.0645722 -0.0140232 0)
(-0.0288176 -0.0102203 0)
(0.0743212 -0.00621897 0)
(0.31029 -0.00261274 0)
(0.729387 -0.000503674 0)
(-0.00351845 -9.71164e-05 0)
(-0.0071936 -0.000455695 0)
(-0.00880728 -0.00103128 0)
(-0.00948942 -0.0016736 0)
(-0.0098597 -0.00233963 0)
(-0.0101769 -0.00302475 0)
(-0.0105309 -0.00373013 0)
(-0.0109501 -0.00445882 0)
(-0.0114446 -0.0052148 0)
(-0.0120197 -0.00600226 0)
(-0.0126804 -0.00682537 0)
(-0.0134323 -0.00768826 0)
(-0.0142816 -0.00859491 0)
(-0.0152354 -0.00954907 0)
(-0.0163018 -0.0105542 0)
(-0.0174903 -0.0116132 0)
(-0.0188112 -0.0127283 0)
(-0.0202766 -0.0139005 0)
(-0.0218998 -0.0151298 0)
(-0.0236961 -0.0164138 0)
(-0.0256823 -0.0177477 0)
(-0.0278771 -0.0191234 0)
(-0.0303008 -0.0205281 0)
(-0.0329755 -0.021943 0)
(-0.035924 -0.0233422 0)
(-0.0391691 -0.0246899 0)
(-0.0427319 -0.0259387 0)
(-0.0466291 -0.0270272 0)
(-0.0508688 -0.0278772 0)
(-0.0554442 -0.0283923 0)
(-0.0603215 -0.0284575 0)
(-0.0654125 -0.027942 0)
(-0.0704866 -0.0267065 0)
(-0.0748647 -0.0246215 0)
(-0.0763992 -0.0216011 0)
(-0.0684994 -0.0176625 0)
(-0.0331547 -0.012988 0)
(0.0700836 -0.0079617 0)
(0.306884 -0.00336392 0)
(0.727791 -0.000652279 0)
(-0.00325811 -0.0001067 0)
(-0.00666928 -0.000500505 0)
(-0.00816941 -0.00113255 0)
(-0.00880446 -0.00183795 0)
(-0.00914979 -0.00256962 0)
(-0.00944606 -0.00332262 0)
(-0.00977704 -0.00409841 0)
(-0.0101693 -0.00490051 0)
(-0.0106324 -0.00573353 0)
(-0.0111716 -0.00660233 0)
(-0.0117919 -0.00751185 0)
(-0.0124989 -0.00846702 0)
(-0.0132989 -0.00947275 0)
(-0.0141993 -0.0105338 0)
(-0.0152086 -0.0116549 0)
(-0.0163367 -0.0128401 0)
(-0.0175949 -0.0140931 0)
(-0.0189963 -0.0154168 0)
(-0.020556 -0.0168127 0)
(-0.0222913 -0.0182808 0)
(-0.0242221 -0.0198183 0)
(-0.026371 -0.0214195 0)
(-0.0287638 -0.0230737 0)
(-0.0314295 -0.0247646 0)
(-0.0343998 -0.0264672 0)
(-0.0377093 -0.0281462 0)
(-0.0413932 -0.0297524 0)
(-0.0454859 -0.0312188 0)
(-0.0500158 -0.0324568 0)
(-0.0549986 -0.0333519 0)
(-0.0604232 -0.0337605 0)
(-0.0662195 -0.0335098 0)
(-0.0721622 -0.0324037 0)
(-0.0775495 -0.0302416 0)
(-0.0801589 -0.0268629 0)
(-0.073242 -0.0222299 0)
(-0.0385345 -0.0165244 0)
(0.0647253 -0.010217 0)
(0.302524 -0.00434044 0)
(0.725736 -0.000844444 0)
(-0.00297423 -0.000115589 0)
(-0.00609767 -0.000542079 0)
(-0.00747398 -0.00122651 0)
(-0.00805754 -0.00199046 0)
(-0.00837536 -0.00278311 0)
(-0.00864834 -0.00359926 0)
(-0.00895355 -0.00444065 0)
(-0.00931557 -0.00531132 0)
(-0.0097433 -0.00621648 0)
(-0.0102419 -0.00716169 0)
(-0.0108163 -0.00815267 0)
(-0.011472 -0.00919524 0)
(-0.0122153 -0.0102953 0)
(-0.0130538 -0.0114588 0)
(-0.013996 -0.0126916 0)
(-0.0150523 -0.0139995 0)
(-0.0162346 -0.0153878 0)
(-0.0175569 -0.0168616 0)
(-0.0190355 -0.0184247 0)
(-0.0206898 -0.0200797 0)
(-0.0225424 -0.0218273 0)
(-0.0246197 -0.0236651 0)
(-0.0269528 -0.0255864 0)
(-0.0295778 -0.0275789 0)
(-0.0325363 -0.0296218 0)
(-0.0358757 -0.031683 0)
(-0.0396485 -0.0337151 0)
(-0.0439107 -0.0356496 0)
(-0.0487182 -0.0373913 0)
(-0.0541195 -0.03881 0)
(-0.0601399 -0.0397329 0)
(-0.0667454 -0.039939 0)
(-0.0737353 -0.0391592 0)
(-0.0804007 -0.0370926 0)
(-0.0844414 -0.0334594 0)
(-0.0789106 -0.0281145 0)
(-0.0451939 -0.0211972 0)
(0.0579258 -0.0132581 0)
(0.296907 -0.00567143 0)
(0.723071 -0.00110606 0)
(-0.00266865 -0.000123725 0)
(-0.00548247 -0.000580101 0)
(-0.00672552 -0.0013124 0)
(-0.00725351 -0.00212987 0)
(-0.00754139 -0.00297828 0)
(-0.00778881 -0.00385226 0)
(-0.00806559 -0.00475386 0)
(-0.00839413 -0.00568758 0)
(-0.00878265 -0.00665926 0)
(-0.00923607 -0.00767516 0)
(-0.00975908 -0.00874178 0)
(-0.010357 -0.00986585 0)
(-0.0110361 -0.0110543 0)
(-0.0118037 -0.0123143 0)
(-0.0126686 -0.0136532 0)
(-0.0136411 -0.0150784 0)
(-0.0147333 -0.0165974 0)
(-0.0159598 -0.0182174 0)
(-0.017338 -0.0199454 0)
(-0.0188884 -0.0217872 0)
(-0.020636 -0.0237477 0)
(-0.0226104 -0.0258294 0)
(-0.0248475 -0.0280313 0)
(-0.0273902 -0.0303475 0)
(-0.0302899 -0.0327644 0)
(-0.0336076 -0.0352576 0)
(-0.0374148 -0.0377864 0)
(-0.0417935 -0.0402876 0)
(-0.046834 -0.0426661 0)
(-0.0526296 -0.0447831 0)
(-0.0592609 -0.0464417 0)
(-0.0667561 -0.0473711 0)
(-0.0749731 -0.0472156 0)
(-0.0832298 -0.0455393 0)
(-0.0891648 -0.0418801 0)
(-0.0855959 -0.035897 0)
(-0.0534293 -0.0275964 0)
(0.0492261 -0.0175563 0)
(0.289559 -0.00759471 0)
(0.719546 -0.00148655 0)
(-0.00234337 -0.000131067 0)
(-0.00482778 -0.000614288 0)
(-0.00592904 -0.00138948 0)
(-0.00639774 -0.00225487 0)
(-0.00665342 -0.00315327 0)
(-0.00687312 -0.00407918 0)
(-0.00711893 -0.00503493 0)
(-0.00741089 -0.00602552 0)
(-0.00775646 -0.00705734 0)
(-0.00816019 -0.00813735 0)
(-0.00862648 -0.00927282 0)
(-0.00916034 -0.0104714 0)
(-0.00976775 -0.011741 0)
(-0.0104558 -0.0130902 0)
(-0.0112328 -0.0145277 0)
(-0.012109 -0.0160628 0)
(-0.0130965 -0.0177051 0)
(-0.0142097 -0.0194646 0)
(-0.0154664 -0.0213515 0)
(-0.0168878 -0.0233757 0)
(-0.0185002 -0.025547 0)
(-0.0203354 -0.0278741 0)
(-0.0224331 -0.0303634 0)
(-0.0248416 -0.0330182 0)
(-0.0276213 -0.0358357 0)
(-0.030846 -0.0388039 0)
(-0.0346066 -0.0418963 0)
(-0.0390135 -0.0450638 0)
(-0.0441977 -0.0482234 0)
(-0.0503095 -0.0512415 0)
(-0.0575068 -0.0539109 0)
(-0.0659161 -0.0559215 0)
(-0.0755066 -0.0568276 0)
(-0.0856888 -0.0560268 0)
(-0.0940974 -0.0527938 0)
(-0.093306 -0.0464527 0)
(-0.0635908 -0.0366986 0)
(0.0379429 -0.0239704 0)
(0.279696 -0.0105874 0)
(0.714721 -0.00209287 0)
(-0.00200049 -0.000137604 0)
(-0.00413807 -0.000644343 0)
(-0.00509006 -0.00145681 0)
(-0.00549617 -0.00236385 0)
(-0.00571758 -0.00330575 0)
(-0.00590753 -0.00427696 0)
(-0.00612 -0.00528009 0)
(-0.00637249 -0.00632053 0)
(-0.00667161 -0.00740524 0)
(-0.00702143 -0.00854177 0)
(-0.00742595 -0.00973815 0)
(-0.00788974 -0.0110029 0)
(-0.00841829 -0.012345 0)
(-0.00901813 -0.0137741 0)
(-0.00969715 -0.0153006 0)
(-0.0104648 -0.0169355 0)
(-0.0113327 -0.0186908 0)
(-0.0123147 -0.0205793 0)
(-0.0134281 -0.0226146 0)
(-0.0146939 -0.0248112 0)
(-0.0161384 -0.0271845 0)
(-0.0177944 -0.0297502 0)
(-0.019703 -0.0325241 0)
(-0.0219165 -0.0355208 0)
(-0.0245009 -0.038752 0)
(-0.0275408 -0.0422241 0)
(-0.0311443 -0.0459326 0)
(-0.035449 -0.0498547 0)
(-0.0406293 -0.0539364 0)
(-0.0469016 -0.0580721 0)
(-0.0545226 -0.0620732 0)
(-0.0637601 -0.0656212 0)
(-0.0747692 -0.0682037 0)
(-0.0871654 -0.0690438 0)
(-0.098711 -0.0670747 0)
(-0.101811 -0.0610929 0)
(-0.075975 -0.0501611 0)
(0.0231771 -0.034128 0)
(0.265991 -0.0156529 0)
(0.707747 -0.00316887 0)
(-0.00164223 -0.000143286 0)
(-0.00341847 -0.000669595 0)
(-0.004215 -0.0015125 0)
(-0.00455563 -0.00245358 0)
(-0.00474087 -0.00343126 0)
(-0.00489923 -0.0044399 0)
(-0.00507619 -0.0054823 0)
(-0.00528662 -0.0065642 0)
(-0.00553612 -0.007693 0)
(-0.00582823 -0.00887681 0)
(-0.0061664 -0.0101243 0)
(-0.00655463 -0.0114448 0)
(-0.00699771 -0.0128482 0)
(-0.00750144 -0.0143454 0)
(-0.00807281 -0.015948 0)
(-0.00872034 -0.0176691 0)
(-0.00945442 -0.0195226 0)
(-0.0102878 -0.0215242 0)
(-0.0112364 -0.0236911 0)
(-0.0123199 -0.0260423 0)
(-0.0135631 -0.0285992 0)
(-0.0149977 -0.0313852 0)
(-0.0166641 -0.0344261 0)
(-0.0186147 -0.03775 0)
(-0.0209176 -0.0413864 0)
(-0.0236627 -0.0453647 0)
(-0.0269692 -0.0497113 0)
(-0.0309959 -0.0544432 0)
(-0.0359554 -0.0595566 0)
(-0.0421305 -0.0650067 0)
(-0.0498895 -0.0706705 0)
(-0.059681 -0.0762852 0)
(-0.0719348 -0.0813468 0)
(-0.0866383 -0.0849631 0)
(-0.101936 -0.0857038 0)
(-0.110335 -0.0816222 0)
(-0.0906396 -0.0706244 0)
(0.00353741 -0.0511504 0)
(0.246029 -0.0251444 0)
(0.696803 -0.00535349 0)
(-0.00127139 -0.000147708 0)
(-0.00267579 -0.000687598 0)
(-0.00331228 -0.0015507 0)
(-0.00358498 -0.00251482 0)
(-0.00373233 -0.00351723 0)
(-0.00385745 -0.00455206 0)
(-0.00399708 -0.00562216 0)
(-0.00416325 -0.00673345 0)
(-0.00436053 -0.00789365 0)
(-0.00459175 -0.0091113 0)
(-0.00485973 -0.0103956 0)
(-0.00516773 -0.0117564 0)
(-0.00551972 -0.0132047 0)
(-0.00592048 -0.014752 0)
(-0.00637586 -0.0164115 0)
(-0.00689298 -0.0181974 0)
(-0.00748064 -0.0201258 0)
(-0.00814971 -0.0222148 0)
(-0.00891378 -0.0244848 0)
(-0.00979001 -0.0269593 0)
(-0.0108003 -0.029665 0)
(-0.0119726 -0.032633 0)
(-0.0133439 -0.0358993 0)
(-0.0149622 -0.0395058 0)
(-0.0168921 -0.0435011 0)
(-0.019221 -0.0479413 0)
(-0.0220687 -0.0528896 0)
(-0.0256015 -0.0584149 0)
(-0.0300539 -0.0645856 0)
(-0.0357577 -0.0714553 0)
(-0.0431824 -0.0790315 0)
(-0.0529699 -0.087211 0)
(-0.0658978 -0.0956531 0)
(-0.0825225 -0.103548 0)
(-0.101775 -0.109271 0)
(-0.116887 -0.110085 0)
(-0.106541 -0.102147 0)
(-0.0221924 -0.08068 0)
(0.215753 -0.0440905 0)
(0.677851 -0.0102405 0)
(-0.000892598 -0.000148929 0)
(-0.00192057 -0.000689669 0)
(-0.00239422 -0.00155285 0)
(-0.00259676 -0.00251896 0)
(-0.00270457 -0.00352508 0)
(-0.00279511 -0.00456466 0)
(-0.00289608 -0.00564023 0)
(-0.0030165 -0.00675767 0)
(-0.00315974 -0.00792482 0)
(-0.00332785 -0.00915041 0)
(-0.00352292 -0.0104439 0)
(-0.00374736 -0.0118157 0)
(-0.00400414 -0.013277 0)
(-0.00429687 -0.0148401 0)
(-0.00462996 -0.0165188 0)
(-0.00500884 -0.0183286 0)
(-0.00544023 -0.0202867 0)
(-0.00593248 -0.0224131 0)
(-0.00649614 -0.0247305 0)
(-0.0071446 -0.0272657 0)
(-0.0078951 -0.0300497 0)
(-0.00877008 -0.0331199 0)
(-0.00979917 -0.0365206 0)
(-0.011022 -0.0403059 0)
(-0.0124926 -0.0445417 0)
(-0.014286 -0.0493093 0)
(-0.0165078 -0.0547095 0)
(-0.0193111 -0.0608669 0)
(-0.0229208 -0.0679346 0)
(-0.027676 -0.0760949 0)
(-0.0340931 -0.0855499 0)
(-0.042954 -0.0964839 0)
(-0.0553696 -0.108956 0)
(-0.0725917 -0.122639 0)
(-0.0948073 -0.13626 0)
(-0.117044 -0.146774 0)
(-0.119538 -0.148403 0)
(-0.0530254 -0.131018 0)
(0.169402 -0.0831332 0)
(0.641728 -0.0220307 0)
(-0.000517769 -0.000139814 0)
(-0.00117392 -0.000649194 0)
(-0.00148337 -0.00146662 0)
(-0.00161334 -0.00238662 0)
(-0.0016802 -0.00334746 0)
(-0.00173555 -0.00434115 0)
(-0.00179755 -0.0053695 0)
(-0.00187196 -0.00643803 0)
(-0.00196079 -0.00755431 0)
(-0.00206529 -0.00872685 0)
(-0.0021867 -0.00996489 0)
(-0.00232655 -0.0112785 0)
(-0.00248669 -0.0126788 0)
(-0.00266944 -0.0141779 0)
(-0.00287763 -0.0157894 0)
(-0.00311473 -0.0175288 0)
(-0.00338506 -0.0194135 0)
(-0.00369404 -0.0214635 0)
(-0.00404852 -0.0237024 0)
(-0.00445725 -0.0261576 0)
(-0.0049316 -0.0288621 0)
(-0.00548646 -0.0318555 0)
(-0.00614164 -0.0351863 0)
(-0.00692402 -0.0389148 0)
(-0.00787075 -0.043117 0)
(-0.00903433 -0.04789 0)
(-0.0104908 -0.0533604 0)
(-0.0123535 -0.0596953 0)
(-0.0147965 -0.067119 0)
(-0.0180974 -0.0759354 0)
(-0.022711 -0.0865568 0)
(-0.0293962 -0.0995315 0)
(-0.0393889 -0.115541 0)
(-0.0544791 -0.135262 0)
(-0.076326 -0.158801 0)
(-0.103061 -0.184353 0)
(-0.119896 -0.205817 0)
(-0.0826936 -0.207494 0)
(0.0990645 -0.159013 0)
(0.563266 -0.0510314 0)
(-0.00018868 -0.000102258 0)
(-0.000505098 -0.000504621 0)
(-0.000657569 -0.00117545 0)
(-0.000716953 -0.00193934 0)
(-0.000744955 -0.00273946 0)
(-0.000767939 -0.00356663 0)
(-0.000794434 -0.00442202 0)
(-0.000826843 -0.00531046 0)
(-0.000865892 -0.00623844 0)
(-0.000912016 -0.00721322 0)
(-0.000965721 -0.00824265 0)
(-0.00102766 -0.00933526 0)
(-0.00109865 -0.0105004 0)
(-0.00117975 -0.0117484 0)
(-0.00127222 -0.0130908 0)
(-0.00137763 -0.0145408 0)
(-0.00149794 -0.0161132 0)
(-0.0016356 -0.0178254 0)
(-0.00179371 -0.0196976 0)
(-0.00197628 -0.0217537 0)
(-0.00218848 -0.0240226 0)
(-0.00243717 -0.0265393 0)
(-0.00273147 -0.029347 0)
(-0.00308386 -0.0325002 0)
(-0.00351172 -0.0360685 0)
(-0.00403991 -0.0401429 0)
(-0.0047051 -0.0448448 0)
(-0.00556327 -0.0503402 0)
(-0.0067039 -0.0568627 0)
(-0.00827761 -0.0647511 0)
(-0.0105521 -0.0745118 0)
(-0.0140248 -0.0869235 0)
(-0.0196325 -0.103203 0)
(-0.0290518 -0.125202 0)
(-0.0447454 -0.155333 0)
(-0.0682911 -0.195629 0)
(-0.0938819 -0.245018 0)
(-0.0943457 -0.289365 0)
(0.00583733 -0.275776 0)
(0.404964 -0.113397 0)
(-2.1897e-05 -2.1972e-05 0)
(-0.000101894 -0.00018814 0)
(-0.000140796 -0.000517721 0)
(-0.00015366 -0.000900056 0)
(-0.000158615 -0.00129949 0)
(-0.000162733 -0.00171016 0)
(-0.000167915 -0.00213332 0)
(-0.000174551 -0.00257205 0)
(-0.000182702 -0.00302996 0)
(-0.000192406 -0.00351082 0)
(-0.000203746 -0.00401865 0)
(-0.00021685 -0.00455772 0)
(-0.000231892 -0.00513271 0)
(-0.000249095 -0.00574881 0)
(-0.000268731 -0.00641181 0)
(-0.000291134 -0.00712828 0)
(-0.000316722 -0.00790572 0)
(-0.000346016 -0.00875281 0)
(-0.000379684 -0.00967972 0)
(-0.000418585 -0.0106985 0)
(-0.000463836 -0.0118237 0)
(-0.0005169 -0.013073 0)
(-0.000579733 -0.0144683 0)
(-0.000655008 -0.0160372 0)
(-0.00074647 -0.0178152 0)
(-0.000859502 -0.0198488 0)
(-0.00100212 -0.0222004 0)
(-0.0011868 -0.0249565 0)
(-0.00143423 -0.0282411 0)
(-0.00178141 -0.0322403 0)
(-0.00230007 -0.0372504 0)
(-0.0031392 -0.0437764 0)
(-0.00461878 -0.0527454 0)
(-0.00740601 -0.065924 0)
(-0.012708 -0.0865312 0)
(-0.0219534 -0.120088 0)
(-0.0343613 -0.176088 0)
(-0.0389841 -0.260822 0)
(0.0118075 -0.315477 0)
(0.303964 -0.156762 0)
)
;

boundaryField
{
    frontAndBack
    {
        type            empty;
    }
    fixedWalls
    {
        type            noSlip;
    }
    movingWall
    {
        type            fixedValue;
        value           uniform (1 0 0);
    }
}


// ************************************************************************* //
