/*--------------------------------*- C++ -*----------------------------------*\
  =========                 |
  \\      /  F ield         | OpenFOAM: The Open Source CFD Toolbox
   \\    /   O peration     | Website:  https://openfoam.org
    \\  /    A nd           | Version:  10
     \\/     M anipulation  |
\*---------------------------------------------------------------------------*/
FoamFile
{
    format      ascii;
    class       volScalarField;
    location    "0.3";
    object      p;
}
// * * * * * * * * * * * * * * * * * * * * * * * * * * * * * * * * * * * * * //

dimensions      [0 2 -2 0 0 0 0];

internalField   nonuniform List<scalar> 
1600
(
-1.22932e-08
0.000162768
0.000299879
0.000373172
0.000351476
0.000221369
-2.04609e-05
-0.000374634
-0.000842282
-0.001426
-0.00213
-0.00296005
-0.00392338
-0.00502868
-0.00628609
-0.00770731
-0.00930576
-0.0110968
-0.0130981
-0.0153299
-0.0178156
-0.0205825
-0.0236627
-0.027094
-0.030922
-0.0352027
-0.040006
-0.0454223
-0.0515726
-0.0586271
-0.0668394
-0.076612
-0.0886238
-0.104086
-0.125273
-0.156605
-0.206677
-0.294444
-0.476941
-0.849717
-0.000168717
-6.391e-06
9.12939e-05
0.000117432
5.87871e-05
-9.82509e-05
-0.000360883
-0.000733264
-0.0012191
-0.00182262
-0.00254905
-0.00340478
-0.00439753
-0.00553646
-0.0068322
-0.00829709
-0.00994528
-0.0117931
-0.0138593
-0.0161659
-0.0187382
-0.0216062
-0.0248055
-0.0283787
-0.0323782
-0.0368692
-0.0419347
-0.0476836
-0.0542626
-0.0618758
-0.0708168
-0.0815216
-0.0946543
-0.111244
-0.132885
-0.162
-0.201909
-0.254973
-0.315582
-0.372986
-0.000310521
-0.000110869
-1.43188e-05
-4.18275e-06
-7.90066e-05
-0.000249987
-0.000524594
-0.000907745
-0.00140402
-0.00201837
-0.00275654
-0.00362532
-0.00463272
-0.00578814
-0.0071025
-0.00858839
-0.0102603
-0.012135
-0.0142317
-0.016573
-0.0191851
-0.0220987
-0.0253507
-0.0289852
-0.0330561
-0.0376305
-0.0427933
-0.0486544
-0.0553586
-0.0631008
-0.072148
-0.0828699
-0.0957784
-0.111563
-0.131063
-0.155057
-0.183764
-0.214915
-0.233366
-0.204845
-0.000384421
-0.0001432
-3.46063e-05
-2.63225e-05
-0.000106616
-0.000283893
-0.00056455
-0.000953091
-0.00145414
-0.00207285
-0.0028152
-0.00368812
-0.00469978
-0.00585969
-0.00717882
-0.00866983
-0.0103473
-0.0122278
-0.0143308
-0.0166788
-0.0192976
-0.0222181
-0.0254763
-0.0291154
-0.0331877
-0.0377575
-0.0429047
-0.04873
-0.0553624
-0.062968
-0.0717628
-0.0820248
-0.0941016
-0.10839
-0.125214
-0.144472
-0.16506
-0.18355
-0.186925
-0.150732
-0.000359129
-9.12683e-05
2.72056e-05
3.67696e-05
-4.50771e-05
-0.000224755
-0.000507574
-0.000897452
-0.0013988
-0.00201675
-0.00275731
-0.00362746
-0.00463537
-0.00579052
-0.00710383
-0.00858784
-0.0102569
-0.0121275
-0.0142186
-0.0165522
-0.0191536
-0.0220523
-0.0252829
-0.0288864
-0.0329115
-0.0374172
-0.0424753
-0.0481739
-0.0546221
-0.0619549
-0.0703391
-0.0799745
-0.0910841
-0.103867
-0.118338
-0.133944
-0.148988
-0.159771
-0.156509
-0.124456
-0.000224027
5.56849e-05
0.000179462
0.000190646
0.000109187
-7.01303e-05
-0.000351784
-0.000739153
-0.00123636
-0.0018484
-0.00258118
-0.00344162
-0.0044378
-0.00557905
-0.00687612
-0.00834127
-0.00998852
-0.0118339
-0.0138958
-0.0161953
-0.0187565
-0.0216075
-0.0247805
-0.0283133
-0.0322501
-0.0366436
-0.041556
-0.0470621
-0.053251
-0.0602295
-0.0681224
-0.0770686
-0.0872015
-0.0985869
-0.111053
-0.123816
-0.134988
-0.141172
-0.135508
-0.109197
2.01183e-05
0.000300749
0.000425545
0.000437661
0.000357511
0.000180559
-9.70926e-05
-0.000478402
-0.000967206
-0.00156831
-0.00228745
-0.00313139
-0.00410805
-0.00522654
-0.00649731
-0.00793225
-0.00954492
-0.0113507
-0.0133672
-0.0156144
-0.0181151
-0.0208952
-0.0239844
-0.0274168
-0.0312319
-0.0354753
-0.0401999
-0.0454674
-0.051349
-0.0579264
-0.0652901
-0.0735313
-0.0827169
-0.0928211
-0.103558
-0.114051
-0.122474
-0.126019
-0.120138
-0.0996623
0.000368578
0.000642704
0.00076502
0.000777017
0.00069855
0.000525459
0.000254231
-0.000117788
-0.000594186
-0.00117956
-0.00187944
-0.00270041
-0.00365013
-0.00473743
-0.00597241
-0.0073665
-0.00893268
-0.0106857
-0.0126421
-0.0148207
-0.0172426
-0.0199318
-0.0229151
-0.0262228
-0.0298895
-0.0339541
-0.0384608
-0.043459
-0.0490042
-0.0551567
-0.0619788
-0.0695238
-0.0778085
-0.0867438
-0.0959807
-0.104638
-0.111081
-0.113124
-0.10788
-0.0923966
0.000815748
0.00107849
0.00119573
0.00120666
0.00113009
0.000962114
0.000699478
0.00033974
-0.000120476
-0.000685554
-0.00136082
-0.00215262
-0.00306833
-0.00411645
-0.00530667
-0.00664991
-0.00815854
-0.00984646
-0.0117293
-0.0138246
-0.0161518
-0.0187327
-0.0215912
-0.0247543
-0.0282516
-0.0321158
-0.0363829
-0.0410919
-0.0462843
-0.0520025
-0.0582855
-0.0651568
-0.0725955
-0.0804705
-0.0884064
-0.0955725
-0.100573
-0.101767
-0.0973668
-0.0857356
0.001356
0.00160408
0.00171439
0.00172354
0.00164913
0.00148743
0.0012354
0.000890761
0.00045031
-9.01309e-05
-0.000735669
-0.00149238
-0.00236735
-0.00336871
-0.0045057
-0.00578873
-0.00722948
-0.00884107
-0.0106381
-0.0126368
-0.0148551
-0.0173125
-0.0200306
-0.0230325
-0.0263438
-0.0299914
-0.0340042
-0.0384118
-0.0432441
-0.0485285
-0.0542852
-0.0605145
-0.0671683
-0.0740907
-0.0809056
-0.0868622
-0.0908045
-0.0915252
-0.0879359
-0.0791498
0.00198371
0.00221476
0.0023168
0.00232373
0.00225182
0.00209754
0.00185804
0.00153117
0.00111389
0.000602219
-8.71774e-06
-0.000724726
-0.00155258
-0.00250002
-0.00357583
-0.00478987
-0.00615318
-0.00767806
-0.00937815
-0.0112684
-0.0133652
-0.0156861
-0.0182502
-0.0210778
-0.0241902
-0.0276096
-0.0313585
-0.0354589
-0.0399306
-0.0447893
-0.0500401
-0.055666
-0.0616008
-0.067677
-0.0735347
-0.078514
-0.0816753
-0.0821396
-0.0792508
-0.0725383
0.00269315
0.00290528
0.00299807
0.00300254
0.00293356
0.00278784
0.00256272
0.00225616
0.00186529
0.00138631
0.000814585
0.000144587
-0.000630125
-0.00151692
-0.0025241
-0.003661
-0.004938
-0.00636665
-0.00795964
-0.0097308
-0.011695
-0.0138682
-0.0162672
-0.0189096
-0.0218135
-0.0249967
-0.0284766
-0.0322686
-0.0363849
-0.0408315
-0.0456026
-0.0506686
-0.0559525
-0.0612849
-0.0663322
-0.0705244
-0.0731049
-0.0734353
-0.0711228
-0.0659219
0.00347827
0.0036699
0.00375268
0.0037546
0.00368906
0.00355305
0.00334409
0.00306027
0.00269886
0.00225627
0.00172811
0.00110912
0.000393194
-0.000426644
-0.00135825
-0.00241043
-0.00359295
-0.00491664
-0.00639334
-0.00803584
-0.00985778
-0.0118736
-0.0140981
-0.0165468
-0.0192349
-0.022177
-0.025386
-0.0288725
-0.0326424
-0.0366948
-0.0410157
-0.0455677
-0.0502684
-0.054953
-0.0593185
-0.0628776
-0.065022
-0.0652865
-0.0634369
-0.059348
0.00433262
0.00450238
0.00457456
0.00457395
0.00451241
0.00438723
0.00419615
0.00393736
0.0036083
0.00320559
0.00272507
0.00216176
0.00150989
0.000762882
-8.66962e-05
-0.00104713
-0.00212763
-0.00333836
-0.00469039
-0.00619563
-0.00786665
-0.00971659
-0.0117589
-0.0140071
-0.0164743
-0.0191725
-0.0221114
-0.0252977
-0.0287331
-0.0324116
-0.0363139
-0.040398
-0.0445803
-0.0487044
-0.0524987
-0.0555479
-0.0573616
-0.0575971
-0.0561163
-0.0528586
0.00524928
0.00539597
0.00545708
0.00545404
0.00539709
0.00528385
0.00511229
0.0048807
0.0045867
0.00422712
0.00379802
0.00329475
0.00271185
0.00204311
0.00128155
0.000419361
-0.000552152
-0.00164256
-0.00286227
-0.00422245
-0.00573481
-0.0074115
-0.00926486
-0.0113071
-0.0135497
-0.0160027
-0.0186738
-0.0215671
-0.0246814
-0.0280074
-0.0315229
-0.0351837
-0.0389079
-0.0425496
-0.0458663
-0.0485039
-0.050064
-0.0502903
-0.049104
-0.0464805
0.00622085
0.00634343
0.00639311
0.0063878
0.00633606
0.00623583
0.00608532
0.00588297
0.00562654
0.00531308
0.00493893
0.0044997
0.0039903
0.00340489
0.00273689
0.00197896
0.00112288
0.000159601
-0.000920737
-0.00212869
-0.00347533
-0.00497209
-0.00663055
-0.00846206
-0.0104772
-0.0126848
-0.0150914
-0.0176995
-0.0205064
-0.0235013
-0.0266607
-0.0299403
-0.0332614
-0.0364888
-0.0394069
-0.0417116
-0.0430749
-0.0433026
-0.0423534
-0.0402247
0.00723949
0.00733706
0.00737503
0.00736766
0.00732174
0.00723554
0.00710753
0.00693628
0.00671972
0.00645514
0.00613914
0.00576765
0.0053359
0.00483846
0.00426914
0.00362104
0.00288638
0.00205658
0.00112222
7.32065e-05
-0.00110109
-0.00241168
-0.00386973
-0.0054862
-0.00727125
-0.00923343
-0.0113787
-0.0137094
-0.0162224
-0.0189065
-0.0217383
-0.0246752
-0.0276422
-0.0305149
-0.0331001
-0.0351346
-0.0363446
-0.0365797
-0.0358238
-0.0340902
0.00829688
0.00836871
0.0083948
0.00838561
0.00834609
0.00827489
0.0081707
0.00803224
0.00785764
0.00764442
0.00738947
0.00708905
0.00673874
0.0063335
0.00586757
0.00533445
0.00472681
0.00403645
0.00325432
0.00237065
0.00137506
0.000256739
-0.000995425
-0.00239244
-0.00394465
-0.00566089
-0.00754758
-0.0096076
-0.0118385
-0.0142302
-0.0167605
-0.0193889
-0.0220453
-0.0246145
-0.0269223
-0.0287376
-0.0298278
-0.0300739
-0.0294782
-0.0280672
0.00938433
0.00942984
0.00944395
0.0094332
0.00940067
0.00934532
0.00926614
0.00916198
0.00903118
0.00887152
0.0086802
0.00845382
0.00818835
0.00787916
0.00752091
0.00710753
0.00663211
0.00608681
0.00546291
0.00475083
0.0039403
0.00302044
0.00197991
0.000807242
-0.000508596
-0.0019774
-0.00360683
-0.00540125
-0.00736
-0.00947487
-0.0117262
-0.0140764
-0.01646
-0.01877
-0.0208472
-0.0224851
-0.0234823
-0.0237421
-0.0232813
-0.0221398
0.0104928
0.0105116
0.0105137
0.0105016
0.0104766
0.0104379
0.0103848
0.0103162
0.0102308
0.0101266
0.0100011
0.00985134
0.00967371
0.00946398
0.00921729
0.00892802
0.00858967
0.00819478
0.00773489
0.00720061
0.00658158
0.00586671
0.00504416
0.00410164
0.00302693
0.00180865
0.000437168
-0.00109429
-0.00278785
-0.00463834
-0.00662942
-0.00872722
-0.0108707
-0.0129596
-0.014846
-0.0163417
-0.0172677
-0.0175435
-0.0171988
-0.0162874
0.0116129
0.0116047
0.0115948
0.0115818
0.0115647
0.0115433
0.0115171
0.0114852
0.0114464
0.0113992
0.0113414
0.0112705
0.0111832
0.0110759
0.0109442
0.010783
0.0105862
0.0103468
0.0100565
0.00970633
0.00928547
0.00878264
0.00818528
0.00747996
0.00665283
0.00569037
0.00458019
0.0033122
0.00188045
0.000285933
-0.00145938
-0.00332596
-0.00525716
-0.0071579
-0.00888778
-0.0102713
-0.0111447
-0.0114389
-0.0111961
-0.010486
0.0127349
0.0126997
0.012678
0.0126643
0.0126556
0.012652
0.0126533
0.0126589
0.0126678
0.0126787
0.0126901
0.0126996
0.0127048
0.0127024
0.0126886
0.0126589
0.0126078
0.0125286
0.0124135
0.0122534
0.0120378
0.0117547
0.0113908
0.0109313
0.0103604
0.00966177
0.00881958
0.00781949
0.00665058
0.00530838
0.00379924
0.00214754
0.000405517
-0.00133538
-0.00293908
-0.00423664
-0.00507359
-0.00538866
-0.00523711
-0.00470755
0.0138492
0.013787
0.0137537
0.0137395
0.0137395
0.0137542
0.0137835
0.013827
0.0138842
0.013954
0.0140354
0.0141267
0.0142258
0.0143302
0.0144367
0.0145414
0.0146394
0.0147248
0.0147901
0.0148265
0.0148233
0.0147684
0.0146475
0.0144443
0.0141406
0.0137171
0.0131536
0.0124306
0.0115308
0.0104429
0.00916617
0.00771848
0.00614767
0.00454236
0.00303725
0.00180209
0.000987038
0.000649011
0.000717688
0.00108064
0.0149457
0.0148568
0.0148121
0.0147977
0.0148067
0.0148398
0.0148973
0.014979
0.0150846
0.0152137
0.0153656
0.0155391
0.015733
0.0159454
0.0161738
0.0164151
0.0166653
0.0169191
0.0171696
0.0174085
0.0176254
0.0178077
0.0179404
0.0180058
0.0179833
0.0178499
0.0175805
0.0171494
0.0165316
0.0157069
0.0146656
0.0134173
0.0120042
0.010514
0.00908493
0.00788947
0.00708208
0.00671978
0.00671349
0.00691694
0.0160145
0.0158994
0.0158436
0.0158292
0.0158473
0.0158988
0.0159844
0.0161042
0.0162581
0.0164462
0.0166683
0.0169241
0.0172129
0.0175336
0.0178848
0.0182641
0.0186686
0.0190938
0.0195338
0.0199809
0.0204252
0.0208543
0.0212525
0.0216007
0.0218761
0.0220519
0.0220975
0.0219798
0.0216646
0.0211206
0.0203264
0.0192809
0.018019
0.0166274
0.0152515
0.0140756
0.0132656
0.0128788
0.0128067
0.0128476
0.0170457
0.016905
0.0168385
0.0168243
0.0168514
0.0169212
0.0170346
0.0171918
0.0173933
0.0176396
0.0179311
0.0182683
0.0186513
0.0190799
0.0195536
0.0200714
0.0206311
0.0212297
0.0218625
0.0225229
0.0232017
0.023887
0.0245633
0.0252104
0.0258033
0.0263116
0.026699
0.0269239
0.0269413
0.0267063
0.0261821
0.025353
0.0242439
0.0229402
0.021598
0.0204225
0.0196006
0.0191943
0.0190597
0.0189467
0.0180293
0.0178639
0.0177871
0.0177732
0.0178093
0.017897
0.0180374
0.0182311
0.018479
0.0187821
0.0191415
0.0195584
0.0200338
0.0205687
0.0211637
0.0218188
0.0225336
0.0233064
0.0241339
0.0250113
0.0259307
0.0268814
0.0278483
0.0288113
0.0297439
0.0306123
0.0313746
0.0319804
0.0323718
0.0324873
0.0322706
0.0316859
0.0307427
0.0295236
0.0281996
0.0270076
0.0261682
0.0257534
0.0255703
0.0252964
0.0189558
0.0187667
0.0186802
0.0186668
0.0187116
0.0188164
0.0189829
0.0192117
0.0195042
0.0198619
0.0202868
0.0207807
0.0213459
0.0219842
0.0226976
0.0234878
0.0243556
0.0253014
0.0263239
0.0274201
0.0285845
0.0298083
0.0310779
0.032374
0.03367
0.0349298
0.0361065
0.0371407
0.0379607
0.0384853
0.038633
0.0383405
0.037594
0.0364687
0.0351544
0.0339334
0.0330786
0.0326798
0.0324726
0.0320227
0.0198159
0.0196044
0.0195088
0.0194959
0.019549
0.0196701
0.0198612
0.0201232
0.0204579
0.0208675
0.0213546
0.0219219
0.0225728
0.0233103
0.0241379
0.0250586
0.0260755
0.0271909
0.028406
0.0297205
0.0311317
0.0326337
0.0342158
0.0358611
0.0375444
0.0392291
0.040865
0.0423849
0.043703
0.0447157
0.0453103
0.0453862
0.0448947
0.0438942
0.0425946
0.0413415
0.0404894
0.0401553
0.0399675
0.0393182
0.0206006
0.0203683
0.0202643
0.0202519
0.0203128
0.0204492
0.0206631
0.020956
0.0213299
0.0217877
0.0223327
0.0229688
0.0237
0.024531
0.0254665
0.0265115
0.027671
0.0289499
0.0303521
0.0318807
0.0335367
0.0353181
0.0372187
0.0392258
0.0413178
0.0434607
0.045604
0.0476754
0.0495763
0.0511801
0.0523374
0.0528984
0.052763
0.0519567
0.0507063
0.0494415
0.0486383
0.0484608
0.04837
0.0474842
0.0213013
0.0210501
0.0209386
0.020927
0.020995
0.0211452
0.0213798
0.0217006
0.0221102
0.0226119
0.0232098
0.0239086
0.0247135
0.0256305
0.0266658
0.0278263
0.0291194
0.0305523
0.0321325
0.0338666
0.0357603
0.0378167
0.0400355
0.0424106
0.0449271
0.0475573
0.0502551
0.0529482
0.0555304
0.0578541
0.0597305
0.0609498
0.0613385
0.0608642
0.0597567
0.0585508
0.0578997
0.0580467
0.0581905
0.0570052
0.0219099
0.0216422
0.0215246
0.0215138
0.0215883
0.0217506
0.0220035
0.0223488
0.0227897
0.0233301
0.0239748
0.0247293
0.0255999
0.0265938
0.0277188
0.0289837
0.030398
0.0319719
0.0337164
0.0356422
0.0377601
0.0400796
0.0426077
0.0453473
0.0482936
0.0514301
0.0547214
0.0581037
0.0614723
0.0646676
0.0674656
0.0695902
0.0707726
0.0708853
0.0701307
0.0691602
0.0688769
0.0696534
0.0702752
0.068681
0.0224185
0.0221378
0.0220157
0.0220061
0.0220863
0.0222589
0.022527
0.022893
0.0233604
0.0239336
0.024618
0.0254201
0.026347
0.027407
0.0286095
0.029965
0.0314854
0.0331835
0.0350738
0.0371715
0.0394927
0.042054
0.0448711
0.0479579
0.0513234
0.0549673
0.058873
0.0629965
0.0672498
0.0714793
0.0754433
0.0788076
0.0811953
0.0823425
0.082369
0.0820271
0.0825478
0.0845081
0.0860467
0.0838578
0.0228194
0.0225311
0.0224068
0.022399
0.0224838
0.0226645
0.0229446
0.0233269
0.0238152
0.0244146
0.0251311
0.0259716
0.0269442
0.0280581
0.029324
0.0307541
0.0323622
0.0341639
0.0361767
0.0384201
0.0409156
0.043687
0.0467594
0.0501591
0.0539113
0.0580371
0.0625469
0.0674297
0.0726351
0.0780448
0.0834368
0.0884558
0.092635
0.0955495
0.097162
0.0982586
0.100451
0.104613
0.107906
0.104848
0.0231057
0.0228175
0.0226944
0.0226887
0.0227769
0.0229632
0.0232516
0.0236452
0.0241486
0.024767
0.025507
0.0263759
0.0273825
0.0285368
0.0298505
0.0313371
0.0330121
0.0348932
0.0370007
0.0393577
0.0419907
0.0449298
0.0482094
0.0518682
0.0559487
0.060496
0.0655541
0.0711579
0.0773172
0.0839884
0.0910286
0.0981407
0.10485
0.110614
0.115189
0.11927
0.124826
0.133096
0.13987
0.135749
0.0232719
0.0229951
0.0228773
0.0228737
0.0229635
0.0231522
0.0234444
0.0238442
0.0243562
0.0249861
0.0257405
0.0266273
0.0276556
0.0288359
0.0301806
0.0317042
0.0334233
0.0353571
0.0375279
0.0399616
0.0426884
0.0457436
0.0491691
0.0530141
0.0573371
0.0622066
0.0677018
0.0739107
0.080922
0.0888052
0.0975703
0.107101
0.117091
0.127064
0.136671
0.146408
0.15836
0.174552
0.188559
0.184216
0.0233174
0.0230674
0.0229591
0.0229565
0.023045
0.023232
0.0235235
0.0239237
0.0244379
0.0250715
0.0258315
0.0267256
0.027763
0.0289547
0.0303134
0.031854
0.0335937
0.0355525
0.0377539
0.0402251
0.0429985
0.0461128
0.0496143
0.0535595
0.0580182
0.0630769
0.0688451
0.0754605
0.0830953
0.0919556
0.102267
0.114231
0.127961
0.14343
0.160606
0.180063
0.204015
0.2348
0.264023
0.265447
0.0232543
0.0230464
0.0229494
0.0229438
0.0230262
0.0232067
0.0234922
0.0238875
0.0243975
0.0250276
0.0257845
0.0266757
0.0277104
0.0288996
0.0302558
0.0317941
0.0335317
0.0354887
0.0376885
0.0401588
0.0429324
0.0460485
0.0495547
0.0535098
0.0579878
0.0630838
0.0689242
0.07568
0.0835884
0.0929795
0.104308
0.118176
0.135335
0.156674
0.183264
0.216731
0.260072
0.316237
0.37731
0.409545
0.0231159
0.0229456
0.0228461
0.0228231
0.0228881
0.0230537
0.0233264
0.0237101
0.0242088
0.0248271
0.025571
0.0264477
0.027466
0.0286364
0.0299714
0.0314853
0.0331949
0.0351195
0.0372818
0.0397083
0.04243
0.0454841
0.0489154
0.0527787
0.0571428
0.0620968
0.0677602
0.0743012
0.0819669
0.0911336
0.102387
0.116638
0.135279
0.160397
0.195081
0.243868
0.313218
0.411194
0.543922
0.694456
0.0229442
0.0227734
0.0226328
0.0225607
0.0225875
0.022725
0.0229756
0.0233395
0.0238178
0.0244137
0.0251318
0.0259787
0.0269626
0.0280933
0.0293826
0.0308437
0.0324922
0.034346
0.0364255
0.0387545
0.0413604
0.044275
0.0475357
0.0511862
0.0552787
0.0598768
0.0650613
0.0709421
0.0776836
0.0855578
0.0950511
0.10707
0.12332
0.147002
0.183962
0.243885
0.341648
0.508868
0.820455
1.29302
)
;

boundaryField
{
    frontAndBack
    {
        type            empty;
    }
    fixedWalls
    {
        type            zeroGradient;
    }
    movingWall
    {
        type            zeroGradient;
    }
}


// ************************************************************************* //
