/*--------------------------------*- C++ -*----------------------------------*\
  =========                 |
  \\      /  F ield         | OpenFOAM: The Open Source CFD Toolbox
   \\    /   O peration     | Website:  https://openfoam.org
    \\  /    A nd           | Version:  10
     \\/     M anipulation  |
\*---------------------------------------------------------------------------*/
FoamFile
{
    format      ascii;
    class       surfaceScalarField;
    location    "0.3";
    object      phi;
}
// * * * * * * * * * * * * * * * * * * * * * * * * * * * * * * * * * * * * * //

dimensions      [0 3 -1 0 0 0 0];

internalField   nonuniform List<scalar> 
3120
(
-3.9677e-09
3.97573e-09
3.46905e-07
-3.50874e-07
1.03006e-06
-6.83159e-07
1.92848e-06
-8.9841e-07
2.9539e-06
-1.02541e-06
4.05525e-06
-1.10136e-06
5.20948e-06
-1.15423e-06
6.41114e-06
-1.20167e-06
7.66436e-06
-1.25322e-06
8.97785e-06
-1.31349e-06
1.03625e-05
-1.38467e-06
1.18305e-05
-1.468e-06
1.33951e-05
-1.56456e-06
1.50706e-05
-1.67553e-06
1.68731e-05
-1.80245e-06
1.88203e-05
-1.94725e-06
2.09327e-05
-2.1124e-06
2.32338e-05
-2.30104e-06
2.57509e-05
-2.51718e-06
2.8517e-05
-2.76601e-06
3.15712e-05
-3.05429e-06
3.49622e-05
-3.39096e-06
3.87503e-05
-3.78807e-06
4.30124e-05
-4.26215e-06
4.78488e-05
-4.83642e-06
5.33931e-05
-5.5442e-06
5.98279e-05
-6.43482e-06
6.74111e-05
-7.58325e-06
7.65177e-05
-9.10655e-06
8.77088e-05
-1.11912e-05
0.000101846
-1.41372e-05
0.000120274
-1.84283e-05
0.000145114
-2.48392e-05
0.000179717
-3.46034e-05
0.000229371
-4.9654e-05
0.000302072
-7.27008e-05
0.000407975
-0.000105903
0.000550654
-0.000142679
0.000629837
-7.91835e-05
0.000629837
3.50877e-07
-3.46902e-07
1.46263e-06
-1.46262e-06
3.18517e-06
-2.40571e-06
5.34219e-06
-3.05544e-06
7.78715e-06
-3.47038e-06
1.0425e-05
-3.73919e-06
1.32075e-05
-3.93675e-06
1.612e-05
-4.11415e-06
1.91683e-05
-4.30147e-06
2.23696e-05
-4.51486e-06
2.57479e-05
-4.7629e-06
2.93307e-05
-5.05081e-06
3.3149e-05
-5.38285e-06
3.72369e-05
-5.7635e-06
4.16326e-05
-6.19812e-06
4.63787e-05
-6.69334e-06
5.15238e-05
-7.25753e-06
5.7124e-05
-7.90123e-06
6.32447e-05
-8.63786e-06
6.99633e-05
-9.48468e-06
7.73732e-05
-1.04641e-05
8.55879e-05
-1.16057e-05
9.47486e-05
-1.29488e-05
0.000105034
-1.45472e-05
0.000116672
-1.64751e-05
0.000129965
-1.88371e-05
0.000145314
-2.17836e-05
0.000163266
-2.55349e-05
0.000184576
-3.04165e-05
0.000210295
-3.69103e-05
0.000241877
-4.57198e-05
0.000281281
-5.78323e-05
0.000330977
-7.45343e-05
0.000393632
-9.72593e-05
0.000470946
-0.000126967
0.000560269
-0.000162024
0.000645006
-0.00019064
0.000666454
-0.000164126
0.00049641
9.08598e-05
0.00112625
6.79018e-07
-1.02592e-06
2.384e-06
-3.16759e-06
4.85278e-06
-4.87448e-06
7.86216e-06
-6.06483e-06
1.12409e-05
-6.84907e-06
1.48786e-05
-7.37697e-06
1.87191e-05
-7.77718e-06
2.27447e-05
-8.13982e-06
2.69632e-05
-8.51994e-06
3.13968e-05
-8.9485e-06
3.60768e-05
-9.4428e-06
4.10397e-05
-1.00138e-05
4.63271e-05
-1.06702e-05
5.19847e-05
-1.14212e-05
5.80638e-05
-1.22772e-05
6.46215e-05
-1.3251e-05
7.17227e-05
-1.43588e-05
7.9442e-05
-1.56204e-05
8.78654e-05
-1.70614e-05
9.70947e-05
-1.87139e-05
0.000107251
-2.062e-05
0.000118479
-2.28341e-05
0.000130959
-2.54284e-05
0.000144911
-2.84999e-05
0.000160616
-3.21803e-05
0.000178431
-3.66517e-05
0.000198816
-4.21687e-05
0.000222371
-4.909e-05
0.000249876
-5.79208e-05
0.000282325
-6.93599e-05
0.000320935
-8.43296e-05
0.000367029
-0.000103927
0.000421644
-0.000129149
0.000484481
-0.000160096
0.000551506
-0.000193993
0.000610004
-0.000220523
0.000629815
-0.000210451
0.000552973
-8.72842e-05
0.000307994
0.000335839
0.00143424
8.76473e-07
-1.9024e-06
2.96879e-06
-5.25991e-06
5.91518e-06
-7.82086e-06
9.45031e-06
-9.59996e-06
1.33875e-05
-1.07863e-05
1.76121e-05
-1.16016e-05
2.20675e-05
-1.22325e-05
2.67375e-05
-1.28099e-05
3.16322e-05
-1.34146e-05
3.6777e-05
-1.40933e-05
4.2207e-05
-1.48727e-05
4.79633e-05
-1.57701e-05
5.40923e-05
-1.67993e-05
6.06455e-05
-1.79743e-05
6.76796e-05
-1.93113e-05
7.52583e-05
-2.08297e-05
8.3453e-05
-2.25534e-05
9.23448e-05
-2.45123e-05
0.000102027
-2.67436e-05
0.000112608
-2.92949e-05
0.000124215
-3.22267e-05
0.000136998
-3.56173e-05
0.000151139
-3.95691e-05
0.000166856
-4.42172e-05
0.000184418
-4.97423e-05
0.000204154
-5.63878e-05
0.00022647
-6.44847e-05
0.000251862
-7.4482e-05
0.000280922
-8.69806e-05
0.000314314
-0.000102752
0.000352682
-0.000122697
0.000396381
-0.000147626
0.000444868
-0.000177636
0.000495405
-0.000210633
0.000540629
-0.000239217
0.000564632
-0.000244525
0.000538689
-0.000184508
0.000423698
2.7707e-05
0.000203226
0.000556311
0.00163747
9.70699e-07
-2.8731e-06
3.26807e-06
-7.55729e-06
6.46878e-06
-1.10216e-05
1.02765e-05
-1.34076e-05
1.44939e-05
-1.50037e-05
1.90053e-05
-1.61131e-05
2.37561e-05
-1.69833e-05
2.87326e-05
-1.77863e-05
3.39466e-05
-1.86287e-05
3.94256e-05
-1.95723e-05
4.52058e-05
-2.0653e-05
5.13299e-05
-2.18942e-05
5.78455e-05
-2.33148e-05
6.48049e-05
-2.49338e-05
7.22659e-05
-2.67723e-05
8.02922e-05
-2.8856e-05
8.89549e-05
-3.12161e-05
9.83337e-05
-3.3891e-05
0.000108519
-3.69286e-05
0.000119613
-4.03891e-05
0.000131735
-4.43485e-05
0.000145021
-4.89038e-05
0.000159632
-5.418e-05
0.000175755
-6.03396e-05
0.000193608
-6.75952e-05
0.000213446
-7.62266e-05
0.000235564
-8.66026e-05
0.000260286
-9.92043e-05
0.000287947
-0.000114641
0.000318823
-0.000133628
0.000352985
-0.000156859
0.000389972
-0.000184613
0.000428138
-0.000215802
0.000463453
-0.000245949
0.000487586
-0.000263349
0.00048558
-0.00024252
0.0004353
-0.000134228
0.000315324
0.000147683
0.000135846
0.000735789
0.00177331
9.98303e-07
-3.8714e-06
3.36791e-06
-9.9269e-06
6.65878e-06
-1.43124e-05
1.05576e-05
-1.73064e-05
1.48615e-05
-1.93076e-05
1.94549e-05
-2.07065e-05
2.42852e-05
-2.18136e-05
2.93405e-05
-2.28417e-05
3.46342e-05
-2.39223e-05
4.01938e-05
-2.51318e-05
4.60555e-05
-2.65147e-05
5.22613e-05
-2.81e-05
5.88575e-05
-2.9911e-05
6.58947e-05
-3.19709e-05
7.3428e-05
-3.43056e-05
8.15176e-05
-3.69457e-05
9.02297e-05
-3.99283e-05
9.96373e-05
-4.32986e-05
0.000109821
-4.71127e-05
0.000120872
-5.14397e-05
0.00013289
-5.63665e-05
0.000145988
-6.20022e-05
0.000160293
-6.8485e-05
0.000175945
-7.59916e-05
0.000193098
-8.47482e-05
0.000211917
-9.50452e-05
0.000232567
-0.000107253
0.000255198
-0.000121835
0.000279899
-0.000139342
0.000306618
-0.000160347
0.000334991
-0.000185232
0.000364023
-0.000213645
0.000391501
-0.000243279
0.000413024
-0.000267472
0.000420706
-0.000271031
0.000402202
-0.000224016
0.000342278
-7.43037e-05
0.000231835
0.000258126
9.08762e-05
0.000876747
0.00186419
9.8711e-07
-4.85851e-06
3.34239e-06
-1.22822e-05
6.6128e-06
-1.75829e-05
1.04806e-05
-2.11742e-05
1.47422e-05
-2.35691e-05
1.92833e-05
-2.52476e-05
2.4053e-05
-2.65833e-05
2.90407e-05
-2.78294e-05
3.42599e-05
-2.91415e-05
3.97376e-05
-3.06096e-05
4.55088e-05
-3.22859e-05
5.16133e-05
-3.42045e-05
5.80948e-05
-3.63925e-05
6.50003e-05
-3.88765e-05
7.23805e-05
-4.16858e-05
8.02899e-05
-4.48551e-05
8.87871e-05
-4.84255e-05
9.79356e-05
-5.24471e-05
0.000107804
-5.69808e-05
0.000118465
-6.21014e-05
0.00013
-6.79009e-05
0.000142491
-7.44937e-05
0.000156029
-8.20223e-05
0.000170702
-9.0665e-05
0.000186599
-0.000100645
0.000203796
-0.000112243
0.000222345
-0.000125801
0.000242241
-0.000141732
0.000263384
-0.000160485
0.000285482
-0.000182445
0.000307901
-0.000207651
0.000329372
-0.000235117
0.000347518
-0.000261425
0.000358139
-0.000278092
0.000354451
-0.000267343
0.000327028
-0.000196594
0.000266277
-1.35531e-05
0.000170486
0.000353918
6.15485e-05
0.000985685
0.00192574
9.54601e-07
-5.81311e-06
3.2421e-06
-1.45697e-05
6.42049e-06
-2.07612e-05
1.0177e-05
-2.49308e-05
1.43117e-05
-2.77038e-05
1.87131e-05
-2.9649e-05
2.33318e-05
-3.1202e-05
2.81579e-05
-3.26555e-05
3.32045e-05
-3.41881e-05
3.84973e-05
-3.59024e-05
4.40691e-05
-3.78577e-05
4.9957e-05
-4.00924e-05
5.6201e-05
-4.26366e-05
6.2844e-05
-4.55194e-05
6.9931e-05
-4.87728e-05
7.75096e-05
-5.24337e-05
8.56301e-05
-5.6546e-05
9.4345e-05
-6.1162e-05
0.000103709
-6.63449e-05
0.000113779
-7.2171e-05
0.000124611
-7.87331e-05
0.000136262
-8.61445e-05
0.000148783
-9.45438e-05
0.000162219
-0.000104101
0.000176598
-0.000115024
0.000191921
-0.000127566
0.000208146
-0.000142026
0.000225157
-0.000158743
0.000242719
-0.000178046
0.000260395
-0.000200122
0.000277414
-0.000224669
0.000292428
-0.000250131
0.000303149
-0.000272147
0.000305865
-0.000280808
0.000295077
-0.000256556
0.000263966
-0.000165482
0.000207016
4.33961e-05
0.000126483
0.000434451
4.26624e-05
0.00106951
0.0019684
9.10041e-07
-6.72316e-06
3.09638e-06
-1.6756e-05
6.13594e-06
-2.38008e-05
9.72744e-06
-2.85223e-05
1.36781e-05
-3.16544e-05
1.78806e-05
-3.38515e-05
2.22877e-05
-3.5609e-05
2.68896e-05
-3.72575e-05
3.16985e-05
-3.8997e-05
3.67385e-05
-4.09423e-05
4.20397e-05
-4.31589e-05
4.76361e-05
-4.56888e-05
5.35638e-05
-4.85643e-05
5.98607e-05
-5.18163e-05
6.6566e-05
-5.54781e-05
7.37204e-05
-5.95881e-05
8.13652e-05
-6.41908e-05
8.95422e-05
-6.9339e-05
9.82927e-05
-7.50954e-05
0.000107657
-8.15348e-05
0.00011767
-8.87465e-05
0.000128363
-9.68376e-05
0.000139756
-0.000105937
0.000151853
-0.000116198
0.000164634
-0.000127805
0.000178043
-0.000140975
0.000191969
-0.000155952
0.000206221
-0.000172995
0.000220484
-0.000192309
0.000234252
-0.000213889
0.000246712
-0.000237129
0.000256564
-0.000259983
0.000261747
-0.00027733
0.000259135
-0.000278196
0.000244445
-0.000241865
0.000212933
-0.00013397
0.000161813
9.45158e-05
9.51602e-05
0.000501104
3.04274e-05
0.00113424
0.00199883
8.57672e-07
-7.58083e-06
2.92032e-06
-1.88187e-05
5.78842e-06
-2.66689e-05
9.17656e-06
-3.19104e-05
1.29019e-05
-3.53798e-05
1.68628e-05
-3.78124e-05
2.10143e-05
-3.97605e-05
2.5347e-05
-4.15901e-05
2.98719e-05
-4.3522e-05
3.4611e-05
-4.56814e-05
3.95918e-05
-4.81398e-05
4.48448e-05
-5.09418e-05
5.0402e-05
-5.41215e-05
5.62966e-05
-5.77108e-05
6.2562e-05
-6.17435e-05
6.92319e-05
-6.6258e-05
7.63393e-05
-7.12982e-05
8.3916e-05
-7.69157e-05
9.19911e-05
-8.31706e-05
0.00010059
-9.01332e-05
0.000109729
-9.78865e-05
0.000119419
-0.000106527
0.000129653
-0.00011617
0.000140404
-0.000126949
0.000151616
-0.000139017
0.000163192
-0.000152551
0.000174978
-0.000167739
0.00018674
-0.000184756
0.000198124
-0.000203693
0.000208608
-0.000224373
0.000217406
-0.000245928
0.000223334
-0.000265911
0.000224611
-0.000278607
0.000218693
-0.000272278
0.000202329
-0.000225501
0.000172324
-0.000103966
0.000127598
0.000139242
7.28007e-05
0.000555901
2.23738e-05
0.00118467
0.0020212
7.99235e-07
-8.38006e-06
2.72114e-06
-2.07406e-05
5.39293e-06
-2.93407e-05
8.54812e-06
-3.50656e-05
1.2016e-05
-3.88477e-05
1.57017e-05
-4.14981e-05
1.95632e-05
-4.36219e-05
2.35914e-05
-4.56183e-05
2.77962e-05
-4.77268e-05
3.21976e-05
-5.00827e-05
3.68201e-05
-5.27623e-05
4.16909e-05
-5.58126e-05
4.6838e-05
-5.92686e-05
5.22898e-05
-6.31627e-05
5.80746e-05
-6.75283e-05
6.42195e-05
-7.24029e-05
7.07503e-05
-7.78289e-05
7.76897e-05
-8.38551e-05
8.50564e-05
-9.05373e-05
9.28629e-05
-9.79397e-05
0.000101113
-0.000106136
0.000109797
-0.000115212
0.000118891
-0.000125264
0.000128345
-0.000136402
0.000138078
-0.00014875
0.000147969
-0.000162442
0.00015784
-0.000177609
0.000167437
-0.000194353
0.000176402
-0.000212659
0.000184232
-0.000232203
0.000190206
-0.000251902
0.000193283
-0.000268988
0.000191974
-0.000277298
0.000184249
-0.000264552
0.000167682
-0.000208934
0.000140178
-7.64623e-05
0.000101654
0.000177766
5.66732e-05
0.000600882
1.69504e-05
0.00122439
0.00203815
7.3544e-07
-9.1155e-06
2.50238e-06
-2.25075e-05
4.9573e-06
-3.17956e-05
7.85503e-06
-3.79634e-05
1.10387e-05
-4.20314e-05
1.44212e-05
-4.48806e-05
1.79638e-05
-4.71646e-05
2.16583e-05
-4.93128e-05
2.55133e-05
-5.15819e-05
2.95467e-05
-5.41161e-05
3.37803e-05
-5.69959e-05
3.8238e-05
-6.02702e-05
4.2944e-05
-6.39747e-05
4.79226e-05
-6.81412e-05
5.31969e-05
-7.28027e-05
5.87889e-05
-7.79949e-05
6.47177e-05
-8.37577e-05
7.09988e-05
-9.01362e-05
7.76426e-05
-9.7181e-05
8.46517e-05
-0.000104949
9.20188e-05
-0.000113504
9.9723e-05
-0.000122916
0.000107725
-0.000133266
0.000115962
-0.000144639
0.000124339
-0.000157128
0.000132723
-0.000170826
0.000140927
-0.000185813
0.000148698
-0.000202124
0.000155694
-0.000219655
0.000161451
-0.00023796
0.000165331
-0.000255781
0.000166445
-0.000270102
0.000163567
-0.00027442
0.0001551
-0.000256085
0.000139249
-0.000193082
0.00011467
-5.18838e-05
8.18147e-05
0.000210622
4.48459e-05
0.000637851
1.31878e-05
0.00125605
0.00205134
6.66668e-07
-9.78217e-06
2.26606e-06
-2.41069e-05
4.48628e-06
-3.40158e-05
7.10539e-06
-4.05825e-05
9.98172e-06
-4.49078e-05
1.30367e-05
-4.79356e-05
1.62357e-05
-5.03636e-05
1.95712e-05
-5.26483e-05
2.3051e-05
-5.50617e-05
2.66907e-05
-5.77558e-05
3.05097e-05
-6.08149e-05
3.45287e-05
-6.42892e-05
3.87687e-05
-6.82146e-05
4.32499e-05
-7.26225e-05
4.79916e-05
-7.75444e-05
5.30109e-05
-8.30141e-05
5.83219e-05
-8.90687e-05
6.39345e-05
-9.57488e-05
6.98525e-05
-0.000103099
7.6072e-05
-0.000111168
8.25783e-05
-0.00012001
8.93425e-05
-0.000129681
9.63179e-05
-0.000140241
0.000103434
-0.000151755
0.000110593
-0.000164286
0.000117656
-0.000177889
0.000124443
-0.0001926
0.000130713
-0.000208394
0.000136152
-0.000225094
0.000140346
-0.000242155
0.000142744
-0.00025818
0.0001426
-0.000269958
0.000138917
-0.000270737
0.00013044
-0.000247608
0.000115842
-0.000178485
9.42769e-05
-3.03185e-05
6.6442e-05
0.000238457
3.59878e-05
0.000668305
1.04844e-05
0.00128155
0.00206182
5.93252e-07
-1.03754e-05
2.01379e-06
-2.55275e-05
3.98349e-06
-3.59855e-05
6.30532e-06
-4.29043e-05
8.854e-06
-4.74564e-05
1.15603e-05
-5.0642e-05
1.4394e-05
-5.31972e-05
1.73484e-05
-5.56027e-05
2.04308e-05
-5.8144e-05
2.36547e-05
-6.09798e-05
2.70372e-05
-6.41974e-05
3.05962e-05
-6.78482e-05
3.43495e-05
-7.19679e-05
3.83143e-05
-7.65873e-05
4.25063e-05
-8.17365e-05
4.69391e-05
-8.74469e-05
5.16229e-05
-9.37525e-05
5.65635e-05
-0.000100689
6.17609e-05
-0.000108296
6.72067e-05
-0.000116614
7.28823e-05
-0.000125685
7.87555e-05
-0.000135554
8.47767e-05
-0.000146263
9.0875e-05
-0.000157854
9.69525e-05
-0.000170363
0.000102879
-0.000183816
0.000108484
-0.000198205
0.000113548
-0.000213459
0.000117793
-0.000229339
0.000120859
-0.00024522
0.000122275
-0.000259596
0.000121423
-0.000269106
0.000117492
-0.000266806
0.000109495
-0.000239611
9.6439e-05
-0.000165429
7.77951e-05
-1.16747e-05
5.43387e-05
0.000261913
2.91975e-05
0.000693446
8.4698e-06
0.00130228
0.00207029
5.15559e-07
-1.0891e-05
1.74706e-06
-2.6759e-05
3.45221e-06
-3.76907e-05
5.46035e-06
-4.49124e-05
7.66357e-06
-4.96597e-05
1.00027e-05
-5.29811e-05
1.24519e-05
-5.56464e-05
1.50062e-05
-5.8157e-05
1.76719e-05
-6.08096e-05
2.0461e-05
-6.37689e-05
2.33882e-05
-6.71246e-05
2.64689e-05
-7.09289e-05
2.97185e-05
-7.52175e-05
3.31514e-05
-8.00202e-05
3.67806e-05
-8.53657e-05
4.06171e-05
-9.12833e-05
4.46684e-05
-9.78038e-05
4.89382e-05
-0.000104959
5.34241e-05
-0.000112782
5.81163e-05
-0.000121306
6.29952e-05
-0.000130564
6.80287e-05
-0.000140587
7.31689e-05
-0.000151403
7.83488e-05
-0.000163034
8.34777e-05
-0.000175492
8.84366e-05
-0.000188774
9.30729e-05
-0.000202841
9.71937e-05
-0.000217579
0.000100556
-0.000232702
0.000102853
-0.000247517
0.00010369
-0.000260433
0.000102551
-0.000267967
9.87758e-05
-0.00026303
9.15771e-05
-0.000232412
8.01968e-05
-0.000154049
6.4299e-05
4.2231e-06
4.46412e-05
0.000281571
2.38674e-05
0.00071422
6.91572e-06
0.00131923
0.00207721
4.34003e-07
-1.1325e-05
1.46744e-06
-2.77924e-05
2.89571e-06
-3.9119e-05
4.57585e-06
-4.65926e-05
6.41817e-06
-5.1502e-05
8.37393e-06
-5.49368e-05
1.04224e-05
-5.76949e-05
1.25599e-05
-6.02945e-05
1.47923e-05
-6.30421e-05
1.71302e-05
-6.61068e-05
1.9586e-05
-6.95805e-05
2.21732e-05
-7.3516e-05
2.49047e-05
-7.7949e-05
2.77929e-05
-8.29084e-05
3.08489e-05
-8.84217e-05
3.40818e-05
-9.45162e-05
3.74979e-05
-0.00010122
4.11e-05
-0.000108561
4.48853e-05
-0.000116568
4.88448e-05
-0.000125266
5.29605e-05
-0.00013468
5.72037e-05
-0.00014483
6.15318e-05
-0.000155731
6.58856e-05
-0.000167387
7.01858e-05
-0.000179792
7.4329e-05
-0.000192918
7.81836e-05
-0.000206696
8.15848e-05
-0.000220981
8.43268e-05
-0.000235443
8.61507e-05
-0.000249341
8.67254e-05
-0.000261008
8.56219e-05
-0.000266864
8.22931e-05
-0.000259702
7.60976e-05
-0.000226217
6.64365e-05
-0.000144388
5.30837e-05
1.7576e-05
3.6728e-05
0.000297927
1.95859e-05
0.000731362
5.67917e-06
0.00133314
0.00208289
3.49041e-07
-1.1674e-05
1.17656e-06
-2.86199e-05
2.31736e-06
-4.02598e-05
3.65727e-06
-4.79325e-05
5.12552e-06
-5.29702e-05
6.68426e-06
-5.64956e-05
8.31797e-06
-5.93286e-05
1.00246e-05
-6.20012e-05
1.18097e-05
-6.48271e-05
1.36823e-05
-6.79794e-05
1.56531e-05
-7.15513e-05
1.77335e-05
-7.55964e-05
1.99348e-05
-8.01502e-05
2.22675e-05
-8.52412e-05
2.47415e-05
-9.08957e-05
2.7365e-05
-9.71397e-05
3.0144e-05
-0.000103999
3.30815e-05
-0.000111499
3.61764e-05
-0.000119663
3.94221e-05
-0.000128512
4.28047e-05
-0.000138063
4.63015e-05
-0.000148327
4.98781e-05
-0.000159308
5.34865e-05
-0.000170996
5.70618e-05
-0.000183368
6.05193e-05
-0.000196375
6.37507e-05
-0.000209927
6.66201e-05
-0.00022385
6.89573e-05
-0.000237781
7.05468e-05
-0.00025093
7.11113e-05
-0.000261572
7.0289e-05
-0.000266041
6.76176e-05
-0.00025703
6.25577e-05
-0.000221157
5.46134e-05
-0.000136443
4.36119e-05
2.85775e-05
3.01484e-05
0.00031139
1.60692e-05
0.000745441
4.66805e-06
0.00134454
0.00208756
2.61158e-07
-1.19352e-05
8.7615e-07
-2.92349e-05
1.72061e-06
-4.11042e-05
2.71015e-06
-4.8922e-05
3.79344e-06
-5.40535e-05
4.94386e-06
-5.7646e-05
6.15125e-06
-6.0536e-05
7.41534e-06
-6.32653e-05
8.74124e-06
-6.6153e-05
1.01368e-05
-6.93749e-05
1.1611e-05
-7.30255e-05
1.31734e-05
-7.71589e-05
1.48338e-05
-8.18106e-05
1.66016e-05
-8.70089e-05
1.84857e-05
-9.27798e-05
2.04941e-05
-9.91481e-05
2.26335e-05
-0.000106138
2.49084e-05
-0.000113774
2.73203e-05
-0.000122074
2.98668e-05
-0.000131058
3.25402e-05
-0.000140736
3.53259e-05
-0.000151113
3.82003e-05
-0.000162182
4.11291e-05
-0.000173925
4.40645e-05
-0.000186303
4.69426e-05
-0.000199253
4.96802e-05
-0.000212665
5.21707e-05
-0.000226341
5.42776e-05
-0.000239887
5.58242e-05
-0.000252477
5.65774e-05
-0.000262325
5.62268e-05
-0.000265691
5.43703e-05
-0.000255174
5.05359e-05
-0.000217323
4.42884e-05
-0.000130196
3.54693e-05
3.73966e-05
2.45693e-05
0.00032229
1.3117e-05
0.000756894
3.8206e-06
0.00135383
0.00209138
1.70869e-07
-1.21061e-05
5.67978e-07
-2.9632e-05
1.10904e-06
-4.16453e-05
1.74015e-06
-4.95531e-05
2.42989e-06
-5.47432e-05
3.16303e-06
-5.83791e-05
3.9349e-06
-6.13079e-05
4.74699e-06
-6.40774e-05
5.60414e-06
-6.70102e-05
6.51289e-06
-7.02836e-05
7.48071e-06
-7.39934e-05
8.51558e-06
-7.81938e-05
9.62579e-06
-8.29208e-05
1.08198e-05
-8.8203e-05
1.21062e-05
-9.40662e-05
1.34934e-05
-0.000100535
1.4989e-05
-0.000107634
1.66001e-05
-0.000115385
1.8332e-05
-0.000123806
2.01879e-05
-0.000132914
2.21677e-05
-0.000142716
2.42667e-05
-0.000153212
2.64742e-05
-0.00016439
2.87719e-05
-0.000176222
3.11313e-05
-0.000188663
3.35114e-05
-0.000201633
3.58556e-05
-0.000215009
3.80868e-05
-0.000228572
4.01011e-05
-0.000241902
4.17566e-05
-0.000254132
4.28567e-05
-0.000263425
4.31289e-05
-0.000265963
4.22114e-05
-0.000254256
3.96714e-05
-0.000214783
3.51015e-05
-0.000125626
2.83301e-05
4.41679e-05
1.97389e-05
0.000330881
1.05828e-05
0.00076605
3.0933e-06
0.00136132
0.00209447
7.87114e-08
-1.21848e-05
2.53901e-07
-2.98072e-05
4.86322e-07
-4.18777e-05
7.5311e-07
-4.98199e-05
1.04299e-06
-5.50331e-05
1.35228e-06
-5.86884e-05
1.68177e-06
-6.16374e-05
2.03472e-06
-6.44303e-05
2.41567e-06
-6.73911e-05
2.82991e-06
-7.06979e-05
3.28331e-06
-7.44468e-05
3.7823e-06
-7.86928e-05
4.33391e-06
-8.34724e-05
4.94582e-06
-8.88149e-05
5.62636e-06
-9.47467e-05
6.38451e-06
-0.000101293
7.22979e-06
-0.000108479
8.17209e-06
-0.000116327
9.22138e-06
-0.000124856
1.03874e-05
-0.00013408
1.16788e-05
-0.000144007
1.31025e-05
-0.000154635
1.46624e-05
-0.00016595
1.63581e-05
-0.000177918
1.81826e-05
-0.000190487
2.01198e-05
-0.000203571
2.21414e-05
-0.000217031
2.4201e-05
-0.000230631
2.62271e-05
-0.000243928
2.811e-05
-0.000256015
2.96836e-05
-0.000264999
3.07031e-05
-0.000266983
3.08299e-05
-0.000254383
2.96476e-05
-0.0002136
2.67499e-05
-0.000122728
2.19304e-05
4.89874e-05
1.546e-05
0.000337352
8.3556e-06
0.000773154
2.45374e-06
0.00136722
0.00209693
-1.47489e-08
-1.217e-05
-6.41488e-08
-2.97578e-05
-1.43725e-07
-4.17981e-05
-2.44971e-07
-4.97187e-05
-3.58885e-07
-5.49192e-05
-4.77645e-07
-5.85697e-05
-5.95008e-07
-6.152e-05
-7.0604e-07
-6.43193e-05
-8.06571e-07
-6.72906e-05
-8.92644e-07
-7.06118e-05
-9.60043e-07
-7.43794e-05
-1.00394e-06
-7.86489e-05
-1.01859e-06
-8.34578e-05
-9.9713e-07
-8.88363e-05
-9.31374e-07
-9.48125e-05
-8.11609e-07
-0.000101413
-6.26444e-07
-0.000108664
-3.62691e-07
-0.000116591
-5.28594e-09
-0.000125213
4.62522e-07
-0.000134548
1.05908e-06
-0.000144604
1.80411e-06
-0.00015538
2.71768e-06
-0.000166863
3.81899e-06
-0.000179019
5.12468e-06
-0.000191793
6.64614e-06
-0.000205092
8.3855e-06
-0.00021877
1.03296e-05
-0.000232576
1.24402e-05
-0.000246039
1.46395e-05
-0.000258215
1.67887e-05
-0.000267148
1.86625e-05
-0.000268857
1.99317e-05
-0.000255652
2.01765e-05
-0.000213845
1.89683e-05
-0.00012152
1.60475e-05
5.19082e-05
1.15714e-05
0.000341828
6.34635e-06
0.000778379
1.87621e-06
0.00137169
0.0020988
-1.08919e-07
-1.20611e-05
-3.84167e-07
-2.94826e-05
-7.77145e-07
-4.14052e-05
-1.24787e-06
-4.9248e-05
-1.76711e-06
-5.44e-05
-2.31563e-06
-5.80212e-05
-2.88188e-06
-6.09537e-05
-3.45939e-06
-6.37418e-05
-4.04448e-06
-6.67055e-05
-4.63468e-06
-7.00216e-05
-5.22757e-06
-7.37865e-05
-5.82005e-06
-7.80564e-05
-6.40787e-06
-8.28699e-05
-6.98512e-06
-8.82591e-05
-7.54394e-06
-9.42536e-05
-8.07401e-06
-0.000100883
-8.56219e-06
-0.000108176
-8.99207e-06
-0.000116161
-9.34352e-06
-0.000124862
-9.59226e-06
-0.000134299
-9.70963e-06
-0.000144486
-9.66261e-06
-0.000155427
-9.41391e-06
-0.000167112
-8.92287e-06
-0.00017951
-8.14695e-06
-0.000192569
-7.04452e-06
-0.000206194
-5.57941e-06
-0.000220235
-3.72822e-06
-0.000234427
-1.49219e-06
-0.000248275
1.08466e-06
-0.000260792
3.89025e-06
-0.000269954
6.71416e-06
-0.00027168
9.22506e-06
-0.000258163
1.09827e-05
-0.000215603
1.15115e-05
-0.000122049
1.04818e-05
5.29379e-05
7.93284e-06
0.000344377
4.47922e-06
0.000781833
1.3388e-06
0.00137483
0.00210014
-2.03173e-07
-1.18579e-05
-7.04047e-07
-2.89817e-05
-1.40982e-06
-4.06994e-05
-2.24913e-06
-4.84086e-05
-3.17272e-06
-5.34764e-05
-4.15015e-06
-5.70437e-05
-5.16479e-06
-5.99391e-05
-6.20879e-06
-6.26978e-05
-7.27919e-06
-6.56351e-05
-8.3752e-06
-6.89256e-05
-9.49641e-06
-7.26653e-05
-1.06418e-05
-7.6911e-05
-1.18087e-05
-8.1703e-05
-1.29927e-05
-8.7075e-05
-1.41866e-05
-9.30598e-05
-1.53798e-05
-9.96898e-05
-1.6558e-05
-0.000106998
-1.77018e-05
-0.000115017
-1.87863e-05
-0.000123777
-1.97802e-05
-0.000133305
-2.06446e-05
-0.000143622
-2.13326e-05
-0.000154739
-2.17889e-05
-0.000166655
-2.19499e-05
-0.000179349
-2.17449e-05
-0.000192774
-2.10985e-05
-0.000206841
-1.99359e-05
-0.000221398
-1.81917e-05
-0.000236171
-1.5824e-05
-0.000250642
-1.28373e-05
-0.000263778
-9.31417e-06
-0.000273477
-5.4525e-06
-0.000275542
-1.59556e-06
-0.00026202
1.77524e-06
-0.000218974
4.13241e-06
-0.000124406
5.0415e-06
5.20288e-05
4.41269e-06
0.000345006
2.68409e-06
0.000783561
8.21561e-07
0.0013767
0.00210096
-2.9686e-07
-1.15611e-05
-1.0216e-06
-2.82569e-05
-2.03745e-06
-3.96835e-05
-3.24203e-06
-4.72041e-05
-4.56639e-06
-5.2152e-05
-5.96922e-06
-5.56409e-05
-7.42904e-06
-5.84793e-05
-8.93693e-06
-6.11899e-05
-1.04909e-05
-6.40811e-05
-1.2092e-05
-6.73245e-05
-1.37423e-05
-7.1015e-05
-1.5443e-05
-7.52103e-05
-1.71938e-05
-7.99521e-05
-1.89921e-05
-8.52768e-05
-2.08318e-05
-9.122e-05
-2.27031e-05
-9.78186e-05
-2.45908e-05
-0.00010511
-2.64738e-05
-0.000113134
-2.83233e-05
-0.000121928
-3.01014e-05
-0.000131527
-3.17598e-05
-0.000141964
-3.32381e-05
-0.000153261
-3.44628e-05
-0.000165431
-3.5346e-05
-0.000178466
-3.57864e-05
-0.000192333
-3.56713e-05
-0.000206956
-3.48815e-05
-0.000222188
-3.33016e-05
-0.000237751
-3.08375e-05
-0.000253106
-2.74443e-05
-0.000267171
-2.31665e-05
-0.000277755
-1.81861e-05
-0.000280523
-1.28617e-05
-0.000267344
-7.72748e-06
-0.000224108
-3.41721e-06
-0.000128716
-4.72029e-07
4.90836e-05
8.80321e-07
0.000343653
8.95201e-07
0.000783546
3.0765e-07
0.00137729
0.00210127
-3.89294e-07
-1.11718e-05
-1.33454e-06
-2.73117e-05
-2.65557e-06
-3.83625e-05
-4.21957e-06
-4.56401e-05
-5.9384e-06
-5.04332e-05
-7.76028e-06
-5.3819e-05
-9.65926e-06
-5.65803e-05
-1.16256e-05
-5.92236e-05
-1.36585e-05
-6.20482e-05
-1.57615e-05
-6.52215e-05
-1.79391e-05
-6.88374e-05
-2.01955e-05
-7.29539e-05
-2.25331e-05
-7.76145e-05
-2.49519e-05
-8.28581e-05
-2.74479e-05
-8.8724e-05
-3.00127e-05
-9.52537e-05
-3.26319e-05
-0.000102491
-3.52836e-05
-0.000110482
-3.79365e-05
-0.000119275
-4.05479e-05
-0.000128916
-4.30613e-05
-0.00013945
-4.54039e-05
-0.000150918
-4.74845e-05
-0.00016335
-4.91907e-05
-0.00017676
-5.0389e-05
-0.000191135
-5.09248e-05
-0.00020642
-5.06278e-05
-0.000222484
-4.93228e-05
-0.000239056
-4.68498e-05
-0.000255579
-4.30995e-05
-0.000270922
-3.80635e-05
-0.000282791
-3.18983e-05
-0.000286688
-2.49804e-05
-0.000274262
-1.79156e-05
-0.000231173
-1.14551e-05
-0.000135177
-6.2958e-06
4.39243e-05
-2.83367e-06
0.000340191
-9.87956e-07
0.000781701
-2.54823e-07
0.00137655
0.00210101
-4.79769e-07
-1.0692e-05
-1.64051e-06
-2.6151e-05
-3.25956e-06
-3.67435e-05
-5.17448e-06
-4.37251e-05
-7.27862e-06
-4.8329e-05
-9.51023e-06
-5.15874e-05
-1.18393e-05
-5.42513e-05
-1.42555e-05
-5.68073e-05
-1.67598e-05
-5.95439e-05
-1.93582e-05
-6.26231e-05
-2.20584e-05
-6.61371e-05
-2.48681e-05
-7.01443e-05
-2.77931e-05
-7.46895e-05
-3.08365e-05
-7.98146e-05
-3.39978e-05
-8.55627e-05
-3.72714e-05
-9.19802e-05
-4.06448e-05
-9.91177e-05
-4.40974e-05
-0.00010703
-4.75975e-05
-0.000115775
-5.10997e-05
-0.000125413
-5.45419e-05
-0.000136008
-5.78411e-05
-0.000147619
-6.08902e-05
-0.000160301
-6.35533e-05
-0.000174097
-6.56635e-05
-0.000189025
-6.70213e-05
-0.000205062
-6.73977e-05
-0.000222108
-6.65453e-05
-0.000239908
-6.4221e-05
-0.000257904
-6.02281e-05
-0.000274915
-5.44819e-05
-0.000288537
-4.70933e-05
-0.000294076
-3.84493e-05
-0.000282906
-2.92396e-05
-0.000240382
-2.03685e-05
-0.000144048
-1.27301e-05
3.62859e-05
-6.92028e-06
0.000334381
-3.0582e-06
0.000777839
-8.59092e-07
0.00137435
0.00210016
-5.6756e-07
-1.01244e-05
-1.93707e-06
-2.47814e-05
-3.84464e-06
-3.48359e-05
-6.09923e-06
-4.14705e-05
-8.57651e-06
-4.58518e-05
-1.12054e-05
-4.89586e-05
-1.39521e-05
-5.15046e-05
-1.68064e-05
-5.3953e-05
-1.9771e-05
-5.65793e-05
-2.28549e-05
-5.95392e-05
-2.60696e-05
-6.29224e-05
-2.94266e-05
-6.67873e-05
-3.29359e-05
-7.11802e-05
-3.66051e-05
-7.61454e-05
-4.04381e-05
-8.17298e-05
-4.44334e-05
-8.79849e-05
-4.8583e-05
-9.49681e-05
-5.28693e-05
-0.000102743
-5.72633e-05
-0.000111381
-6.17201e-05
-0.000120957
-6.61755e-05
-0.000131553
-7.05402e-05
-0.000143254
-7.46948e-05
-0.000156147
-7.84828e-05
-0.000170309
-8.17051e-05
-0.000185803
-8.41151e-05
-0.000202652
-8.54188e-05
-0.000220804
-8.5283e-05
-0.000240044
-8.33594e-05
-0.000259827
-7.93337e-05
-0.00027894
-7.30078e-05
-0.000294863
-6.44124e-05
-0.000302672
-5.39232e-05
-0.000293395
-4.23181e-05
-0.000251987
-3.06916e-05
-0.000155674
-2.01888e-05
2.57831e-05
-1.16653e-05
0.000325858
-5.47311e-06
0.000771646
-1.58203e-06
0.00137046
0.00209857
-6.51944e-07
-9.4725e-06
-2.22176e-06
-2.32116e-05
-4.40586e-06
-3.26518e-05
-6.98598e-06
-3.88904e-05
-9.82102e-06
-4.30167e-05
-1.28312e-05
-4.59484e-05
-1.59797e-05
-4.8356e-05
-1.92565e-05
-5.06763e-05
-2.26665e-05
-5.31694e-05
-2.62221e-05
-5.59836e-05
-2.99389e-05
-5.92056e-05
-3.38329e-05
-6.28933e-05
-3.79192e-05
-6.70939e-05
-4.22108e-05
-7.18538e-05
-4.67173e-05
-7.72233e-05
-5.14434e-05
-8.32587e-05
-5.63874e-05
-9.00242e-05
-6.15381e-05
-9.75926e-05
-6.68723e-05
-0.000106047
-7.235e-05
-0.000115479
-7.79097e-05
-0.000125993
-8.34619e-05
-0.000137702
-8.88806e-05
-0.000150728
-9.39945e-05
-0.000165195
-9.8577e-05
-0.00018122
-0.000102336
-0.000198893
-0.000104909
-0.000218232
-0.000105863
-0.00023909
-0.000104722
-0.000260969
-0.000101012
-0.00028265
-9.43714e-05
-0.000301504
-8.46919e-05
-0.000312351
-7.22916e-05
-0.000305796
-5.80216e-05
-0.000266257
-4.31984e-05
-0.000170497
-2.92918e-05
1.18765e-05
-1.74974e-05
0.000314063
-8.47074e-06
0.00076262
-2.49675e-06
0.00136449
0.00209608
-7.32201e-07
-8.7403e-06
-2.49201e-06
-2.14518e-05
-4.93807e-06
-3.02057e-05
-7.82642e-06
-3.60021e-05
-1.10004e-05
-3.98427e-05
-1.43724e-05
-4.25764e-05
-1.79029e-05
-4.48256e-05
-2.15824e-05
-4.69967e-05
-2.54185e-05
-4.93333e-05
-2.94273e-05
-5.19748e-05
-3.36288e-05
-5.50042e-05
-3.80441e-05
-5.84779e-05
-4.26943e-05
-6.24437e-05
-4.75987e-05
-6.69494e-05
-5.27741e-05
-7.20478e-05
-5.82334e-05
-7.77994e-05
-6.39835e-05
-8.42741e-05
-7.0023e-05
-9.15532e-05
-7.63384e-05
-9.97311e-05
-8.29003e-05
-0.000108917
-8.96563e-05
-0.000119237
-9.65242e-05
-0.000130834
-0.000103381
-0.000143871
-0.00011005
-0.000158525
-0.000116288
-0.000174983
-0.000121763
-0.000193417
-0.000126048
-0.000213947
-0.000128603
-0.000236534
-0.000128797
-0.000260775
-0.000125955
-0.000285491
-0.000119478
-0.000307981
-0.000109031
-0.000322798
-9.47868e-05
-0.00032004
-7.76139e-05
-0.00028343
-5.90596e-05
-0.000189052
-4.10047e-05
-6.1784e-06
-2.50997e-05
0.000298159
-1.24329e-05
0.000749953
-3.73016e-06
0.00135578
0.00209235
-8.07612e-07
-7.93268e-06
-2.74509e-06
-1.95144e-05
-5.43557e-06
-2.75152e-05
-8.6113e-06
-3.28263e-05
-1.21015e-05
-3.63526e-05
-1.58115e-05
-3.88664e-05
-1.96997e-05
-4.09374e-05
-2.37576e-05
-4.29388e-05
-2.79955e-05
-4.50954e-05
-3.24334e-05
-4.75369e-05
-3.70961e-05
-5.03414e-05
-4.20105e-05
-5.35635e-05
-4.72039e-05
-5.72503e-05
-5.27032e-05
-6.14501e-05
-5.85338e-05
-6.62172e-05
-6.47185e-05
-7.16147e-05
-7.12756e-05
-7.7717e-05
-7.82166e-05
-8.46122e-05
-8.5543e-05
-9.24047e-05
-9.32414e-05
-0.000101219
-0.000101277
-0.000111201
-0.000109584
-0.000122527
-0.000118057
-0.000135399
-0.000126528
-0.000150055
-0.000134752
-0.000166759
-0.000142379
-0.000185791
-0.000148925
-0.000207401
-0.000153751
-0.000231709
-0.000156055
-0.000258471
-0.000154916
-0.00028663
-0.000149412
-0.000313485
-0.000138853
-0.000333356
-0.000123115
-0.000335779
-0.000102951
-0.000303594
-8.00866e-05
-0.000211916
-5.68738e-05
-2.93912e-05
-3.56002e-05
0.000276885
-1.80018e-05
0.000732355
-5.49849e-06
0.00134328
0.00208685
-8.77361e-07
-7.05532e-06
-2.97765e-06
-1.74141e-05
-5.89124e-06
-2.46016e-05
-9.32901e-06
-2.93886e-05
-1.31077e-05
-3.25738e-05
-1.71269e-05
-3.48473e-05
-2.13432e-05
-3.67211e-05
-2.57492e-05
-3.85327e-05
-3.03583e-05
-4.04864e-05
-3.51943e-05
-4.27009e-05
-4.02871e-05
-4.52486e-05
-4.56694e-05
-4.81812e-05
-5.13755e-05
-5.15442e-05
-5.74407e-05
-5.5385e-05
-6.38999e-05
-5.97579e-05
-7.07877e-05
-6.47269e-05
-7.81361e-05
-7.03686e-05
-8.5973e-05
-7.67752e-05
-9.43194e-05
-8.40584e-05
-0.000103185
-9.23536e-05
-0.00011256
-0.000101826
-0.000122411
-0.000112676
-0.00013266
-0.00012515
-0.000143173
-0.000139541
-0.00015373
-0.000156202
-0.000163988
-0.000175532
-0.000173443
-0.000197946
-0.000181379
-0.000223773
-0.000186833
-0.000253017
-0.000188607
-0.000284857
-0.000185369
-0.000316724
-0.000175909
-0.000342816
-0.000159566
-0.000352122
-0.000136715
-0.000326445
-0.000109062
-0.000239569
-7.94129e-05
-5.90405e-05
-5.0897e-05
0.000248369
-2.62817e-05
0.000707739
-8.17619e-06
0.00132518
0.00207867
-9.40238e-07
-6.11508e-06
-3.18469e-06
-1.51696e-05
-6.29453e-06
-2.14918e-05
-9.96258e-06
-2.57205e-05
-1.39954e-05
-2.8541e-05
-1.82876e-05
-3.05551e-05
-2.27948e-05
-3.22139e-05
-2.75108e-05
-3.38167e-05
-3.24517e-05
-3.55456e-05
-3.76452e-05
-3.75073e-05
-4.31262e-05
-3.97677e-05
-4.89333e-05
-4.23741e-05
-5.5108e-05
-4.53695e-05
-6.16941e-05
-4.87989e-05
-6.87373e-05
-5.27147e-05
-7.62847e-05
-5.71796e-05
-8.4384e-05
-6.22692e-05
-9.30826e-05
-6.80766e-05
-0.000102425
-7.4716e-05
-0.00011245
-8.2329e-05
-0.000123183
-9.10922e-05
-0.000134633
-0.000101226
-0.000146774
-0.000113009
-0.000159527
-0.000126788
-0.000172731
-0.000142998
-0.0001861
-0.000162163
-0.000199163
-0.000184884
-0.000211186
-0.00021175
-0.000221098
-0.000243105
-0.00022744
-0.000278515
-0.000228412
-0.000315751
-0.000222107
-0.000349121
-0.000206992
-0.000367237
-0.000182599
-0.000350838
-0.000150146
-0.000272022
-0.000112633
-9.65538e-05
-7.41796e-05
0.000209916
-3.91921e-05
0.000672752
-1.24229e-05
0.00129841
0.00206625
-9.93911e-07
-5.12117e-06
-3.35722e-06
-1.28063e-05
-6.62729e-06
-1.82217e-05
-1.04836e-05
-2.18642e-05
-1.47252e-05
-2.42994e-05
-1.92433e-05
-2.6037e-05
-2.39927e-05
-2.74645e-05
-2.89683e-05
-2.88411e-05
-3.41883e-05
-3.03255e-05
-3.96843e-05
-3.20113e-05
-4.54954e-05
-3.39566e-05
-5.16659e-05
-3.62036e-05
-5.82444e-05
-3.8791e-05
-6.52832e-05
-4.17602e-05
-7.28384e-05
-4.51595e-05
-8.09705e-05
-4.90475e-05
-8.97439e-05
-5.34959e-05
-9.92266e-05
-5.85939e-05
-0.00010949
-6.44528e-05
-0.000120606
-7.12131e-05
-0.000132645
-7.90534e-05
-0.000145668
-8.82028e-05
-0.000159719
-9.89577e-05
-0.000174805
-0.000111703
-0.000190866
-0.000126937
-0.000207731
-0.000145298
-0.000225045
-0.00016757
-0.000242164
-0.000194631
-0.000258027
-0.000227242
-0.00027102
-0.000265521
-0.000278911
-0.00030786
-0.000278964
-0.000349068
-0.000268388
-0.000377812
-0.000245172
-0.000374054
-0.00020913
-0.000308064
-0.000162667
-0.000143016
-0.000110703
0.000157952
-6.00784e-05
0.000622127
-1.94237e-05
0.00125775
0.00204683
-1.03343e-06
-4.08774e-06
-3.47811e-06
-1.03616e-05
-6.85659e-06
-1.48432e-05
-1.08419e-05
-1.78789e-05
-1.52292e-05
-1.9912e-05
-1.99077e-05
-2.13585e-05
-2.48313e-05
-2.25409e-05
-2.99954e-05
-2.3677e-05
-3.542e-05
-2.49009e-05
-4.11393e-05
-2.62921e-05
-4.71962e-05
-2.78997e-05
-5.36399e-05
-2.97599e-05
-6.0525e-05
-3.19059e-05
-6.79115e-05
-3.43736e-05
-7.58655e-05
-3.72055e-05
-8.44596e-05
-4.04533e-05
-9.37743e-05
-4.41812e-05
-0.000103898
-4.84698e-05
-0.00011493
-5.34211e-05
-0.000126977
-5.91659e-05
-0.000140157
-6.58735e-05
-0.000154594
-7.37658e-05
-0.000170415
-8.31372e-05
-0.000187735
-9.4382e-05
-0.000206641
-0.000108031
-0.000227143
-0.000124796
-0.000249106
-0.000145607
-0.00027213
-0.000171607
-0.000295369
-0.000204003
-0.000317296
-0.000243594
-0.00033546
-0.000289696
-0.000346357
-0.000338171
-0.000345637
-0.000378533
-0.000328878
-0.000390814
-0.000293016
-0.000343926
-0.000238129
-0.000197904
-0.000168769
8.8593e-05
-9.47553e-05
0.000548113
-3.13843e-05
0.00119438
0.00201544
-1.04874e-06
-3.039e-06
-3.51575e-06
-7.89462e-06
-6.92434e-06
-1.14347e-05
-1.0951e-05
-1.38523e-05
-1.53916e-05
-1.54714e-05
-2.01341e-05
-1.6616e-05
-2.51315e-05
-1.75434e-05
-3.03788e-05
-1.84297e-05
-3.58964e-05
-1.93833e-05
-4.17201e-05
-2.04683e-05
-4.78954e-05
-2.17244e-05
-5.44748e-05
-2.31805e-05
-6.15174e-05
-2.48633e-05
-6.90891e-05
-2.68019e-05
-7.72638e-05
-2.90309e-05
-8.6124e-05
-3.1593e-05
-9.57636e-05
-3.45416e-05
-0.000106289
-3.79442e-05
-0.000117823
-4.18874e-05
-0.000130505
-4.64835e-05
-0.000144499
-5.18802e-05
-0.00015999
-5.82746e-05
-0.000177193
-6.59343e-05
-0.000196347
-7.52277e-05
-0.00021771
-8.66682e-05
-0.000241532
-0.000100974
-0.000268003
-0.000119135
-0.000297145
-0.000142465
-0.000328608
-0.000172539
-0.000361353
-0.000210848
-0.000393195
-0.000257854
-0.000420294
-0.000311073
-0.000436829
-0.000361997
-0.000435278
-0.000392365
-0.000407821
-0.000371383
-0.000349198
-0.000256527
-0.000260465
-1.39334e-07
-0.000153188
0.000440835
-5.26405e-05
0.00109383
0.0019628
-1.02154e-06
-2.01745e-06
-3.41735e-06
-5.49882e-06
-6.73703e-06
-8.11497e-06
-1.06737e-05
-9.91566e-06
-1.50287e-05
-1.11164e-05
-1.969e-05
-1.19547e-05
-2.46087e-05
-1.26248e-05
-2.97781e-05
-1.32603e-05
-3.52178e-05
-1.39436e-05
-4.09634e-05
-1.47227e-05
-4.70611e-05
-1.56268e-05
-5.35646e-05
-1.6677e-05
-6.0535e-05
-1.78928e-05
-6.80412e-05
-1.92957e-05
-7.61607e-05
-2.09114e-05
-8.49821e-05
-2.27716e-05
-9.46071e-05
-2.49166e-05
-0.000105154
-2.73976e-05
-0.000116761
-3.02806e-05
-0.000129592
-3.36523e-05
-0.000143844
-3.76282e-05
-0.000159754
-4.23643e-05
-0.000177611
-4.8077e-05
-0.000197768
-5.50712e-05
-0.000220651
-6.3785e-05
-0.00024677
-7.48551e-05
-0.000276701
-8.92046e-05
-0.000311029
-0.000108137
-0.000350189
-0.000133379
-0.000394129
-0.000166909
-0.000441694
-0.00021029
-0.000489686
-0.00026308
-0.000531726
-0.000319957
-0.000557407
-0.000366685
-0.000552741
-0.000376049
-0.000503216
-0.000306052
-0.000400516
-0.000102839
-0.000251667
0.000291986
-9.22944e-05
0.000934461
0.00187051
-9.23325e-07
-1.09413e-06
-3.10708e-06
-3.31507e-06
-6.16412e-06
-5.05793e-06
-9.81894e-06
-6.26083e-06
-1.38833e-05
-7.05204e-06
-1.82458e-05
-7.59222e-06
-2.28553e-05
-8.01523e-06
-2.77026e-05
-8.41303e-06
-3.28049e-05
-8.84134e-06
-3.81958e-05
-9.33182e-06
-4.39194e-05
-9.90319e-06
-5.00276e-05
-1.05687e-05
-5.65797e-05
-1.13407e-05
-6.36427e-05
-1.22327e-05
-7.12929e-05
-1.32612e-05
-7.96178e-05
-1.44468e-05
-8.8719e-05
-1.58154e-05
-9.87159e-05
-1.74006e-05
-0.000109751
-1.92458e-05
-0.000121995
-2.14081e-05
-0.000135659
-2.39642e-05
-0.000151004
-2.70193e-05
-0.00016836
-3.07208e-05
-0.00018815
-3.52811e-05
-0.000210922
-4.10132e-05
-0.000237389
-4.83879e-05
-0.000268475
-5.81184e-05
-0.00030534
-7.12728e-05
-0.000349335
-8.93837e-05
-0.000401783
-0.000114461
-0.000463385
-0.000148688
-0.000533024
-0.000193441
-0.00060581
-0.000247171
-0.000670619
-0.000301875
-0.00070828
-0.000338388
-0.000692711
-0.000321621
-0.000597951
-0.000197599
-0.00041305
0.000107085
-0.000170522
0.000691933
0.00169998
-7.1697e-07
-3.77164e-07
-2.49793e-06
-1.53411e-06
-5.05904e-06
-2.49682e-06
-8.16792e-06
-3.15197e-06
-1.16514e-05
-3.56857e-06
-1.54019e-05
-3.84174e-06
-1.93678e-05
-4.04928e-06
-2.35377e-05
-4.24317e-06
-2.79254e-05
-4.45365e-06
-3.25601e-05
-4.69704e-06
-3.74808e-05
-4.98251e-06
-4.27332e-05
-5.31639e-06
-4.83694e-05
-5.70454e-06
-5.44485e-05
-6.15363e-06
-6.10378e-05
-6.67186e-06
-6.8215e-05
-7.26956e-06
-7.60705e-05
-7.95991e-06
-8.47114e-05
-8.75981e-06
-9.42659e-05
-9.69124e-06
-0.000104891
-1.07832e-05
-0.00011678
-1.20749e-05
-0.000130179
-1.36199e-05
-0.000145406
-1.54944e-05
-0.000162877
-1.78095e-05
-0.000183158
-2.07323e-05
-0.000207025
-2.45217e-05
-0.000235556
-2.95865e-05
-0.000270257
-3.65724e-05
-0.000313164
-4.64765e-05
-0.000366869
-6.07554e-05
-0.000434228
-8.13296e-05
-0.000517386
-0.000110282
-0.000615635
-0.000148923
-0.000721739
-0.000195771
-0.000817229
-0.000242898
-0.000868817
-0.000270032
-0.000829777
-0.000236639
-0.000652665
-7.00282e-05
-0.000329093
0.000368362
0.00137089
-3.74937e-07
-2.2282e-09
-1.53884e-06
-3.70218e-07
-3.32566e-06
-7.1e-07
-5.5514e-06
-9.26223e-07
-8.0674e-06
-1.05257e-06
-1.07804e-05
-1.12878e-06
-1.36458e-05
-1.18383e-06
-1.66534e-05
-1.23555e-06
-1.98137e-05
-1.29339e-06
-2.31488e-05
-1.36193e-06
-2.66879e-05
-1.44347e-06
-3.04647e-05
-1.53951e-06
-3.45177e-05
-1.65155e-06
-3.889e-05
-1.78139e-06
-4.36305e-05
-1.93128e-06
-4.87959e-05
-2.10415e-06
-5.44521e-05
-2.30372e-06
-6.06771e-05
-2.53477e-06
-6.75649e-05
-2.80351e-06
-7.52301e-05
-3.11807e-06
-8.38156e-05
-3.48933e-06
-9.35033e-05
-3.93222e-06
-0.00010453
-4.46783e-06
-0.000117212
-5.12704e-06
-0.000131988
-5.95703e-06
-0.000149476
-7.03291e-06
-0.000170585
-8.47836e-06
-0.000196656
-1.05006e-05
-0.000229688
-1.34454e-05
-0.000272569
-1.78735e-05
-0.00032925
-2.46488e-05
-0.000404527
-3.50051e-05
-0.000502929
-5.05214e-05
-0.000625867
-7.2833e-05
-0.000766223
-0.000102541
-0.000900214
-0.000136042
-0.000976653
-0.000160199
-0.000909437
-0.000137245
-0.000607636
6.65606e-05
0.000763256
-2.23252e-09
-3.7245e-07
-1.08245e-06
-2.00867e-06
-3.06125e-06
-4.19003e-06
-5.37386e-06
-6.6094e-06
-7.90279e-06
-9.26472e-06
-1.07082e-05
-1.22477e-05
-1.38993e-05
-1.56806e-05
-1.76119e-05
-1.97161e-05
-2.20198e-05
-2.45546e-05
-2.73581e-05
-3.04761e-05
-3.39655e-05
-3.78977e-05
-4.23655e-05
-4.74926e-05
-5.34496e-05
-6.04825e-05
-6.89609e-05
-7.94615e-05
-9.29069e-05
-0.00011078
-0.000135429
-0.000170434
-0.000220956
-0.000293789
-0.00039633
-0.000532372
-0.000692572
-0.000829816
-0.000763256
)
;

boundaryField
{
    frontAndBack
    {
        type            empty;
        value           nonuniform List<scalar> 0();
    }
    fixedWalls
    {
        type            calculated;
        value           uniform 0;
    }
    movingWall
    {
        type            calculated;
        value           uniform 0;
    }
}


// ************************************************************************* //
