/*--------------------------------*- C++ -*----------------------------------*\
  =========                 |
  \\      /  F ield         | OpenFOAM: The Open Source CFD Toolbox
   \\    /   O peration     | Website:  https://openfoam.org
    \\  /    A nd           | Version:  10
     \\/     M anipulation  |
\*---------------------------------------------------------------------------*/
FoamFile
{
    format      ascii;
    class       volVectorField;
    location    "0.3";
    object      U;
}
// * * * * * * * * * * * * * * * * * * * * * * * * * * * * * * * * * * * * * //

dimensions      [0 1 -1 0 0 0 0];

internalField   nonuniform List<vector> 
1600
(
(2.28258e-05 -2.31991e-05 0)
(-3.19992e-05 3.28572e-05 0)
(-8.57354e-05 0.000253345 0)
(-0.000118721 0.000578127 0)
(-0.000136374 0.000967833 0)
(-0.00014571 0.00139602 0)
(-0.000151611 0.00184832 0)
(-0.000156912 0.00231957 0)
(-0.000162999 0.00281003 0)
(-0.000170447 0.00332256 0)
(-0.000179475 0.00386121 0)
(-0.000190188 0.00443066 0)
(-0.000202687 0.00503598 0)
(-0.000217109 0.00568267 0)
(-0.000233642 0.00637679 0)
(-0.000252534 0.00712507 0)
(-0.000274111 0.00793509 0)
(-0.000298786 0.00881556 0)
(-0.000327097 0.00977659 0)
(-0.000359739 0.0108301 0)
(-0.000397624 0.0119904 0)
(-0.000441966 0.0132747 0)
(-0.000494413 0.0147046 0)
(-0.000557254 0.0163071 0)
(-0.000633758 0.018117 0)
(-0.000728744 0.0201798 0)
(-0.000849584 0.0225574 0)
(-0.00100803 0.0253353 0)
(-0.00122354 0.0286362 0)
(-0.00152945 0.0326411 0)
(-0.00198411 0.0376258 0)
(-0.00269106 0.0440193 0)
(-0.00383519 0.0525003 0)
(-0.00574792 0.0641538 0)
(-0.00901396 0.080708 0)
(-0.0145612 0.104886 0)
(-0.0233163 0.1413 0)
(-0.0332382 0.198037 0)
(-0.0155875 0.263771 0)
(0.270586 0.149816 0)
(-3.29657e-05 3.16915e-05 0)
(-0.000293877 0.000293179 0)
(-0.000526002 0.000878742 0)
(-0.000682121 0.00167324 0)
(-0.000777854 0.0026046 0)
(-0.000837165 0.00362728 0)
(-0.000879361 0.00471398 0)
(-0.000917097 0.0058532 0)
(-0.000957492 0.00704416 0)
(-0.00100416 0.00829212 0)
(-0.00105891 0.00960564 0)
(-0.00112279 0.0109951 0)
(-0.00119669 0.0124723 0)
(-0.00128156 0.0140502 0)
(-0.00137859 0.0157432 0)
(-0.00148927 0.0175674 0)
(-0.00161549 0.0195408 0)
(-0.00175965 0.0216843 0)
(-0.00192483 0.0240219 0)
(-0.00211499 0.026582 0)
(-0.00233529 0.0293982 0)
(-0.00259259 0.0325116 0)
(-0.00289609 0.0359723 0)
(-0.0032584 0.0398432 0)
(-0.00369718 0.0442044 0)
(-0.0042377 0.0491598 0)
(-0.00491701 0.0548467 0)
(-0.00579079 0.0614506 0)
(-0.00694434 0.0692259 0)
(-0.00851002 0.0785264 0)
(-0.0106935 0.0898456 0)
(-0.0138102 0.103864 0)
(-0.0183315 0.121483 0)
(-0.0249303 0.143797 0)
(-0.0344842 0.171867 0)
(-0.0477813 0.205929 0)
(-0.0638006 0.243021 0)
(-0.0722502 0.271206 0)
(-0.018666 0.258615 0)
(0.349787 0.125159 0)
(-0.000253868 8.56816e-05 0)
(-0.000878221 0.000521202 0)
(-0.00139286 0.0013806 0)
(-0.0017514 0.00250097 0)
(-0.00198465 0.00379216 0)
(-0.00213884 0.00520279 0)
(-0.00225385 0.00670162 0)
(-0.00235742 0.00827506 0)
(-0.00246624 0.0099223 0)
(-0.00258951 0.0116501 0)
(-0.00273224 0.0134696 0)
(-0.00289754 0.0153944 0)
(-0.00308792 0.0174404 0)
(-0.00330601 0.0196248 0)
(-0.00355487 0.021967 0)
(-0.0038383 0.0244886 0)
(-0.00416106 0.0272139 0)
(-0.00452913 0.0301705 0)
(-0.00495011 0.0333902 0)
(-0.00543376 0.0369105 0)
(-0.00599273 0.0407751 0)
(-0.00664365 0.045037 0)
(-0.00740865 0.0497602 0)
(-0.00831769 0.0550237 0)
(-0.009412 0.0609264 0)
(-0.0107492 0.0675935 0)
(-0.0124115 0.0751859 0)
(-0.0145168 0.0839125 0)
(-0.0172363 0.0940456 0)
(-0.0208163 0.105939 0)
(-0.0256009 0.120038 0)
(-0.0320428 0.136871 0)
(-0.0406625 0.15697 0)
(-0.0518747 0.180613 0)
(-0.0654826 0.207225 0)
(-0.0792835 0.234062 0)
(-0.0850024 0.253231 0)
(-0.0563586 0.245977 0)
(0.0817488 0.186362 0)
(0.507771 0.0776872 0)
(-0.000574316 0.000116823 0)
(-0.00165935 0.000663381 0)
(-0.00250551 0.00170155 0)
(-0.0030959 0.00302681 0)
(-0.00348801 0.004536 0)
(-0.00375504 0.00617595 0)
(-0.00395959 0.00791514 0)
(-0.00414574 0.00974029 0)
(-0.00434065 0.0116514 0)
(-0.00455981 0.0136563 0)
(-0.00481201 0.0157676 0)
(-0.00510287 0.0180006 0)
(-0.0054369 0.020373 0)
(-0.00581873 0.0229043 0)
(-0.00625367 0.0256161 0)
(-0.00674817 0.0285323 0)
(-0.00731025 0.0316797 0)
(-0.00794991 0.0350888 0)
(-0.00867981 0.0387942 0)
(-0.00951603 0.0428358 0)
(-0.0104793 0.0472603 0)
(-0.0115964 0.0521229 0)
(-0.0129029 0.0574891 0)
(-0.014446 0.0634383 0)
(-0.0162895 0.0700667 0)
(-0.0185206 0.0774928 0)
(-0.0212598 0.0858622 0)
(-0.0246741 0.0953544 0)
(-0.0289932 0.106188 0)
(-0.0345249 0.118618 0)
(-0.0416545 0.132921 0)
(-0.050795 0.149334 0)
(-0.0622086 0.167898 0)
(-0.0755459 0.188105 0)
(-0.0887944 0.2082 0)
(-0.0960077 0.223973 0)
(-0.0823914 0.226658 0)
(-0.0138253 0.200297 0)
(0.181126 0.131469 0)
(0.618983 0.0475711 0)
(-0.00095006 0.000130523 0)
(-0.00255177 0.000733847 0)
(-0.00375367 0.00186812 0)
(-0.00458574 0.00330141 0)
(-0.00514208 0.00492172 0)
(-0.00552699 0.00667501 0)
(-0.00582701 0.00853048 0)
(-0.00610268 0.0104758 0)
(-0.00639156 0.0125119 0)
(-0.00671538 0.0146473 0)
(-0.00708672 0.0168953 0)
(-0.00751374 0.0192719 0)
(-0.00800303 0.0217951 0)
(-0.00856122 0.0244848 0)
(-0.00919585 0.0273631 0)
(-0.00991598 0.0304542 0)
(-0.0107327 0.0337848 0)
(-0.0116599 0.0373851 0)
(-0.0127149 0.0412888 0)
(-0.0139193 0.0455342 0)
(-0.0153009 0.0501655 0)
(-0.0168955 0.0552333 0)
(-0.0187494 0.0607966 0)
(-0.0209232 0.0669245 0)
(-0.0234973 0.0736977 0)
(-0.0265791 0.0812109 0)
(-0.0303122 0.0895739 0)
(-0.034888 0.0989117 0)
(-0.0405562 0.10936 0)
(-0.0476249 0.12105 0)
(-0.0564269 0.134071 0)
(-0.0671969 0.148388 0)
(-0.0797518 0.163656 0)
(-0.0927755 0.178868 0)
(-0.102386 0.191736 0)
(-0.0995041 0.197817 0)
(-0.0653852 0.189488 0)
(0.0353277 0.155731 0)
(0.2619 0.0921479 0)
(0.686826 0.0292488 0)
(-0.00134811 0.000133816 0)
(-0.0034949 0.000756044 0)
(-0.00506455 0.001925 0)
(-0.00614103 0.00339582 0)
(-0.00686124 0.00505187 0)
(-0.00736362 0.00683871 0)
(-0.00775964 0.00872628 0)
(-0.00812628 0.0107032 0)
(-0.00851126 0.0127709 0)
(-0.00894226 0.0149384 0)
(-0.00943545 0.0172188 0)
(-0.0100014 0.0196281 0)
(-0.0106485 0.0221839 0)
(-0.0113854 0.0249055 0)
(-0.0122215 0.0278141 0)
(-0.0131682 0.0309327 0)
(-0.0142393 0.0342865 0)
(-0.0154517 0.0379031 0)
(-0.0168265 0.0418134 0)
(-0.01839 0.0460513 0)
(-0.0201752 0.0506551 0)
(-0.0222239 0.0556672 0)
(-0.0245899 0.0611355 0)
(-0.0273421 0.0671132 0)
(-0.03057 0.0736596 0)
(-0.03439 0.0808387 0)
(-0.0389532 0.0887182 0)
(-0.0444526 0.0973637 0)
(-0.0511253 0.106828 0)
(-0.0592354 0.11713 0)
(-0.0690048 0.128208 0)
(-0.0804227 0.139828 0)
(-0.0928056 0.151415 0)
(-0.103896 0.161741 0)
(-0.108226 0.168448 0)
(-0.0945125 0.167541 0)
(-0.0421619 0.153155 0)
(0.0823114 0.118541 0)
(0.325586 0.0642924 0)
(0.730525 0.017913 0)
(-0.00174778 0.000131602 0)
(-0.00444615 0.00074911 0)
(-0.00638519 0.00191163 0)
(-0.0077038 0.0033723 0)
(-0.00858434 0.00501359 0)
(-0.00920096 0.00678135 0)
(-0.00969047 0.00864621 0)
(-0.0101462 0.0105974 0)
(-0.0106257 0.0126367 0)
(-0.0111622 0.014773 0)
(-0.0117752 0.0170192 0)
(-0.0124775 0.0193903 0)
(-0.013279 0.0219032 0)
(-0.0141899 0.0245759 0)
(-0.0152214 0.0274281 0)
(-0.0163865 0.0304806 0)
(-0.0177012 0.0337562 0)
(-0.0191847 0.0372791 0)
(-0.0208607 0.0410757 0)
(-0.0227583 0.0451745 0)
(-0.0249138 0.049606 0)
(-0.0273726 0.0544031 0)
(-0.0301917 0.0596006 0)
(-0.0334431 0.0652346 0)
(-0.0372182 0.0713413 0)
(-0.0416328 0.0779546 0)
(-0.0468322 0.0851018 0)
(-0.0529937 0.0927961 0)
(-0.0603203 0.101022 0)
(-0.0690064 0.109713 0)
(-0.0791371 0.118702 0)
(-0.0904414 0.127641 0)
(-0.101759 0.135853 0)
(-0.110023 0.142081 0)
(-0.108553 0.144169 0)
(-0.0846932 0.138833 0)
(-0.0173782 0.121908 0)
(0.123842 0.089697 0)
(0.375053 0.0451344 0)
(0.759983 0.0110363 0)
(-0.00213761 0.000126707 0)
(-0.00537858 0.000725566 0)
(-0.00768036 0.00185547 0)
(-0.00923489 0.0032748 0)
(-0.0102702 0.00486812 0)
(-0.0109963 0.00658234 0)
(-0.0115752 0.00838895 0)
(-0.0121163 0.0102776 0)
(-0.0126865 0.0122502 0)
(-0.0133243 0.0143152 0)
(-0.0140523 0.0164847 0)
(-0.0148849 0.018773 0)
(-0.0158336 0.0211954 0)
(-0.0169097 0.0237686 0)
(-0.0181256 0.0265102 0)
(-0.0194956 0.0294387 0)
(-0.021037 0.0325736 0)
(-0.0227705 0.0359357 0)
(-0.0247211 0.0395462 0)
(-0.0269193 0.0434277 0)
(-0.0294028 0.0476028 0)
(-0.0322174 0.0520944 0)
(-0.0354201 0.0569245 0)
(-0.0390814 0.0621129 0)
(-0.0432888 0.0676747 0)
(-0.0481497 0.0736175 0)
(-0.0537944 0.079935 0)
(-0.0603739 0.0865991 0)
(-0.0680453 0.0935453 0)
(-0.0769228 0.100649 0)
(-0.0869515 0.107684 0)
(-0.0976155 0.114253 0)
(-0.107341 0.119665 0)
(-0.112411 0.122753 0)
(-0.105289 0.121676 0)
(-0.0725746 0.113886 0)
(0.00647417 0.0965998 0)
(0.15908 0.0681064 0)
(0.413085 0.0321856 0)
(0.780206 0.0069541 0)
(-0.00251146 0.000120478 0)
(-0.00627586 0.000692336 0)
(-0.00892756 0.00177283 0)
(-0.0107087 0.00313012 0)
(-0.0118918 0.00465306 0)
(-0.0127218 0.00629043 0)
(-0.0133853 0.00801484 0)
(-0.014007 0.00981637 0)
(-0.0146628 0.0116967 0)
(-0.0153963 0.0136638 0)
(-0.0162325 0.015729 0)
(-0.0171876 0.0179051 0)
(-0.0182741 0.0202064 0)
(-0.0195042 0.0226477 0)
(-0.0208908 0.0252443 0)
(-0.0224493 0.0280124 0)
(-0.0241975 0.0309683 0)
(-0.0261565 0.0341288 0)
(-0.0283519 0.0375105 0)
(-0.030814 0.0411298 0)
(-0.0335797 0.0450022 0)
(-0.0366934 0.0491413 0)
(-0.0402092 0.0535575 0)
(-0.0441924 0.0582565 0)
(-0.0487221 0.0632359 0)
(-0.0538927 0.0684822 0)
(-0.059814 0.0739639 0)
(-0.0666052 0.0796239 0)
(-0.0743734 0.0853659 0)
(-0.083153 0.0910333 0)
(-0.0927588 0.0963755 0)
(-0.102461 0.100989 0)
(-0.110346 0.104225 0)
(-0.112205 0.105063 0)
(-0.0999298 0.101997 0)
(-0.0598039 0.0931314 0)
(0.0282028 0.076698 0)
(0.188355 0.0521856 0)
(0.442321 0.0234428 0)
(0.79439 0.00454352 0)
(-0.00286565 0.000113434 0)
(-0.00712745 0.000652766 0)
(-0.0101117 0.00167233 0)
(-0.0121078 0.00295298 0)
(-0.0134305 0.00438943 0)
(-0.0143581 0.00593308 0)
(-0.0151007 0.00755793 0)
(-0.0157977 0.00925453 0)
(-0.0165334 0.0110244 0)
(-0.0173561 0.0128748 0)
(-0.0182931 0.0148159 0)
(-0.0193617 0.0168597 0)
(-0.0205755 0.0190187 0)
(-0.0219469 0.0213059 0)
(-0.0234896 0.0237347 0)
(-0.0252188 0.0263186 0)
(-0.0271526 0.029071 0)
(-0.0293118 0.032005 0)
(-0.0317213 0.0351329 0)
(-0.0344102 0.0384656 0)
(-0.0374134 0.0420121 0)
(-0.0407718 0.0457781 0)
(-0.0445345 0.0497646 0)
(-0.0487592 0.0539656 0)
(-0.053514 0.0583657 0)
(-0.0588775 0.0629357 0)
(-0.0649366 0.0676271 0)
(-0.0717774 0.0723647 0)
(-0.0794582 0.0770352 0)
(-0.0879401 0.0814698 0)
(-0.096924 0.0854165 0)
(-0.105502 0.0884948 0)
(-0.111493 0.0901269 0)
(-0.110328 0.0894515 0)
(-0.0935428 0.0852783 0)
(-0.0473681 0.076231 0)
(0.0473804 0.0612468 0)
(0.212448 0.0404814 0)
(0.464967 0.0174858 0)
(0.80465 0.00310654 0)
(-0.00319756 0.000105729 0)
(-0.0079258 0.000608331 0)
(-0.0112218 0.00155826 0)
(-0.013419 0.00275107 0)
(-0.0148719 0.00408852 0)
(-0.0158903 0.00552521 0)
(-0.0167062 0.00703687 0)
(-0.0174729 0.00861462 0)
(-0.0182825 0.0102597 0)
(-0.0191873 0.0119788 0)
(-0.020217 0.0137811 0)
(-0.0213898 0.0156771 0)
(-0.0227197 0.017678 0)
(-0.0242196 0.0197951 0)
(-0.0259029 0.0220398 0)
(-0.027785 0.0244233 0)
(-0.0298832 0.0269562 0)
(-0.0322177 0.0296483 0)
(-0.0348118 0.0325081 0)
(-0.0376925 0.0355421 0)
(-0.0408915 0.0387537 0)
(-0.0444452 0.0421424 0)
(-0.0483962 0.0457018 0)
(-0.0527932 0.0494176 0)
(-0.0576921 0.0532648 0)
(-0.0631544 0.0572043 0)
(-0.0692441 0.0611774 0)
(-0.0760156 0.0651002 0)
(-0.0834828 0.0688534 0)
(-0.0915428 0.0722696 0)
(-0.0998011 0.0751108 0)
(-0.107207 0.0770345 0)
(-0.111373 0.0775433 0)
(-0.107477 0.0759302 0)
(-0.0868454 0.0712713 0)
(-0.0358054 0.0625864 0)
(0.063988 0.0492771 0)
(0.232217 0.031831 0)
(0.482705 0.0133601 0)
(0.812317 0.00223067 0)
(-0.00350496 9.73915e-05 0)
(-0.00866482 0.000559687 0)
(-0.012249 0.00143276 0)
(-0.0146318 0.0025285 0)
(-0.0162046 0.00375655 0)
(-0.0173065 0.00507526 0)
(-0.0181896 0.00646234 0)
(-0.01902 0.00790963 0)
(-0.0198971 0.00941819 0)
(-0.0208769 0.0109939 0)
(-0.0219909 0.0126452 0)
(-0.0232581 0.0143811 0)
(-0.024693 0.0162116 0)
(-0.0263082 0.0181462 0)
(-0.0281172 0.0201947 0)
(-0.0301346 0.0223661 0)
(-0.032377 0.0246686 0)
(-0.0348632 0.0271095 0)
(-0.0376145 0.0296939 0)
(-0.0406553 0.0324248 0)
(-0.0440133 0.0353015 0)
(-0.0477195 0.0383187 0)
(-0.0518094 0.041465 0)
(-0.0563223 0.0447204 0)
(-0.0613012 0.0480544 0)
(-0.0667911 0.0514221 0)
(-0.0728342 0.0547607 0)
(-0.0794563 0.0579842 0)
(-0.0866327 0.0609757 0)
(-0.0942066 0.0635776 0)
(-0.101706 0.0655745 0)
(-0.107968 0.0666676 0)
(-0.110451 0.0664388 0)
(-0.104153 0.064317 0)
(-0.0802955 0.0595926 0)
(-0.0253702 0.0515746 0)
(0.0782016 0.0399576 0)
(0.248447 0.0253615 0)
(0.496767 0.0104362 0)
(0.818216 0.00167691 0)
(-0.0037858 8.84297e-05 0)
(-0.00933919 0.000507197 0)
(-0.0131856 0.00129713 0)
(-0.015737 0.00228777 0)
(-0.0174186 0.00339747 0)
(-0.0185961 0.00458867 0)
(-0.0195401 0.00584133 0)
(-0.0204282 0.00714811 0)
(-0.0213664 0.00850997 0)
(-0.0224138 0.00993218 0)
(-0.0236036 0.011422 0)
(-0.0249557 0.0129876 0)
(-0.0264843 0.0146375 0)
(-0.0282022 0.0163799 0)
(-0.0301222 0.0182228 0)
(-0.0322584 0.0201736 0)
(-0.034626 0.0222385 0)
(-0.0372424 0.0244227 0)
(-0.0401266 0.0267289 0)
(-0.0432997 0.0291573 0)
(-0.0467852 0.0317047 0)
(-0.0506087 0.0343625 0)
(-0.054798 0.0371162 0)
(-0.059383 0.0399428 0)
(-0.0643945 0.0428091 0)
(-0.0698622 0.0456688 0)
(-0.0758084 0.0484591 0)
(-0.082234 0.0510968 0)
(-0.0890817 0.0534728 0)
(-0.0961509 0.0554441 0)
(-0.102908 0.0568214 0)
(-0.108102 0.0573497 0)
(-0.109076 0.0566824 0)
(-0.100708 0.0543619 0)
(-0.0741694 0.0498444 0)
(-0.0161458 0.042643 0)
(0.090274 0.0326286 0)
(0.261801 0.0204427 0)
(0.508043 0.00830546 0)
(0.822866 0.0013088 0)
(-0.00403817 7.88616e-05 0)
(-0.00994418 0.000451157 0)
(-0.014025 0.00115232 0)
(-0.0167269 0.00203081 0)
(-0.0185055 0.00301428 0)
(-0.0197503 0.00406962 0)
(-0.0207486 0.00517923 0)
(-0.0216882 0.00633674 0)
(-0.0226807 0.00754306 0)
(-0.0237885 0.00880284 0)
(-0.0250459 0.0101225 0)
(-0.0264731 0.0115091 0)
(-0.0280847 0.0129699 0)
(-0.029893 0.014512 0)
(-0.0319104 0.016142 0)
(-0.0341498 0.0178659 0)
(-0.0366256 0.0196885 0)
(-0.039353 0.0216132 0)
(-0.0423488 0.0236413 0)
(-0.0456309 0.0257713 0)
(-0.0492183 0.0279981 0)
(-0.0531311 0.0303119 0)
(-0.05739 0.0326966 0)
(-0.0620159 0.0351287 0)
(-0.0670283 0.0375748 0)
(-0.0724428 0.03999 0)
(-0.0782647 0.0423148 0)
(-0.0844737 0.0444723 0)
(-0.0909856 0.0463642 0)
(-0.0975644 0.0478643 0)
(-0.103628 0.0488098 0)
(-0.107857 0.0489858 0)
(-0.107508 0.048107 0)
(-0.0973761 0.0458066 0)
(-0.0686211 0.0416651 0)
(-0.00811984 0.0353356 0)
(0.100471 0.026789 0)
(0.272817 0.0166306 0)
(0.517176 0.00670539 0)
(0.826599 0.00104957 0)
(-0.00426029 6.87209e-05 0)
(-0.0104755 0.000391867 0)
(-0.0147612 0.000999255 0)
(-0.0175943 0.00175935 0)
(-0.0194574 0.00260967 0)
(-0.020761 0.00352182 0)
(-0.0218068 0.00448085 0)
(-0.0227916 0.00548144 0)
(-0.023832 0.00652451 0)
(-0.0249928 0.00761419 0)
(-0.0263094 0.00875604 0)
(-0.0278027 0.00995619 0)
(-0.0294868 0.0112209 0)
(-0.0313739 0.0125561 0)
(-0.0334757 0.0139674 0)
(-0.0358044 0.0154597 0)
(-0.0383729 0.0170368 0)
(-0.0411948 0.0187011 0)
(-0.0442844 0.0204529 0)
(-0.0476564 0.02229 0)
(-0.0513258 0.0242068 0)
(-0.0553073 0.0261931 0)
(-0.0596152 0.0282335 0)
(-0.064262 0.0303051 0)
(-0.0692571 0.0323769 0)
(-0.074604 0.0344074 0)
(-0.0802934 0.0363429 0)
(-0.0862872 0.0381148 0)
(-0.0924794 0.0396371 0)
(-0.0986054 0.040801 0)
(-0.104044 0.0414684 0)
(-0.107423 0.0414594 0)
(-0.105934 0.040539 0)
(-0.0943133 0.0384106 0)
(-0.0637274 0.0347453 0)
(-0.00123156 0.0292896 0)
(0.109041 0.0220654 0)
(0.281919 0.0136156 0)
(0.524629 0.00546782 0)
(0.829638 0.000856423 0)
(-0.00445051 5.80539e-05 0)
(-0.0109292 0.000329655 0)
(-0.0153889 0.000838843 0)
(-0.0183332 0.00147509 0)
(-0.0202679 0.00218623 0)
(-0.0216214 0.00294886 0)
(-0.0227078 0.00375077 0)
(-0.0237314 0.00458783 0)
(-0.0248131 0.00546102 0)
(-0.0260196 0.00637398 0)
(-0.0273875 0.00733151 0)
(-0.0289376 0.00833889 0)
(-0.0306842 0.00940145 0)
(-0.0326391 0.0105243 0)
(-0.0348136 0.0117123 0)
(-0.0372188 0.0129694 0)
(-0.0398666 0.0142988 0)
(-0.0427688 0.0157025 0)
(-0.0459375 0.0171806 0)
(-0.0493847 0.018731 0)
(-0.0531215 0.0203483 0)
(-0.057158 0.0220236 0)
(-0.0615025 0.0237427 0)
(-0.0661602 0.0254858 0)
(-0.071132 0.0272253 0)
(-0.0764107 0.0289251 0)
(-0.0819749 0.0305387 0)
(-0.0877717 0.0320072 0)
(-0.0936773 0.0332572 0)
(-0.099404 0.034197 0)
(-0.104299 0.0347104 0)
(-0.106948 0.034647 0)
(-0.10449 0.0338114 0)
(-0.0916195 0.0319599 0)
(-0.0595186 0.0288275 0)
(0.00459826 0.0242207 0)
(0.116199 0.0181815 0)
(0.289439 0.0111816 0)
(0.53074 0.00448387 0)
(0.832129 0.000705315 0)
(-0.00460738 4.69156e-05 0)
(-0.0113021 0.000264876 0)
(-0.0159037 0.000672041 0)
(-0.0189383 0.00117975 0)
(-0.0209311 0.00174659 0)
(-0.0223255 0.0023543 0)
(-0.0234455 0.00299356 0)
(-0.0245015 0.00366145 0)
(-0.0256178 0.0043591 0)
(-0.0268629 0.0050897 0)
(-0.028274 0.00585737 0)
(-0.0298722 0.00666658 0)
(-0.0316718 0.00752191 0)
(-0.0336843 0.00842778 0)
(-0.0359203 0.00938833 0)
(-0.0383906 0.0104072 0)
(-0.0411057 0.0114874 0)
(-0.0440763 0.0126307 0)
(-0.0473126 0.0138376 0)
(-0.0508239 0.0151068 0)
(-0.0546184 0.0164342 0)
(-0.058702 0.0178129 0)
(-0.063078 0.0192315 0)
(-0.0677455 0.0206739 0)
(-0.0726978 0.0221178 0)
(-0.0779193 0.0235334 0)
(-0.0833781 0.0248826 0)
(-0.0890094 0.0261169 0)
(-0.0946744 0.0271757 0)
(-0.100066 0.0279831 0)
(-0.104506 0.0284418 0)
(-0.106543 0.0284256 0)
(-0.103273 0.0277696 0)
(-0.0893587 0.026268 0)
(-0.0559996 0.0236996 0)
(0.00945073 0.0199067 0)
(0.122127 0.0149321 0)
(0.295635 0.00917593 0)
(0.535756 0.00368148 0)
(0.834179 0.000582345 0)
(-0.00472964 3.53674e-05 0)
(-0.0115911 0.000197904 0)
(-0.0163015 0.000499839 0)
(-0.019405 0.000875124 0)
(-0.0214423 0.00129341 0)
(-0.0228683 0.00174173 0)
(-0.0240146 0.00221376 0)
(-0.0250966 0.00270782 0)
(-0.026241 0.00322522 0)
(-0.0275175 0.00376873 0)
(-0.028964 0.00434183 0)
(-0.0306017 0.00494829 0)
(-0.032445 0.005592 0)
(-0.0345052 0.00627681 0)
(-0.0367926 0.00700644 0)
(-0.0393174 0.00778433 0)
(-0.0420896 0.00861344 0)
(-0.0451187 0.00949608 0)
(-0.0484133 0.0104335 0)
(-0.0519811 0.0114258 0)
(-0.0558276 0.0124709 0)
(-0.0599555 0.0135646 0)
(-0.064364 0.0146994 0)
(-0.0690473 0.0158639 0)
(-0.0739927 0.017042 0)
(-0.0791773 0.0182115 0)
(-0.0845609 0.0193434 0)
(-0.0900683 0.0204 0)
(-0.0955484 0.0213335 0)
(-0.100677 0.0220821 0)
(-0.104752 0.0225655 0)
(-0.106292 0.0226763 0)
(-0.102355 0.022272 0)
(-0.087573 0.0211734 0)
(-0.0531639 0.0191865 0)
(0.0133996 0.0161723 0)
(0.126971 0.0121625 0)
(0.300704 0.00748868 0)
(0.539861 0.00301145 0)
(0.835862 0.00047906 0)
(-0.00481622 2.3475e-05 0)
(-0.011794 0.000129134 0)
(-0.0165791 0.000323262 0)
(-0.0197298 0.000563025 0)
(-0.0217976 0.000829406 0)
(-0.0232457 0.00111482 0)
(-0.0244112 0.00141596 0)
(-0.0255126 0.00173247 0)
(-0.0266784 0.0020658 0)
(-0.0279792 0.00241836 0)
(-0.0294532 0.00279299 0)
(-0.031122 0.0031928 0)
(-0.0329999 0.00362107 0)
(-0.0350983 0.00408117 0)
(-0.0374274 0.00457652 0)
(-0.0399971 0.00511054 0)
(-0.042817 0.00568648 0)
(-0.045896 0.00630733 0)
(-0.049242 0.0069756 0)
(-0.0528611 0.00769308 0)
(-0.0567571 0.0084605 0)
(-0.0609306 0.00927701 0)
(-0.0653777 0.0101397 0)
(-0.0700888 0.0110429 0)
(-0.0750465 0.0119775 0)
(-0.0802224 0.0129298 0)
(-0.085569 0.0138806 0)
(-0.0910028 0.0148036 0)
(-0.0963612 0.0156634 0)
(-0.101305 0.0164118 0)
(-0.10511 0.0169828 0)
(-0.106264 0.0172839 0)
(-0.101789 0.0171886 0)
(-0.0862924 0.0165341 0)
(-0.0510022 0.0151415 0)
(0.016506 0.0128771 0)
(0.130848 0.00975349 0)
(0.304798 0.00603841 0)
(0.543193 0.00243876 0)
(0.837234 0.000389923 0)
(-0.00486626 1.13086e-05 0)
(-0.0119087 5.89764e-05 0)
(-0.0167342 0.000143375 0)
(-0.0199098 0.000245336 0)
(-0.021994 0.00035735 0)
(-0.0234547 0.000477272 0)
(-0.024632 0.000604847 0)
(-0.0257462 0.000740999 0)
(-0.0269266 0.000887357 0)
(-0.0282444 0.00104592 0)
(-0.0297381 0.00121892 0)
(-0.0314295 0.00140881 0)
(-0.033333 0.00161829 0)
(-0.0354602 0.00185029 0)
(-0.0378215 0.00210803 0)
(-0.0404269 0.00239498 0)
(-0.0432859 0.00271484 0)
(-0.0464073 0.0030715 0)
(-0.0497987 0.00346896 0)
(-0.0534657 0.0039112 0)
(-0.0574113 0.00440198 0)
(-0.0616346 0.00494452 0)
(-0.0661301 0.00554108 0)
(-0.0708856 0.00619246 0)
(-0.0758805 0.00689738 0)
(-0.0810819 0.00765153 0)
(-0.0864369 0.00844635 0)
(-0.0918542 0.00926741 0)
(-0.097161 0.010092 0)
(-0.102003 0.0108851 0)
(-0.105634 0.0115934 0)
(-0.106512 0.0121363 0)
(-0.101622 0.0123977 0)
(-0.0855421 0.0122233 0)
(-0.0495087 0.0114388 0)
(0.0188165 0.00990542 0)
(0.133844 0.00761064 0)
(0.308029 0.00476261 0)
(0.545853 0.00193734 0)
(0.838336 0.000310974 0)
(-0.00487913 -1.05756e-06 0)
(-0.011934 -1.21369e-05 0)
(-0.016765 -3.87187e-05 0)
(-0.0199431 -7.59993e-05 0)
(-0.0220295 -0.000119888 0)
(-0.023493 -0.000167077 0)
(-0.0246747 -0.000214796 0)
(-0.0257949 -0.000260856 0)
(-0.026983 -0.000303496 0)
(-0.0283105 -0.000341142 0)
(-0.0298158 -0.000372203 0)
(-0.031521 -0.000394902 0)
(-0.0334411 -0.000407147 0)
(-0.0355876 -0.000406434 0)
(-0.0379716 -0.000389763 0)
(-0.0406034 -0.000353567 0)
(-0.043493 -0.000293647 0)
(-0.0466497 -0.000205112 0)
(-0.0500812 -8.23508e-05 0)
(-0.0537936 8.10242e-05 0)
(-0.05779 0.00029215 0)
(-0.0620694 0.00055867 0)
(-0.0666255 0.00088853 0)
(-0.0714453 0.00128969 0)
(-0.0765062 0.00176951 0)
(-0.0817725 0.00233392 0)
(-0.0871868 0.00298604 0)
(-0.0926513 0.00372426 0)
(-0.097983 0.00453935 0)
(-0.102812 0.00540968 0)
(-0.10637 0.00629394 0)
(-0.107081 0.00712137 0)
(-0.101892 0.00778192 0)
(-0.0853478 0.00812302 0)
(-0.0486848 0.00796596 0)
(0.0203612 0.00715777 0)
(0.136024 0.00565556 0)
(0.310481 0.00361098 0)
(0.547914 0.00148656 0)
(0.839197 0.000239092 0)
(-0.00485441 -1.35444e-05 0)
(-0.0118691 -8.37541e-05 0)
(-0.0166705 -0.000221868 0)
(-0.0198288 -0.000398968 0)
(-0.0219028 -0.000599347 0)
(-0.0233596 -0.000814284 0)
(-0.0245381 -0.00103804 0)
(-0.0256573 -0.0012672 0)
(-0.0268461 -0.00149994 0)
(-0.0281754 -0.00173516 0)
(-0.029684 -0.00197197 0)
(-0.0313942 -0.00220932 0)
(-0.0333211 -0.00244579 0)
(-0.0354772 -0.00267939 0)
(-0.0378739 -0.00290738 0)
(-0.0405225 -0.00312617 0)
(-0.0434338 -0.00333111 0)
(-0.0466181 -0.00351635 0)
(-0.0500843 -0.00367463 0)
(-0.0538396 -0.0037971 0)
(-0.0578882 -0.00387319 0)
(-0.0622304 -0.00389056 0)
(-0.0668607 -0.00383514 0)
(-0.0717665 -0.00369128 0)
(-0.076925 -0.00344216 0)
(-0.0822991 -0.00307063 0)
(-0.0878286 -0.00256062 0)
(-0.0934099 -0.00189946 0)
(-0.0988502 -0.00108143 0)
(-0.103763 -0.000113591 0)
(-0.107355 0.000975308 0)
(-0.108012 0.00212319 0)
(-0.102639 0.00322307 0)
(-0.0857396 0.00411856 0)
(-0.0485432 0.00461757 0)
(0.0211525 0.00454396 0)
(0.137425 0.00381941 0)
(0.312209 0.00254048 0)
(0.549428 0.00106898 0)
(0.839836 0.000171563 0)
(-0.00479196 -2.6068e-05 0)
(-0.0117138 -0.000155402 0)
(-0.0164506 -0.000404874 0)
(-0.0195665 -0.000721476 0)
(-0.021614 -0.00107795 0)
(-0.0230542 -0.00146026 0)
(-0.0242217 -0.00185975 0)
(-0.0253328 -0.0022719 0)
(-0.0265149 -0.00269488 0)
(-0.0278382 -0.00312813 0)
(-0.0293414 -0.00357157 0)
(-0.0310469 -0.00402498 0)
(-0.0329707 -0.0044877 0)
(-0.0351257 -0.00495837 0)
(-0.0375244 -0.00543469 0)
(-0.0401791 -0.00591319 0)
(-0.0431022 -0.00638894 0)
(-0.0463054 -0.0068553 0)
(-0.0497997 -0.00730353 0)
(-0.0535942 -0.00772245 0)
(-0.0576956 -0.00809808 0)
(-0.0621065 -0.00841336 0)
(-0.066824 -0.00864788 0)
(-0.0718377 -0.00877786 0)
(-0.0771266 -0.00877628 0)
(-0.0826542 -0.00861359 0)
(-0.0883588 -0.00825921 0)
(-0.0941325 -0.00768414 0)
(-0.0997724 -0.00686533 0)
(-0.104875 -0.0057929 0)
(-0.108616 -0.00448109 0)
(-0.109342 -0.00298275 0)
(-0.103902 -0.00140367 0)
(-0.0867541 9.12181e-05 0)
(-0.0491104 0.00128737 0)
(0.021183 0.00197599 0)
(0.138062 0.0020371 0)
(0.313243 0.00151122 0)
(0.550425 0.000668522 0)
(0.840266 0.000105809 0)
(-0.00469186 -3.854e-05 0)
(-0.0114684 -0.000226584 0)
(-0.0161059 -0.000586487 0)
(-0.0191573 -0.00104134 0)
(-0.021164 -0.00155251 0)
(-0.0225776 -0.00210073 0)
(-0.0237263 -0.0026746 0)
(-0.024822 -0.00326856 0)
(-0.0259897 -0.00388087 0)
(-0.0272986 -0.00451165 0)
(-0.028787 -0.00516169 0)
(-0.0304778 -0.00583176 0)
(-0.0323874 -0.00652213 0)
(-0.0345298 -0.00723227 0)
(-0.0369186 -0.00796051 0)
(-0.0395677 -0.00870377 0)
(-0.042491 -0.00945716 0)
(-0.0457026 -0.0102135 0)
(-0.0492162 -0.0109631 0)
(-0.053044 -0.0116925 0)
(-0.0571961 -0.0123849 0)
(-0.0616793 -0.0130185 0)
(-0.0664949 -0.0135667 0)
(-0.0716369 -0.0139974 0)
(-0.0770883 -0.0142725 0)
(-0.0828157 -0.0143491 0)
(-0.0887583 -0.0141801 0)
(-0.0948052 -0.0137174 0)
(-0.100745 -0.0129173 0)
(-0.106154 -0.0117488 0)
(-0.110174 -0.010208 0)
(-0.111103 -0.00833566 0)
(-0.105727 -0.00623689 0)
(-0.088441 -0.00409139 0)
(-0.0504293 -0.0021416 0)
(0.0204243 -0.00063916 0)
(0.137925 0.000241432 0)
(0.313589 0.000482625 0)
(0.550915 0.000269188 0)
(0.840492 3.94051e-05 0)
(-0.00455448 -5.08672e-05 0)
(-0.011134 -0.000296785 0)
(-0.0156379 -0.000765408 0)
(-0.0186029 -0.00135631 0)
(-0.0205546 -0.00201968 0)
(-0.0219319 -0.00273126 0)
(-0.0230538 -0.003477 0)
(-0.0241265 -0.00425045 0)
(-0.0252717 -0.00505006 0)
(-0.0265573 -0.00587675 0)
(-0.0280211 -0.00673235 0)
(-0.0296863 -0.00761875 0)
(-0.0315699 -0.00853737 0)
(-0.0336869 -0.00948874 0)
(-0.0360524 -0.0104722 0)
(-0.0386819 -0.0114853 0)
(-0.0415917 -0.0125237 0)
(-0.0447986 -0.0135802 0)
(-0.0483196 -0.0146445 0)
(-0.0521711 -0.0157019 0)
(-0.0563681 -0.0167328 0)
(-0.0609229 -0.0177117 0)
(-0.0658433 -0.0186059 0)
(-0.0711301 -0.0193749 0)
(-0.0767732 -0.0199697 0)
(-0.0827452 -0.0203323 0)
(-0.0889898 -0.0203974 0)
(-0.0953958 -0.0200943 0)
(-0.101744 -0.0193539 0)
(-0.10759 -0.0181184 0)
(-0.112039 -0.0163591 0)
(-0.113328 -0.0140996 0)
(-0.108164 -0.011442 0)
(-0.0908632 -0.00858316 0)
(-0.0525631 -0.00580388 0)
(0.0188231 -0.00341197 0)
(0.136978 -0.00164654 0)
(0.313227 -0.000591193 0)
(0.550893 -0.000145991 0)
(0.840505 -2.91895e-05 0)
(-0.00438046 -6.29534e-05 0)
(-0.0107123 -0.000365468 0)
(-0.0150491 -0.000940289 0)
(-0.0179061 -0.00166401 0)
(-0.0197889 -0.00247601 0)
(-0.0211202 -0.0033472 0)
(-0.0222072 -0.0042611 0)
(-0.023249 -0.00521048 0)
(-0.0243633 -0.00619414 0)
(-0.0256162 -0.00721391 0)
(-0.0270449 -0.00827281 0)
(-0.0286726 -0.00937406 0)
(-0.0305172 -0.0105205 0)
(-0.0325947 -0.0117139 0)
(-0.0349216 -0.012955 0)
(-0.0375155 -0.0142427 0)
(-0.0403952 -0.0155735 0)
(-0.0435808 -0.016941 0)
(-0.0470933 -0.018335 0)
(-0.0509542 -0.0197404 0)
(-0.0551845 -0.0211359 0)
(-0.0598041 -0.022493 0)
(-0.0648292 -0.023774 0)
(-0.0702705 -0.0249307 0)
(-0.0761282 -0.0259029 0)
(-0.0823854 -0.0266171 0)
(-0.0889943 -0.0269874 0)
(-0.0958481 -0.026917 0)
(-0.102722 -0.0263052 0)
(-0.109154 -0.0250594 0)
(-0.114204 -0.0231164 0)
(-0.116038 -0.0204734 0)
(-0.111265 -0.0172231 0)
(-0.0940972 -0.0135798 0)
(-0.0556021 -0.00987228 0)
(0.0162925 -0.00648118 0)
(0.135149 -0.00372693 0)
(0.312106 -0.00177 0)
(0.550319 -0.000606017 0)
(0.840287 -0.000109416 0)
(-0.00417072 -7.47007e-05 0)
(-0.0102055 -0.000432086 0)
(-0.0143427 -0.00110974 0)
(-0.017071 -0.00196202 0)
(-0.0188713 -0.00291789 0)
(-0.0201467 -0.00394372 0)
(-0.0211907 -0.00502076 0)
(-0.0221936 -0.00614119 0)
(-0.0232683 -0.00730427 0)
(-0.0244786 -0.00851289 0)
(-0.0258609 -0.00977144 0)
(-0.0274385 -0.0110846 0)
(-0.0292298 -0.012457 0)
(-0.031252 -0.013892 0)
(-0.0335231 -0.0153922 0)
(-0.0360628 -0.0169582 0)
(-0.0388925 -0.0185882 0)
(-0.042036 -0.0202774 0)
(-0.0455189 -0.0220167 0)
(-0.0493685 -0.0237918 0)
(-0.0536134 -0.0255812 0)
(-0.0582822 -0.0273548 0)
(-0.0634025 -0.0290715 0)
(-0.0689977 -0.0306766 0)
(-0.0750829 -0.0320997 0)
(-0.0816567 -0.0332519 0)
(-0.0886863 -0.034025 0)
(-0.0960756 -0.0342924 0)
(-0.103602 -0.0339149 0)
(-0.110784 -0.0327543 0)
(-0.116637 -0.0306995 0)
(-0.119241 -0.0277058 0)
(-0.115084 -0.0238441 0)
(-0.0982368 -0.0193415 0)
(-0.0596666 -0.0145824 0)
(0.012705 -0.0100398 0)
(0.132322 -0.00613971 0)
(0.310127 -0.00313952 0)
(0.549123 -0.00114666 0)
(0.839807 -0.000207645 0)
(-0.00392649 -8.60133e-05 0)
(-0.00961677 -0.000496085 0)
(-0.0135231 -0.00127235 0)
(-0.0161026 -0.00224782 0)
(-0.0178072 -0.00334157 0)
(-0.0190172 -0.00451573 0)
(-0.0200099 -0.00574952 0)
(-0.0209656 -0.00703467 0)
(-0.0219917 -0.00837105 0)
(-0.0231491 -0.00976273 0)
(-0.0244732 -0.0112156 0)
(-0.0259871 -0.0127362 0)
(-0.0277097 -0.0143308 0)
(-0.0296593 -0.0160052 0)
(-0.0318551 -0.017764 0)
(-0.034319 -0.0196102 0)
(-0.0370753 -0.0215447 0)
(-0.0401513 -0.023565 0)
(-0.0435775 -0.0256647 0)
(-0.0473878 -0.0278316 0)
(-0.0516191 -0.0300459 0)
(-0.0563108 -0.0322781 0)
(-0.0615036 -0.0344859 0)
(-0.0672377 -0.0366108 0)
(-0.0735476 -0.0385743 0)
(-0.0804542 -0.0402735 0)
(-0.0879478 -0.0415778 0)
(-0.0959532 -0.0423277 0)
(-0.104258 -0.0423382 0)
(-0.112373 -0.0414133 0)
(-0.119265 -0.0393749 0)
(-0.122917 -0.0361137 0)
(-0.119662 -0.0316563 0)
(-0.103389 -0.026228 0)
(-0.0649136 -0.0202713 0)
(0.00787976 -0.0143725 0)
(0.128316 -0.00909612 0)
(0.307135 -0.00482911 0)
(0.547186 -0.00182292 0)
(0.839005 -0.000334738 0)
(-0.00364926 -9.68019e-05 0)
(-0.0089498 -0.000556909 0)
(-0.0125956 -0.00142662 0)
(-0.0150071 -0.00251875 0)
(-0.0166034 -0.00374307 0)
(-0.0177387 -0.00505783 0)
(-0.018672 -0.00644046 0)
(-0.0195723 -0.00788239 0)
(-0.0205405 -0.00938425 0)
(-0.0216342 -0.0109514 0)
(-0.0228876 -0.0125914 0)
(-0.0243234 -0.0143127 0)
(-0.0259608 -0.0161237 0)
(-0.0278188 -0.0180328 0)
(-0.0299179 -0.0200472 0)
(-0.0322817 -0.0221731 0)
(-0.0349371 -0.0244145 0)
(-0.0379151 -0.0267729 0)
(-0.041251 -0.0292456 0)
(-0.0449855 -0.0318246 0)
(-0.0491644 -0.0344941 0)
(-0.0538389 -0.0372281 0)
(-0.0590654 -0.0399865 0)
(-0.0649037 -0.0427109 0)
(-0.0714133 -0.0453187 0)
(-0.0786451 -0.0476966 0)
(-0.0866232 -0.0496943 0)
(-0.0953065 -0.0511183 0)
(-0.10451 -0.0517327 0)
(-0.113747 -0.0512696 0)
(-0.121948 -0.0494613 0)
(-0.126986 -0.0461011 0)
(-0.12501 -0.0411337 0)
(-0.109664 -0.0347507 0)
(-0.0715409 -0.0274396 0)
(0.00156177 -0.0199181 0)
(0.122863 -0.0129308 0)
(0.302877 -0.00704692 0)
(0.54431 -0.00272569 0)
(0.837784 -0.00051009 0)
(-0.00334083 -0.000106987 0)
(-0.00820909 -0.00061398 0)
(-0.0115665 -0.00157096 0)
(-0.0137921 -0.00277186 0)
(-0.0152682 -0.00411793 0)
(-0.0163198 -0.00556392 0)
(-0.0171857 -0.00708574 0)
(-0.0180222 -0.00867472 0)
(-0.0189231 -0.0103323 0)
(-0.0199423 -0.0120652 0)
(-0.0211121 -0.0138828 0)
(-0.0224549 -0.0157955 0)
(-0.0239897 -0.0178144 0)
(-0.0257359 -0.0199503 0)
(-0.0277148 -0.0222139 0)
(-0.0299516 -0.0246148 0)
(-0.0324751 -0.0271616 0)
(-0.0353194 -0.0298603 0)
(-0.0385247 -0.0327141 0)
(-0.0421376 -0.0357209 0)
(-0.0462131 -0.0388719 0)
(-0.0508148 -0.042148 0)
(-0.056016 -0.0455161 0)
(-0.061899 -0.0489232 0)
(-0.0685534 -0.0522892 0)
(-0.0760681 -0.0554975 0)
(-0.0845137 -0.0583841 0)
(-0.0939012 -0.0607265 0)
(-0.104095 -0.062236 0)
(-0.114638 -0.0625624 0)
(-0.12444 -0.0613228 0)
(-0.131272 -0.0581705 0)
(-0.131063 -0.0529102 0)
(-0.117142 -0.0456384 0)
(-0.0797802 -0.036844 0)
(-0.00659745 -0.0273712 0)
(0.115553 -0.0181908 0)
(0.296952 -0.0101414 0)
(0.540166 -0.00400889 0)
(0.835977 -0.000766905 0)
(-0.00300327 -0.000116493 0)
(-0.0074 -0.00066662 0)
(-0.0104434 -0.00170337 0)
(-0.0124667 -0.00300347 0)
(-0.0138115 -0.00446055 0)
(-0.0147709 -0.00602639 0)
(-0.0155617 -0.00767567 0)
(-0.0163262 -0.0093997 0)
(-0.0171504 -0.0112008 0)
(-0.0180841 -0.0130871 0)
(-0.0191576 -0.0150698 0)
(-0.0203921 -0.0171615 0)
(-0.0218064 -0.0193758 0)
(-0.0234196 -0.0217266 0)
(-0.0252536 -0.0242281 0)
(-0.0273341 -0.0268942 0)
(-0.0296915 -0.0297384 0)
(-0.0323622 -0.0327729 0)
(-0.0353897 -0.0360078 0)
(-0.0388263 -0.0394496 0)
(-0.0427351 -0.0430993 0)
(-0.0471913 -0.046949 0)
(-0.0522853 -0.050978 0)
(-0.0581237 -0.055146 0)
(-0.0648294 -0.0593848 0)
(-0.0725373 -0.0635858 0)
(-0.0813777 -0.067584 0)
(-0.091435 -0.0711397 0)
(-0.102653 -0.07392 0)
(-0.114644 -0.0754899 0)
(-0.126338 -0.0753304 0)
(-0.135425 -0.0729059 0)
(-0.137603 -0.0677996 0)
(-0.125812 -0.0599069 0)
(-0.0898663 -0.0496142 0)
(-0.01706 -0.0378338 0)
(0.105776 -0.0257881 0)
(0.288712 -0.0147097 0)
(0.534207 -0.00593927 0)
(0.833309 -0.00116277 0)
(-0.00263903 -0.000125213 0)
(-0.00652908 -0.00071381 0)
(-0.00923587 -0.00182087 0)
(-0.0110422 -0.00320813 0)
(-0.0122455 -0.00476281 0)
(-0.0131048 -0.00643433 0)
(-0.013813 -0.00819638 0)
(-0.0144976 -0.0100404 0)
(-0.0152362 -0.0119695 0)
(-0.0160738 -0.0139933 0)
(-0.0170382 -0.0161246 0)
(-0.0181494 -0.0183784 0)
(-0.0194251 -0.0207706 0)
(-0.0208841 -0.0233184 0)
(-0.0225478 -0.0260397 0)
(-0.0244417 -0.0289532 0)
(-0.0265967 -0.0320778 0)
(-0.0290501 -0.0354329 0)
(-0.0318477 -0.0390368 0)
(-0.0350454 -0.0429067 0)
(-0.0387122 -0.0470561 0)
(-0.0429335 -0.051493 0)
(-0.0478147 -0.0562149 0)
(-0.0534855 -0.0612033 0)
(-0.0601037 -0.0664137 0)
(-0.0678545 -0.0717613 0)
(-0.0769396 -0.0771008 0)
(-0.0875389 -0.0821991 0)
(-0.0997134 -0.0867027 0)
(-0.113197 -0.0901087 0)
(-0.127008 -0.0917583 0)
(-0.138821 -0.0908841 0)
(-0.144129 -0.086749 0)
(-0.135437 -0.0788846 0)
(-0.101947 -0.0673726 0)
(-0.0303947 -0.0530159 0)
(0.0926292 -0.0372275 0)
(0.277113 -0.0217824 0)
(0.525507 -0.0089871 0)
(0.829303 -0.00179938 0)
(-0.00225115 -0.000132901 0)
(-0.00560474 -0.000753646 0)
(-0.00795592 -0.00191822 0)
(-0.00953264 -0.00337659 0)
(-0.0105856 -0.00501123 0)
(-0.0113375 -0.00676988 0)
(-0.0119562 -0.00862554 0)
(-0.0125537 -0.0105697 0)
(-0.0131981 -0.0126063 0)
(-0.0139297 -0.014746 0)
(-0.0147732 -0.0170034 0)
(-0.0157469 -0.0193952 0)
(-0.0168671 -0.0219402 0)
(-0.0181512 -0.0246584 0)
(-0.0196196 -0.0275715 0)
(-0.0212968 -0.030703 0)
(-0.0232126 -0.0340776 0)
(-0.0254039 -0.037722 0)
(-0.0279164 -0.0416641 0)
(-0.0308072 -0.0459329 0)
(-0.0341484 -0.0505571 0)
(-0.0380312 -0.0555638 0)
(-0.0425721 -0.0609752 0)
(-0.0479196 -0.0668034 0)
(-0.0542625 -0.0730411 0)
(-0.0618357 -0.0796476 0)
(-0.0709178 -0.0865254 0)
(-0.0818011 -0.0934857 0)
(-0.094701 -0.100201 0)
(-0.10954 -0.106149 0)
(-0.125522 -0.110566 0)
(-0.140429 -0.112443 0)
(-0.149663 -0.110632 0)
(-0.145321 -0.104087 0)
(-0.115872 -0.0922496 0)
(-0.0471741 -0.0754214 0)
(0.0748477 -0.0549202 0)
(0.260486 -0.0331297 0)
(0.512491 -0.0139948 0)
(0.823131 -0.00286127 0)
(-0.00184401 -0.000138925 0)
(-0.00463887 -0.000782279 0)
(-0.0066203 -0.00198569 0)
(-0.00795755 -0.00349232 0)
(-0.00885262 -0.00518223 0)
(-0.00949069 -0.00700224 0)
(-0.0100138 -0.00892483 0)
(-0.0105175 -0.0109415 0)
(-0.0110605 -0.0130565 0)
(-0.0116774 -0.0152814 0)
(-0.0123898 -0.0176322 0)
(-0.0132135 -0.0201273 0)
(-0.0141629 -0.0227876 0)
(-0.0152537 -0.0256358 0)
(-0.0165043 -0.0286972 0)
(-0.0179368 -0.0319995 0)
(-0.0195789 -0.0355731 0)
(-0.021465 -0.0394519 0)
(-0.0236382 -0.043673 0)
(-0.0261538 -0.0482779 0)
(-0.0290824 -0.0533114 0)
(-0.0325159 -0.0588223 0)
(-0.0365745 -0.0648614 0)
(-0.0414171 -0.0714786 0)
(-0.0472535 -0.0787168 0)
(-0.0543585 -0.0866002 0)
(-0.0630808 -0.0951123 0)
(-0.0738291 -0.104159 0)
(-0.0869982 -0.113512 0)
(-0.102763 -0.122719 0)
(-0.120639 -0.131012 0)
(-0.138704 -0.137211 0)
(-0.152509 -0.139729 0)
(-0.153947 -0.136735 0)
(-0.130777 -0.126565 0)
(-0.0676588 -0.108324 0)
(0.0508561 -0.0824908 0)
(0.236264 -0.0517368 0)
(0.49248 -0.0225075 0)
(0.813318 -0.00470163 0)
(-0.00142476 -0.000141809 0)
(-0.00364975 -0.000792224 0)
(-0.00525385 -0.00200574 0)
(-0.00634501 -0.00352658 0)
(-0.00707623 -0.00523546 0)
(-0.0075952 -0.00707904 0)
(-0.00801778 -0.00902929 0)
(-0.0084228 -0.0110773 0)
(-0.00885887 -0.0132274 0)
(-0.00935474 -0.0154917 0)
(-0.00992827 -0.0178868 0)
(-0.0105926 -0.0204323 0)
(-0.0113597 -0.0231507 0)
(-0.0122428 -0.0260669 0)
(-0.0132574 -0.0292087 0)
(-0.0144226 -0.0326072 0)
(-0.0157622 -0.0362976 0)
(-0.0173062 -0.0403197 0)
(-0.0190929 -0.044719 0)
(-0.0211716 -0.0495477 0)
(-0.023607 -0.054866 0)
(-0.0264845 -0.0607436 0)
(-0.0299189 -0.0672604 0)
(-0.0340663 -0.0745072 0)
(-0.0391408 -0.0825847 0)
(-0.0454358 -0.0915973 0)
(-0.0533458 -0.10164 0)
(-0.0633743 -0.112768 0)
(-0.0760906 -0.124938 0)
(-0.0919591 -0.137909 0)
(-0.110922 -0.151087 0)
(-0.131602 -0.163324 0)
(-0.150088 -0.172731 0)
(-0.158556 -0.17662 0)
(-0.144427 -0.171759 0)
(-0.0910803 -0.155068 0)
(0.0192028 -0.12475 0)
(0.200804 -0.0824238 0)
(0.460975 -0.0374485 0)
(0.79713 -0.00805472 0)
(-0.00100618 -0.000138595 0)
(-0.00266684 -0.000770395 0)
(-0.00389487 -0.00194972 0)
(-0.00473752 -0.00343351 0)
(-0.0053013 -0.00510708 0)
(-0.00569777 -0.00691742 0)
(-0.00601699 -0.00883583 0)
(-0.00632088 -0.0108526 0)
(-0.00664766 -0.0129716 0)
(-0.0070198 -0.0152047 0)
(-0.00745109 -0.0175685 0)
(-0.00795163 -0.0200832 0)
(-0.00853067 -0.0227718 0)
(-0.00919838 -0.0256601 0)
(-0.00996691 -0.0287773 0)
(-0.0108513 -0.0321565 0)
(-0.0118703 -0.0358353 0)
(-0.013048 -0.0398574 0)
(-0.0144154 -0.0442737 0)
(-0.0160128 -0.0491442 0)
(-0.0178936 -0.0545403 0)
(-0.0201299 -0.0605479 0)
(-0.0228206 -0.0672709 0)
(-0.0261037 -0.0748365 0)
(-0.0301751 -0.0833994 0)
(-0.0353143 -0.0931465 0)
(-0.0419176 -0.104297 0)
(-0.0505283 -0.117092 0)
(-0.0618333 -0.131755 0)
(-0.0765565 -0.148403 0)
(-0.0951218 -0.166869 0)
(-0.116923 -0.186394 0)
(-0.13909 -0.2052 0)
(-0.154893 -0.220038 0)
(-0.152378 -0.22598 0)
(-0.114265 -0.216817 0)
(-0.0200337 -0.186415 0)
(0.150057 -0.132207 0)
(0.410958 -0.0644973 0)
(0.769322 -0.0146001 0)
(-0.000610588 -0.000124268 0)
(-0.00173576 -0.000697195 0)
(-0.00259993 -0.00177727 0)
(-0.00319701 -0.00314945 0)
(-0.00359326 -0.00470796 0)
(-0.00386716 -0.0064005 0)
(-0.00408388 -0.00819753 0)
(-0.00428843 -0.0100883 0)
(-0.00450836 -0.0120756 0)
(-0.00475958 -0.0141704 0)
(-0.00505164 -0.0163887 0)
(-0.00539142 -0.0187497 0)
(-0.00578521 -0.0212758 0)
(-0.00624 -0.023992 0)
(-0.00676417 -0.0269269 0)
(-0.00736821 -0.0301129 0)
(-0.00806535 -0.0335877 0)
(-0.00887255 -0.0373949 0)
(-0.0098118 -0.0415864 0)
(-0.010912 -0.0462243 0)
(-0.0122119 -0.0513838 0)
(-0.0137644 -0.0571579 0)
(-0.0156432 -0.063663 0)
(-0.017954 -0.0710469 0)
(-0.0208506 -0.0795003 0)
(-0.0245616 -0.0892712 0)
(-0.0294267 -0.100683 0)
(-0.0359417 -0.114151 0)
(-0.0447935 -0.130186 0)
(-0.0568311 -0.149354 0)
(-0.0728668 -0.172139 0)
(-0.0931357 -0.198608 0)
(-0.116241 -0.2278 0)
(-0.137547 -0.256811 0)
(-0.147346 -0.279802 0)
(-0.129543 -0.287453 0)
(-0.0617948 -0.267484 0)
(0.0827098 -0.208495 0)
(0.333137 -0.114403 0)
(0.719613 -0.0285487 0)
(-0.000272596 -9.17118e-05 0)
(-0.000920212 -0.0005489 0)
(-0.00144559 -0.00144323 0)
(-0.00180752 -0.00260271 0)
(-0.0020423 -0.00393473 0)
(-0.00219954 -0.00538851 0)
(-0.00232072 -0.00693449 0)
(-0.00243411 -0.0085613 0)
(-0.00255655 -0.0102706 0)
(-0.00269738 -0.0120718 0)
(-0.00286201 -0.0139788 0)
(-0.00305419 -0.0160088 0)
(-0.0032774 -0.0181812 0)
(-0.00353554 -0.0205183 0)
(-0.00383337 -0.0230452 0)
(-0.00417687 -0.0257906 0)
(-0.00457365 -0.0287878 0)
(-0.00503347 -0.032076 0)
(-0.00556905 -0.0357018 0)
(-0.00619716 -0.0397213 0)
(-0.00694041 -0.0442037 0)
(-0.00782991 -0.0492354 0)
(-0.00890963 -0.0549266 0)
(-0.0102435 -0.0614211 0)
(-0.0119272 -0.0689104 0)
(-0.0141074 -0.0776553 0)
(-0.0170121 -0.088017 0)
(-0.0209939 -0.100501 0)
(-0.0265814 -0.115806 0)
(-0.0345136 -0.134865 0)
(-0.0456926 -0.158817 0)
(-0.0609323 -0.1888 0)
(-0.0803257 -0.225384 0)
(-0.10205 -0.267441 0)
(-0.120523 -0.31041 0)
(-0.124044 -0.344249 0)
(-0.092431 -0.351758 0)
(0.00512208 -0.309803 0)
(0.215661 -0.202531 0)
(0.621498 -0.0600305 0)
(-3.86701e-05 -3.55369e-05 0)
(-0.000309296 -0.00031137 0)
(-0.000546442 -0.000921132 0)
(-0.00070359 -0.00174278 0)
(-0.000799265 -0.00270211 0)
(-0.000859147 -0.00375378 0)
(-0.000903264 -0.00487173 0)
(-0.000944446 -0.00604616 0)
(-0.000989804 -0.00727811 0)
(-0.00104295 -0.00857475 0)
(-0.0011058 -0.00994664 0)
(-0.00117962 -0.0114065 0)
(-0.00126564 -0.0129687 0)
(-0.00136528 -0.0146494 0)
(-0.00148032 -0.0164671 0)
(-0.00161303 -0.0184426 0)
(-0.00176632 -0.0206003 0)
(-0.00194391 -0.0229686 0)
(-0.00215064 -0.0255815 0)
(-0.00239289 -0.0284803 0)
(-0.00267925 -0.0317156 0)
(-0.00302152 -0.0353511 0)
(-0.00343644 -0.0394689 0)
(-0.00394862 -0.0441767 0)
(-0.00459555 -0.049621 0)
(-0.00543651 -0.0560062 0)
(-0.00656789 -0.0636266 0)
(-0.00814822 -0.0729163 0)
(-0.0104355 -0.0845228 0)
(-0.0138347 -0.0994044 0)
(-0.018941 -0.118928 0)
(-0.0265413 -0.144898 0)
(-0.0374941 -0.179364 0)
(-0.0523343 -0.223925 0)
(-0.0702526 -0.278146 0)
(-0.0868709 -0.336796 0)
(-0.0906612 -0.385893 0)
(-0.0581662 -0.397465 0)
(0.0637873 -0.325187 0)
(0.435583 -0.123106 0)
(2.2897e-05 2.25598e-05 0)
(-3.40879e-05 -3.80394e-05 0)
(-8.92476e-05 -0.00026868 0)
(-0.000122348 -0.000604511 0)
(-0.000139752 -0.00100524 0)
(-0.000148964 -0.00144426 0)
(-0.000155029 -0.00190782 0)
(-0.000160802 -0.00239161 0)
(-0.000167639 -0.00289671 0)
(-0.000176095 -0.00342678 0)
(-0.000186393 -0.00398669 0)
(-0.000198662 -0.00458196 0)
(-0.000213048 -0.00521871 0)
(-0.000229757 -0.00590365 0)
(-0.000249062 -0.00664429 0)
(-0.00027132 -0.00744919 0)
(-0.000296995 -0.0083282 0)
(-0.000326681 -0.00929286 0)
(-0.000361134 -0.0103568 0)
(-0.000401339 -0.0115366 0)
(-0.000448601 -0.0128524 0)
(-0.000504692 -0.0143295 0)
(-0.000572092 -0.0159999 0)
(-0.000654442 -0.0179059 0)
(-0.000757402 -0.0201044 0)
(-0.000890333 -0.0226757 0)
(-0.00106959 -0.0257377 0)
(-0.0013247 -0.0294713 0)
(-0.00170956 -0.0341635 0)
(-0.00232102 -0.0402785 0)
(-0.00332792 -0.0485629 0)
(-0.0050122 -0.060191 0)
(-0.00781912 -0.0769313 0)
(-0.0123828 -0.101252 0)
(-0.0193636 -0.136133 0)
(-0.0286251 -0.18455 0)
(-0.0370287 -0.248938 0)
(-0.0330926 -0.322582 0)
(0.0258628 -0.345362 0)
(0.311508 -0.162348 0)
)
;

boundaryField
{
    frontAndBack
    {
        type            empty;
    }
    fixedWalls
    {
        type            noSlip;
    }
    movingWall
    {
        type            fixedValue;
        value           uniform (1 0 0);
    }
}


// ************************************************************************* //
