/*--------------------------------*- C++ -*----------------------------------*\
  =========                 |
  \\      /  F ield         | OpenFOAM: The Open Source CFD Toolbox
   \\    /   O peration     | Website:  https://openfoam.org
    \\  /    A nd           | Version:  10
     \\/     M anipulation  |
\*---------------------------------------------------------------------------*/
FoamFile
{
    format      ascii;
    class       volScalarField;
    location    "0.5";
    object      p;
}
// * * * * * * * * * * * * * * * * * * * * * * * * * * * * * * * * * * * * * //

dimensions      [0 2 -2 0 0 0 0];

internalField   nonuniform List<scalar> 
1600
(
-4.69726e-08
0.000141929
0.000309619
0.000447476
0.000520258
0.00050808
0.000402045
0.000198579
-0.000104099
-0.000507779
-0.00101513
-0.00163008
-0.00235793
-0.00320542
-0.00418072
-0.00529345
-0.00655483
-0.00797781
-0.00957728
-0.0113704
-0.0133771
-0.0156206
-0.0181284
-0.0209333
-0.0240757
-0.0276058
-0.0315885
-0.0361102
-0.0412908
-0.0473033
-0.0544084
-0.0630149
-0.0737952
-0.0879165
-0.107542
-0.1369
-0.184421
-0.269252
-0.449369
-0.821843
-0.000145056
-3.70144e-06
0.00011727
0.000199457
0.000223507
0.000172099
3.46779e-05
-0.000195124
-0.000521887
-0.000949688
-0.00148288
-0.0021266
-0.00288703
-0.00377164
-0.00478925
-0.00595025
-0.00726669
-0.00875256
-0.0104241
-0.0123002
-0.014403
-0.0167587
-0.0193987
-0.0223613
-0.0256938
-0.0294563
-0.0337262
-0.0386071
-0.0442401
-0.0508237
-0.0586439
-0.068123
-0.0798973
-0.0949396
-0.114742
-0.141574
-0.178653
-0.228644
-0.287043
-0.34371
-0.000314253
-0.000128675
-9.2522e-06
5.33767e-05
5.54771e-05
-1.65872e-05
-0.000172538
-0.000418981
-0.000761309
-0.00120452
-0.0017538
-0.00241492
-0.00319462
-0.00410079
-0.0051427
-0.00633113
-0.00767861
-0.00919966
-0.0109112
-0.0128328
-0.0149878
-0.0174034
-0.0201127
-0.0231555
-0.0265813
-0.0304519
-0.0348466
-0.0398685
-0.0456543
-0.0523882
-0.0603212
-0.0697963
-0.0812779
-0.0953706
-0.112772
-0.134065
-0.159378
-0.186881
-0.202578
-0.172952
-0.000449411
-0.00021408
-7.99007e-05
-1.97506e-05
-2.57429e-05
-0.000108062
-0.000274738
-0.00053154
-0.000883716
-0.00133647
-0.00189527
-0.00256625
-0.0033564
-0.0042739
-0.00532823
-0.00653037
-0.00789306
-0.00943103
-0.0111613
-0.0131038
-0.0152818
-0.0177227
-0.0204593
-0.023531
-0.0269857
-0.0308829
-0.0352965
-0.0403203
-0.0460736
-0.0527093
-0.0604213
-0.0694498
-0.0800735
-0.0925671
-0.10706
-0.123213
-0.139879
-0.154234
-0.154443
-0.116547
-0.000515006
-0.000241391
-9.25104e-05
-3.02266e-05
-3.91254e-05
-0.000126848
-0.000299855
-0.000562931
-0.000920901
-0.00137887
-0.00194239
-0.00261769
-0.00341194
-0.0043334
-0.00539167
-0.00659781
-0.00796456
-0.00950662
-0.011241
-0.0131872
-0.0153683
-0.017811
-0.0205468
-0.0236134
-0.027056
-0.0309289
-0.0352986
-0.0402464
-0.0458719
-0.0522952
-0.0596573
-0.0681108
-0.0777915
-0.0887452
-0.100758
-0.113036
-0.123905
-0.13038
-0.123783
-0.0894791
-0.000493021
-0.000195605
-3.60953e-05
2.92289e-05
1.98804e-05
-7.014e-05
-0.000246073
-0.000511826
-0.000871729
-0.00133066
-0.00189407
-0.00256821
-0.00336024
-0.00427847
-0.00533248
-0.00653326
-0.00789347
-0.00942761
-0.0111523
-0.0130868
-0.015253
-0.0176768
-0.0203881
-0.0234218
-0.0268194
-0.0306297
-0.034911
-0.039732
-0.0451736
-0.0513276
-0.0582919
-0.0661528
-0.0749451
-0.0845664
-0.0946056
-0.10406
-0.111131
-0.113157
-0.104158
-0.0751999
-0.000377749
-6.96387e-05
9.53736e-05
0.000162795
0.000153788
6.33143e-05
-0.000113003
-0.000378384
-0.000736698
-0.00119254
-0.00175123
-0.0024189
-0.00320268
-0.00411082
-0.0051528
-0.0063395
-0.00768336
-0.00919858
-0.0109014
-0.0128102
-0.0149463
-0.0173339
-0.020001
-0.0229799
-0.0263081
-0.0300287
-0.034192
-0.0388556
-0.044084
-0.0499461
-0.0565058
-0.0638005
-0.0717951
-0.0802931
-0.088778
-0.0961869
-0.100821
-0.100537
-0.0914632
-0.0681398
-0.000169964
0.000138375
0.000303878
0.000371533
0.000362626
0.000272639
9.77661e-05
-0.000164721
-0.000518323
-0.000967375
-0.00151701
-0.00217325
-0.00294312
-0.00383477
-0.00485755
-0.00602217
-0.00734082
-0.00882734
-0.0104974
-0.0123688
-0.0144617
-0.016799
-0.0194066
-0.0223142
-0.0255553
-0.0291679
-0.0331951
-0.0376846
-0.0426874
-0.0482533
-0.05442
-0.0611884
-0.0684747
-0.0760244
-0.0832755
-0.0891912
-0.0922691
-0.0909033
-0.0826959
-0.0643597
0.000126671
0.000427475
0.000589221
0.000655092
0.000645633
0.00055661
0.000384585
0.000127152
-0.00021891
-0.000657714
-0.00119422
-0.00183433
-0.00258494
-0.00345408
-0.00445097
-0.0055861
-0.0068714
-0.00832032
-0.00994805
-0.0117716
-0.0138102
-0.0160854
-0.0186212
-0.0214445
-0.0245856
-0.0280776
-0.0319573
-0.0362638
-0.0410366
-0.0463098
-0.0521
-0.0583803
-0.0650331
-0.0717711
-0.0780252
-0.082834
-0.0849243
-0.0831376
-0.0760533
-0.0617233
0.000507385
0.000795075
0.000949721
0.00101202
0.00100132
0.000913568
0.000745578
0.000495144
0.000159251
-0.000266037
-0.000785534
-0.00140501
-0.00213124
-0.00297214
-0.00393676
-0.00503541
-0.00627974
-0.00768286
-0.00925944
-0.0110259
-0.0130004
-0.0152032
-0.0176567
-0.0203856
-0.0234166
-0.0267789
-0.0305035
-0.0346221
-0.0391641
-0.0441507
-0.0495809
-0.0554066
-0.0614868
-0.0675196
-0.0729538
-0.0769265
-0.0783896
-0.0765325
-0.0705576
-0.0593295
0.000967078
0.00123763
0.00138262
0.0014399
0.0014274
0.00134123
0.00117837
0.000936773
0.00061355
0.000204913
-0.000293826
-0.000888317
-0.00158524
-0.00239237
-0.00331861
-0.0043741
-0.00557023
-0.00691979
-0.00843701
-0.0101377
-0.0120392
-0.0141607
-0.0165229
-0.0191484
-0.0220613
-0.0252869
-0.0288512
-0.0327793
-0.0370921
-0.0417992
-0.0468855
-0.0522864
-0.0578464
-0.063261
-0.0680124
-0.0713439
-0.072408
-0.0706565
-0.065679
-0.0568271
0.00150058
0.00175097
0.00188438
0.00193555
0.00192088
0.00183666
0.00168005
0.00144906
0.00114094
0.000751993
0.000277653
-0.000287632
-0.00095044
-0.00171843
-0.00260037
-0.00360623
-0.00474721
-0.00603579
-0.00748584
-0.00911262
-0.0109328
-0.0129646
-0.0152275
-0.0177421
-0.02053
-0.0236134
-0.0270139
-0.0307507
-0.0348371
-0.039273
-0.0440319
-0.0490367
-0.0541238
-0.0589952
-0.0631742
-0.0660072
-0.0668188
-0.065251
-0.0611296
-0.054094
0.00210262
0.0023305
0.00245085
0.00249512
0.00247811
0.00239633
0.0022471
0.0020285
0.00173785
0.00137158
0.000925201
0.000393251
-0.00023075
-0.000954351
-0.00178622
-0.00273616
-0.0038152
-0.0050356
-0.00641094
-0.00795607
-0.00968713
-0.0116215
-0.0137775
-0.0161743
-0.0188315
-0.0217684
-0.0250027
-0.0285487
-0.0324132
-0.036588
-0.0410369
-0.0456744
-0.0503336
-0.0547285
-0.0584269
-0.0608697
-0.0615227
-0.0601639
-0.0567583
-0.0511141
0.00276777
0.00297119
0.00307732
0.00311415
0.00309482
0.00301608
0.00287543
0.00267099
0.00240019
0.00205952
0.00164458
0.00115001
0.000569411
-0.000104664
-0.000880776
-0.00176862
-0.00277908
-0.00392426
-0.00521751
-0.00667341
-0.00830769
-0.0101371
-0.0121792
-0.014452
-0.0169734
-0.0197602
-0.0228273
-0.0261845
-0.0298331
-0.0337583
-0.0379165
-0.0422162
-0.0464909
-0.0504703
-0.0537656
-0.0559013
-0.0564571
-0.0553053
-0.0524907
-0.0479189
0.0034903
0.00366759
0.00375858
0.00378765
0.00376616
0.00369117
0.00356033
0.00337186
0.00312323
0.00281103
0.00243095
0.00197772
0.00144504
0.000825544
0.000110769
-0.000708884
-0.0016442
-0.00270718
-0.00391105
-0.00527023
-0.00680022
-0.00851743
-0.0104389
-0.0125817
-0.0149626
-0.0175967
-0.0204962
-0.0236677
-0.027108
-0.0307967
-0.0346848
-0.038677
-0.0426096
-0.0462291
-0.0491878
-0.0510819
-0.0515806
-0.0506214
-0.0482922
-0.0445547
0.0042641
0.00441379
0.00448893
0.00451007
0.00448672
0.00441625
0.00429652
0.00412581
0.00390165
0.00362074
0.00327886
0.00287085
0.0023905
0.00183055
0.00118262
0.000437188
-0.000416457
-0.00139027
-0.00249746
-0.0037524
-0.00517057
-0.00676825
-0.00856224
-0.0105693
-0.0128053
-0.0152843
-0.0180167
-0.0210066
-0.0242473
-0.0277141
-0.0313539
-0.0350694
-0.0387009
-0.0420118
-0.0446911
-0.0463954
-0.046864
-0.0460781
-0.0441477
-0.0410671
0.00508262
0.00520343
0.00526216
0.00527533
0.00525052
0.00518543
0.00507812
0.00492694
0.00472951
0.00448262
0.0041822
0.00382318
0.00339947
0.00290393
0.00232827
0.00166306
0.00089761
1.99567e-05
-0.00098315
-0.00212621
-0.00342483
-0.00489547
-0.00655503
-0.00842028
-0.010507
-0.0128287
-0.0153948
-0.0182077
-0.0212582
-0.0245186
-0.0279329
-0.0314025
-0.0347724
-0.0378217
-0.0402714
-0.0418278
-0.0422845
-0.041652
-0.0400505
-0.0374944
0.00593886
0.0060297
0.00607158
0.00607685
0.00605106
0.00599224
0.00589867
0.00576875
0.00560023
0.00539002
0.00513417
0.00482778
0.00446491
0.00403854
0.00354051
0.00296146
0.00229073
0.00151633
0.000624856
-0.000398422
-0.00156945
-0.00290511
-0.0044228
-0.0061398
-0.00807231
-0.0102341
-0.0126345
-0.0152751
-0.0181453
-0.0212154
-0.0244271
-0.0276816
-0.030828
-0.033659
-0.0359226
-0.0373655
-0.037823
-0.0373251
-0.0359966
-0.033866
0.00682534
0.00688529
0.00691003
0.00690757
0.00688133
0.00682968
0.00675113
0.00664416
0.00650662
0.00633559
0.00612729
0.00587702
0.00557901
0.00522643
0.00481127
0.00432427
0.00375483
0.00309087
0.00231881
0.00142357
0.000388682
-0.000803433
-0.00217105
-0.00373249
-0.00550504
-0.00750356
-0.0097381
-0.0122107
-0.0149102
-0.0178061
-0.0208384
-0.0239079
-0.0268674
-0.0295202
-0.0316362
-0.0329943
-0.0334617
-0.0330817
-0.0319816
-0.0302017
0.00773415
0.00776247
0.00776989
0.00775993
0.00773381
0.00769023
0.00762793
0.00754547
0.00744085
0.00731133
0.00715337
0.00696247
0.00673315
0.00645881
0.0061316
0.00574247
0.00528086
0.00473466
0.00409007
0.00333156
0.00244201
0.00140287
0.000194595
-0.00120268
-0.00280811
-0.00463848
-0.00670571
-0.0090133
-0.0115511
-0.0142881
-0.0171637
-0.0200782
-0.0228859
-0.0253983
-0.0274016
-0.0286992
-0.0291831
-0.0289058
-0.0279981
-0.0265126
0.00865693
0.00865307
0.00864314
0.00862597
0.00860055
0.0085659
0.00852098
0.00846447
0.00839451
0.00830861
0.00820349
0.00807496
0.00791782
0.00772598
0.00749158
0.00720595
0.0068587
0.00643767
0.00592887
0.00531632
0.00458208
0.00370643
0.00266819
0.00144537
1.62277e-05
-0.00163898
-0.00353528
-0.00567898
-0.00806209
-0.0106547
-0.0133957
-0.0161842
-0.0188747
-0.0212826
-0.0232051
-0.0244636
-0.0249684
-0.02478
-0.024035
-0.022801
0.00958494
0.00954859
0.00952133
0.00949731
0.00947317
0.00944824
0.00942172
0.00939239
0.00935861
0.00931815
0.00926807
0.00920456
0.00912286
0.00901711
0.00888013
0.00870345
0.00847692
0.0081885
0.00782407
0.0073672
0.00679913
0.00609877
0.00524298
0.00420712
0.00296606
0.001496
-0.000222592
-0.00220046
-0.00443339
-0.0068939
-0.00952114
-0.0122124
-0.0148198
-0.0171581
-0.0190299
-0.020268
-0.0207963
-0.0206827
-0.0200749
-0.01906
0.0105091
0.0104402
0.0103958
0.0103653
0.0103429
0.0103284
0.0103212
0.01032
0.0103236
0.0103301
0.0103368
0.0103405
0.0103369
0.0103206
0.0102851
0.0102224
0.0101227
0.00997419
0.00976282
0.00947184
0.00908167
0.0085698
0.00791089
0.00707717
0.00603928
0.00476822
0.0032384
0.00143268
-0.00065056
-0.00298847
-0.00552084
-0.00814287
-0.0107013
-0.013005
-0.0148547
-0.0160887
-0.0166402
-0.0165858
-0.0160916
-0.0152716
0.01142
0.0113187
0.0112574
0.0112209
0.0112009
0.0111973
0.0112099
0.0112377
0.0112795
0.0113339
0.0113987
0.0114712
0.0115478
0.0116237
0.0116932
0.0117488
0.0117815
0.0117799
0.0117302
0.0116156
0.0114158
0.0111071
0.0106616
0.0100483
0.00923269
0.00817944
0.00685509
0.00523372
0.00330507
0.00108569
-0.00136745
-0.00394695
-0.0064913
-0.00879548
-0.0106515
-0.0118948
-0.0124652
-0.01245
-0.0120446
-0.0114028
0.0123082
0.0121748
0.0120971
0.012055
0.0120377
0.0120456
0.0120784
0.0121355
0.012216
0.0123187
0.0124423
0.0125845
0.0127426
0.0129126
0.0130896
0.0132671
0.013437
0.0135886
0.0137089
0.0137811
0.0137847
0.0136949
0.0134817
0.0131102
0.0125407
0.0117301
0.0106351
0.00921832
0.00745755
0.00535914
0.00297436
0.000413532
-0.00214892
-0.00448991
-0.00638202
-0.00764493
-0.00822376
-0.00821947
-0.00787093
-0.00740023
0.013164
0.0129992
0.0129057
0.0128583
0.0128442
0.0128637
0.0129169
0.0130032
0.0131222
0.0132732
0.0134554
0.0136675
0.0139074
0.0141723
0.0144583
0.0147602
0.0150709
0.0153811
0.0156785
0.0159474
0.0161675
0.0163132
0.0163529
0.0162482
0.0159535
0.0154172
0.0145845
0.0134032
0.0118348
0.00987075
0.00755268
0.00499215
0.00237886
-3.57068e-05
-0.00198822
-0.00327834
-0.00384903
-0.00381362
-0.00347129
-0.00317959
0.0139776
0.0137825
0.0136738
0.0136218
0.013611
0.0136421
0.0137154
0.0138305
0.0139873
0.0141858
0.0144258
0.0147067
0.0150276
0.015387
0.0157821
0.0162092
0.0166628
0.0171352
0.0176157
0.0180899
0.0185386
0.0189364
0.0192509
0.0194405
0.0194545
0.0192321
0.0187051
0.0178036
0.0164678
0.0146675
0.0124286
0.00986029
0.00717025
0.00464911
0.00261263
0.00130269
0.000793485
0.000916969
0.00126124
0.00139143
0.0147394
0.0145154
0.0143924
0.0143362
0.0143289
0.0143714
0.0144642
0.0146071
0.0148004
0.0150447
0.0153406
0.0156884
0.0160883
0.0165401
0.0170427
0.017594
0.0181904
0.0188263
0.0194933
0.0201792
0.0208667
0.0215321
0.0221429
0.0226564
0.0230171
0.0231558
0.0229901
0.0224294
0.0213871
0.0198035
0.0176793
0.0151147
0.0123357
0.00968409
0.00754779
0.00624039
0.00585417
0.00616207
0.00658885
0.00653901
0.01544
0.0151889
0.0150528
0.0149929
0.0149892
0.0150426
0.0151539
0.0153231
0.0155509
0.0158385
0.0161873
0.0165987
0.0170741
0.0176146
0.0182209
0.0188929
0.0196294
0.0204272
0.0212809
0.0221814
0.0231146
0.0240597
0.0249865
0.0258527
0.0266008
0.0271545
0.0274179
0.0272783
0.0266172
0.0253363
0.0233989
0.0208845
0.0180339
0.0152511
0.0130248
0.0117663
0.011608
0.0122424
0.0128522
0.0125824
0.01607
0.0157943
0.0156465
0.0155836
0.0155835
0.0156471
0.0157754
0.0159688
0.0162283
0.0165558
0.0169535
0.0174239
0.0179695
0.0185932
0.0192973
0.0200839
0.0209543
0.0219086
0.0229449
0.024058
0.0252385
0.0264702
0.0277275
0.0289718
0.0301466
0.0311726
0.0319435
0.0323253
0.0321652
0.0313174
0.0296934
0.0273346
0.0244856
0.021619
0.0193531
0.0182405
0.0184792
0.0196517
0.0205809
0.0200207
0.0166204
0.0163234
0.0161658
0.0161008
0.0161042
0.016177
0.0163206
0.0165354
0.0168232
0.0171862
0.0176277
0.018151
0.0187601
0.0194591
0.0202524
0.0211444
0.0221392
0.0232401
0.0244495
0.025767
0.0271891
0.0287062
0.0303001
0.0319393
0.0335736
0.0351267
0.0364883
0.037509
0.0380036
0.0377743
0.0366664
0.034661
0.0319849
0.0291746
0.0270036
0.0262173
0.0271185
0.0291458
0.0305901
0.0296167
0.0170826
0.016769
0.0166041
0.016538
0.0165447
0.0166255
0.016782
0.017015
0.0173267
0.0177201
0.0181991
0.018768
0.019432
0.0201967
0.0210682
0.0220533
0.0231587
0.0243916
0.0257584
0.0272647
0.0289136
0.0307039
0.0326275
0.0346644
0.0367767
0.0388995
0.0409293
0.0427134
0.044045
0.0446788
0.0443859
0.0430642
0.0408901
0.0384401
0.0366534
0.0365195
0.0385028
0.0418641
0.0441145
0.0425231
0.0174485
0.0171247
0.0169559
0.0168899
0.0168997
0.016987
0.0171536
0.017401
0.0177317
0.0181494
0.0186586
0.0192645
0.0199734
0.0207921
0.0217285
0.0227912
0.0239898
0.0253348
0.0268373
0.0285084
0.0303587
0.0323967
0.0346265
0.0370437
0.0396292
0.0423394
0.0450925
0.0477518
0.0501117
0.0518999
0.0528232
0.0526832
0.051568
0.0500471
0.0492014
0.0502988
0.0540378
0.0594823
0.0630065
0.0604793
0.0177114
0.0173862
0.0172177
0.0171531
0.0171655
0.0172573
0.0174308
0.0176881
0.0180323
0.0184675
0.0189989
0.0196323
0.0203749
0.0212344
0.0222201
0.0233425
0.0246135
0.0260465
0.0276566
0.0294605
0.0314759
0.0337215
0.0362146
0.0389694
0.0419908
0.0452667
0.0487534
0.052356
0.0559053
0.0591453
0.0617572
0.063465
0.0642467
0.064601
0.0656792
0.0690112
0.0756153
0.0843727
0.0900247
0.0861405
0.0178665
0.0175515
0.0173883
0.0173262
0.0173403
0.017434
0.0176107
0.0178729
0.0182245
0.01867
0.0192149
0.0198656
0.0206297
0.0215159
0.0225342
0.0236964
0.0250163
0.0265095
0.0281944
0.0300921
0.0322267
0.0346257
0.0373196
0.0403412
0.0437226
0.0474899
0.051652
0.0561821
0.0609915
0.0659037
0.0706535
0.0749605
0.0787269
0.0823443
0.0869327
0.0941927
0.105521
0.119717
0.12926
0.123721
0.0179133
0.0176229
0.0174702
0.0174108
0.0174245
0.0175167
0.0176919
0.0179536
0.0183061
0.0187544
0.019304
0.0199616
0.0207349
0.0216329
0.0226664
0.0238478
0.0251918
0.0267156
0.0284394
0.0303874
0.032588
0.0350756
0.0378911
0.0410832
0.0447096
0.0488352
0.0535283
0.0588488
0.0648279
0.0714397
0.0785829
0.0861144
0.0940003
0.102603
0.112976
0.126883
0.146082
0.169536
0.186821
0.180516
0.0178594
0.0176091
0.0174708
0.0174125
0.0174224
0.0175085
0.017677
0.0179326
0.0182797
0.0187233
0.0192691
0.0199234
0.020694
0.0215899
0.0226218
0.0238022
0.0251462
0.0266711
0.0283981
0.0303522
0.032564
0.035071
0.0379202
0.0411709
0.0448988
0.0492006
0.054198
0.0600393
0.0668934
0.0749374
0.084342
0.095285
0.10805
0.123248
0.142086
0.166495
0.198665
0.238053
0.271382
0.270662
0.0177258
0.0175279
0.017404
0.0173416
0.0173416
0.0174158
0.0175721
0.0178158
0.0181515
0.018584
0.0191182
0.0197604
0.0205177
0.0213987
0.0224138
0.0235752
0.0248973
0.026397
0.0280945
0.0300143
0.0321861
0.0346471
0.0374443
0.0406397
0.0443159
0.0485859
0.0536056
0.0595888
0.0668247
0.0756946
0.0866914
0.100456
0.117866
0.140214
0.16946
0.208418
0.260359
0.325598
0.392067
0.422603
0.0175521
0.0174006
0.0172743
0.0171904
0.0171665
0.017218
0.0173538
0.0175787
0.0178962
0.0183101
0.0188243
0.0194441
0.020176
0.0210279
0.0220093
0.0231315
0.0244077
0.0258532
0.0274864
0.0293287
0.0314063
0.0337513
0.0364043
0.0394189
0.0428687
0.0468586
0.0515419
0.0571469
0.0640139
0.0726471
0.0837877
0.09852
0.118438
0.145924
0.184577
0.239605
0.317663
0.425104
0.564074
0.712691
0.0173998
0.0172481
0.0170732
0.0169315
0.0168572
0.0168682
0.016971
0.0171673
0.0174576
0.017843
0.0183257
0.0189096
0.0195999
0.0204035
0.0213287
0.0223852
0.0235842
0.0249386
0.026463
0.0281743
0.0300914
0.0322362
0.0346344
0.0373184
0.0403314
0.0437372
0.0476364
0.0521953
0.057693
0.0645979
0.0736902
0.0862648
0.104485
0.132021
0.175059
0.243225
0.35068
0.527322
0.842552
1.31399
)
;

boundaryField
{
    frontAndBack
    {
        type            empty;
    }
    fixedWalls
    {
        type            zeroGradient;
    }
    movingWall
    {
        type            zeroGradient;
    }
}


// ************************************************************************* //
