/*--------------------------------*- C++ -*----------------------------------*\
  =========                 |
  \\      /  F ield         | OpenFOAM: The Open Source CFD Toolbox
   \\    /   O peration     | Website:  https://openfoam.org
    \\  /    A nd           | Version:  10
     \\/     M anipulation  |
\*---------------------------------------------------------------------------*/
FoamFile
{
    format      ascii;
    class       surfaceScalarField;
    location    "0.5";
    object      phi;
}
// * * * * * * * * * * * * * * * * * * * * * * * * * * * * * * * * * * * * * //

dimensions      [0 3 -1 0 0 0 0];

internalField   nonuniform List<scalar> 
3120
(
-7.20939e-08
7.21263e-08
1.55236e-07
-2.27331e-07
7.02872e-07
-5.47636e-07
1.50083e-06
-7.97964e-07
2.47645e-06
-9.7562e-07
3.57476e-06
-1.09832e-06
4.76081e-06
-1.18604e-06
6.01659e-06
-1.25578e-06
7.33651e-06
-1.31993e-06
8.72327e-06
-1.38676e-06
1.01848e-05
-1.46151e-06
1.17323e-05
-1.54749e-06
1.33792e-05
-1.64691e-06
1.51407e-05
-1.76156e-06
1.7034e-05
-1.89323e-06
1.90779e-05
-2.04393e-06
2.12941e-05
-2.21619e-06
2.37073e-05
-2.41322e-06
2.63465e-05
-2.63919e-06
2.9246e-05
-2.89953e-06
3.24475e-05
-3.20142e-06
3.6002e-05
-3.55448e-06
3.99737e-05
-3.9718e-06
4.44452e-05
-4.47141e-06
4.95238e-05
-5.07865e-06
5.53533e-05
-5.82946e-06
6.21288e-05
-6.77555e-06
7.01208e-05
-7.992e-06
7.97097e-05
-9.58889e-06
9.14397e-05
-1.173e-05
0.000106105
-1.46649e-05
0.000124893
-1.87889e-05
0.000149654
-2.47604e-05
0.000183383
-3.37288e-05
0.000231102
-4.77196e-05
0.000301013
-6.99109e-05
0.000404359
-0.000103346
0.00054627
-0.000141912
0.000627497
-8.12262e-05
0.000627497
2.28718e-07
-1.56593e-07
1.10733e-06
-1.10594e-06
2.62221e-06
-2.06251e-06
4.66141e-06
-2.83716e-06
7.10332e-06
-3.41753e-06
9.84664e-06
-3.84164e-06
1.28212e-05
-4.1606e-06
1.59875e-05
-4.42207e-06
1.93311e-05
-4.66355e-06
2.28561e-05
-4.91177e-06
2.65793e-05
-5.18474e-06
3.05263e-05
-5.49448e-06
3.47288e-05
-5.84945e-06
3.92238e-05
-6.25651e-06
4.40529e-05
-6.72229e-06
4.92631e-05
-7.25416e-06
5.49079e-05
-7.86102e-06
6.10488e-05
-8.55406e-06
6.77571e-05
-9.34756e-06
7.51176e-05
-1.026e-05
8.3232e-05
-1.13158e-05
9.22244e-05
-1.25469e-05
0.000102249
-1.39966e-05
0.000113501
-1.57233e-05
0.00012623
-1.78073e-05
0.000140759
-2.03592e-05
0.000157516
-2.3532e-05
0.000177061
-2.75374e-05
0.000200139
-3.26661e-05
0.000227723
-3.93148e-05
0.000261078
-4.80193e-05
0.000301789
-5.94997e-05
0.000351741
-7.47131e-05
0.000412887
-9.48749e-05
0.000486375
-0.000121208
0.000569758
-0.000153293
0.000647954
-0.000181542
0.000665098
-0.000159056
0.000494454
8.94174e-05
0.00112195
5.46037e-07
-7.0263e-07
2.04691e-06
-2.60682e-06
4.37299e-06
-4.38859e-06
7.37567e-06
-5.83984e-06
1.0909e-05
-6.95088e-06
1.48532e-05
-7.78579e-06
1.91241e-05
-8.43159e-06
2.36739e-05
-8.97182e-06
2.84848e-05
-9.47446e-06
3.35627e-05
-9.98962e-06
3.89301e-05
-1.05522e-05
4.46219e-05
-1.11863e-05
5.06815e-05
-1.19091e-05
5.71598e-05
-1.27348e-05
6.41143e-05
-1.36768e-05
7.16103e-05
-1.47501e-05
7.97212e-05
-1.5972e-05
8.85315e-05
-1.73643e-05
9.81385e-05
-1.89546e-05
0.000108656
-2.0778e-05
0.000120221
-2.28804e-05
0.000132996
-2.53217e-05
0.00014718
-2.81811e-05
0.000163021
-3.15643e-05
0.000180827
-3.56127e-05
0.000200983
-4.05157e-05
0.000223977
-4.65258e-05
0.000250414
-5.39748e-05
0.000281036
-6.32875e-05
0.000316707
-7.4986e-05
0.000358356
-8.96679e-05
0.000406787
-0.000107931
0.000462251
-0.000130176
0.000523478
-0.000156102
0.000585614
-0.000183344
0.000635905
-0.000203584
0.00064562
-0.000191258
0.000559615
-7.30501e-05
0.000309223
0.000339809
0.00143117
7.80991e-07
-1.48362e-06
2.763e-06
-4.58883e-06
5.70658e-06
-7.33219e-06
9.4147e-06
-9.54796e-06
1.37205e-05
-1.12567e-05
1.8495e-05
-1.25602e-05
2.36501e-05
-1.35868e-05
2.91367e-05
-1.44584e-05
3.49379e-05
-1.52756e-05
4.10619e-05
-1.61137e-05
4.75356e-05
-1.70259e-05
5.43992e-05
-1.80499e-05
6.1703e-05
-1.92128e-05
6.95055e-05
-2.05372e-05
7.7873e-05
-2.20443e-05
8.68797e-05
-2.37569e-05
9.66096e-05
-2.57018e-05
0.000107157
-2.7912e-05
0.000118631
-3.04285e-05
0.000131157
-3.33036e-05
0.000144881
-3.66042e-05
0.000159976
-4.04169e-05
0.000176649
-4.48542e-05
0.000195148
-5.00632e-05
0.000215771
-5.62362e-05
0.000238878
-6.36229e-05
0.000264895
-7.25423e-05
0.00029431
-8.33895e-05
0.000327649
-9.66268e-05
0.000365402
-0.000112739
0.000407854
-0.000132119
0.000454736
-0.000154814
0.000504572
-0.000180012
0.000553464
-0.000204994
0.000592994
-0.000222874
0.000606946
-0.000217536
0.000567757
-0.000152068
0.000439031
5.56756e-05
0.000207913
0.000570927
0.00163909
9.28154e-07
-2.41177e-06
3.23252e-06
-6.8932e-06
6.59226e-06
-1.06919e-05
1.07667e-05
-1.37224e-05
1.55699e-05
-1.60599e-05
2.08665e-05
-1.78568e-05
2.65679e-05
-1.92882e-05
3.26266e-05
-2.05171e-05
3.90279e-05
-2.1677e-05
4.57828e-05
-2.28686e-05
5.29208e-05
-2.41639e-05
6.04849e-05
-2.5614e-05
6.85282e-05
-2.72562e-05
7.71124e-05
-2.91214e-05
8.63065e-05
-3.12384e-05
9.61874e-05
-3.36378e-05
0.000106841
-3.63553e-05
0.000118363
-3.94337e-05
0.000130861
-4.29264e-05
0.000144457
-4.69002e-05
0.000159293
-5.14395e-05
0.000175528
-5.66521e-05
0.000193349
-6.26758e-05
0.000212973
-6.96867e-05
0.000234646
-7.79094e-05
0.000258649
-8.76255e-05
0.000285284
-9.91778e-05
0.000314855
-0.000112961
0.000347606
-0.000129378
0.000383603
-0.000148736
0.000422506
-0.000171022
0.000463158
-0.000195465
0.00050288
-0.000219735
0.000536362
-0.000238476
0.00055407
-0.000240582
0.000540553
-0.00020402
0.000474578
-8.60932e-05
0.000337381
0.000192873
0.000143133
0.000765175
0.00178222
1.00407e-06
-3.41585e-06
3.48867e-06
-9.3778e-06
7.08418e-06
-1.42874e-05
1.15186e-05
-1.81568e-05
1.6591e-05
-2.11323e-05
2.21614e-05
-2.34271e-05
2.81414e-05
-2.52682e-05
3.44856e-05
-2.68612e-05
4.11818e-05
-2.83732e-05
4.82428e-05
-2.99296e-05
5.56996e-05
-3.16207e-05
6.35959e-05
-3.35103e-05
7.19851e-05
-3.56454e-05
8.09282e-05
-3.80645e-05
9.04931e-05
-4.08033e-05
0.000100754
-4.38991e-05
0.000111794
-4.7395e-05
0.000123702
-5.1342e-05
0.000136579
-5.58026e-05
0.000150533
-6.08545e-05
0.000165688
-6.65944e-05
0.000182179
-7.31438e-05
0.000200159
-8.06551e-05
0.000219791
-8.93194e-05
0.000241255
-9.93729e-05
0.000264731
-0.000111101
0.000290384
-0.000124831
0.000318326
-0.000140903
0.000348537
-0.000159588
0.000380724
-0.000180924
0.000414078
-0.000204377
0.000446863
-0.00022825
0.000475783
-0.000248655
0.000495106
-0.000257799
0.000495696
-0.000241172
0.000464636
-0.000172959
0.000387465
-8.92195e-06
0.000257608
0.00032273
9.94822e-05
0.000923301
0.0018817
1.02844e-06
-4.44429e-06
3.58076e-06
-1.19301e-05
7.26561e-06
-1.79723e-05
1.17934e-05
-2.26846e-05
1.69541e-05
-2.62931e-05
2.26049e-05
-2.90779e-05
2.86582e-05
-3.13215e-05
3.50703e-05
-3.32734e-05
4.18311e-05
-3.51339e-05
4.89543e-05
-3.70528e-05
5.6471e-05
-3.91374e-05
6.44242e-05
-4.14635e-05
7.28656e-05
-4.40867e-05
8.18533e-05
-4.70523e-05
9.14514e-05
-5.04014e-05
0.000101729
-5.41769e-05
0.000112761
-5.84271e-05
0.000124628
-6.32088e-05
0.000137416
-6.85905e-05
0.000151218
-7.46563e-05
0.000166133
-8.15093e-05
0.000182266
-8.92768e-05
0.000199726
-9.81158e-05
0.000218625
-0.000108218
0.000239067
-0.000119815
0.000261136
-0.00013317
0.000284871
-0.000148566
0.000310219
-0.000166251
0.00033695
-0.00018632
0.000364516
-0.000208489
0.00039181
-0.00023167
0.000416799
-0.00025324
0.000436015
-0.00026787
0.000443936
-0.00026572
0.00043257
-0.000229806
0.000391947
-0.000132336
0.000313204
6.9821e-05
0.000197153
0.000438781
7.03049e-05
0.00105015
0.00195201
1.01815e-06
-5.46244e-06
3.55572e-06
-1.44677e-05
7.21869e-06
-2.16353e-05
1.17119e-05
-2.71778e-05
1.68225e-05
-3.14037e-05
2.24074e-05
-3.46628e-05
2.83804e-05
-3.72945e-05
3.46994e-05
-3.95925e-05
4.13554e-05
-4.17899e-05
4.83625e-05
-4.40599e-05
5.57509e-05
-4.65258e-05
6.35617e-05
-4.92743e-05
7.18436e-05
-5.23687e-05
8.06508e-05
-5.58594e-05
9.00417e-05
-5.97923e-05
0.000100079
-6.42138e-05
0.000110827
-6.91755e-05
0.000122356
-7.47375e-05
0.000134736
-8.09709e-05
0.000148042
-8.79618e-05
0.000162347
-9.58142e-05
0.000177724
-0.000104654
0.000194243
-0.000114635
0.000211962
-0.000125937
0.000230918
-0.000138771
0.000251113
-0.000153365
0.000272483
-0.000169936
0.000294849
-0.000188617
0.000317833
-0.000209305
0.000340727
-0.000231383
0.00036227
-0.000253213
0.000380347
-0.000271317
0.000391598
-0.00027912
0.00039105
-0.000265172
0.000372097
-0.000210853
0.000327482
-8.77219e-05
0.0002525
0.000144803
0.000151948
0.000539333
5.07606e-05
0.00115134
0.00200277
9.85339e-07
-6.44778e-06
3.45021e-06
-1.69326e-05
7.01007e-06
-2.51951e-05
1.13736e-05
-3.15413e-05
1.63306e-05
-3.63607e-05
2.17406e-05
-4.00728e-05
2.75196e-05
-4.30736e-05
3.36274e-05
-4.57003e-05
4.00555e-05
-4.8218e-05
4.68177e-05
-5.08221e-05
5.39428e-05
-5.36509e-05
6.14693e-05
-5.68008e-05
6.94423e-05
-6.03416e-05
7.7911e-05
-6.43282e-05
8.69279e-05
-6.88091e-05
9.65474e-05
-7.38333e-05
0.000106825
-7.94536e-05
0.000117819
-8.57307e-05
0.000129583
-9.27357e-05
0.000142174
-0.000100553
0.000155642
-0.000109282
0.00017003
-0.000119043
0.000185371
-0.000129976
0.000201678
-0.000142244
0.000218934
-0.000156027
0.000237074
-0.000171505
0.000255957
-0.00018882
0.000275318
-0.000207977
0.000294686
-0.000228673
0.000313268
-0.000249965
0.000329759
-0.000269704
0.000342097
-0.000283655
0.00034719
-0.000284213
0.00034075
-0.000258732
0.000317528
-0.000187631
0.000272509
-4.27032e-05
0.000203841
0.000213471
0.000118175
0.000624999
3.74476e-05
0.00123206
0.00204022
9.3784e-07
-7.38562e-06
3.2896e-06
-1.92843e-05
6.68768e-06
-2.85932e-05
1.08513e-05
-3.57049e-05
1.55776e-05
-4.1087e-05
2.07313e-05
-4.52265e-05
2.62319e-05
-4.85742e-05
3.2041e-05
-5.15094e-05
3.8151e-05
-5.43279e-05
4.45747e-05
-5.72459e-05
5.13393e-05
-6.04154e-05
5.84803e-05
-6.39418e-05
6.60387e-05
-6.79001e-05
7.4059e-05
-7.23484e-05
8.2587e-05
-7.73372e-05
9.16699e-05
-8.29161e-05
0.000101354
-8.91378e-05
0.000111685
-9.60616e-05
0.000122705
-0.000103756
0.000134451
-0.000112299
0.000146955
-0.000121785
0.000160233
-0.000132321
0.000174288
-0.000144031
0.000189097
-0.000157053
0.000204602
-0.000171531
0.000220688
-0.000187592
0.000237163
-0.000205294
0.000253706
-0.000224519
0.000269798
-0.000244766
0.000284619
-0.000264786
0.00029689
-0.000281974
0.000304683
-0.000291448
0.00030525
-0.000284781
0.000294998
-0.00024848
0.000269882
-0.000162514
0.000226618
5.60877e-07
0.000165197
0.000274892
9.28499e-05
0.000697346
2.82038e-05
0.00129671
0.00206842
8.80243e-07
-8.26586e-06
3.08998e-06
-2.14941e-05
6.28317e-06
-3.17864e-05
1.01943e-05
-3.96161e-05
1.46315e-05
-4.55242e-05
1.94669e-05
-5.00619e-05
2.46247e-05
-5.3732e-05
3.00691e-05
-5.69538e-05
3.57929e-05
-6.00517e-05
4.18085e-05
-6.32615e-05
4.81408e-05
-6.67477e-05
5.48224e-05
-7.06234e-05
6.18903e-05
-7.49681e-05
6.93841e-05
-7.98421e-05
7.73439e-05
-8.5297e-05
8.58096e-05
-9.13818e-05
9.48194e-05
-9.81476e-05
0.000104409
-0.000105651
0.000114608
-0.000113955
0.00012544
-0.000123131
0.000136918
-0.000133263
0.00014904
-0.000144443
0.000161786
-0.000156776
0.000175105
-0.000170372
0.000188908
-0.000185334
0.00020305
-0.000201735
0.000217306
-0.00021955
0.000231325
-0.000238539
0.000244575
-0.000258016
0.000256247
-0.000276457
0.000265129
-0.000290856
0.000269471
-0.000295791
0.000266888
-0.000282197
0.00025443
-0.000236022
0.000229049
-0.000137134
0.000188741
4.08691e-05
0.00013461
0.000329023
7.37502e-05
0.000758206
2.16714e-05
0.00134879
0.00209009
8.15058e-07
-9.08092e-06
2.86091e-06
-2.35399e-05
5.81621e-06
-3.47417e-05
9.43417e-06
-4.3234e-05
1.35365e-05
-4.96266e-05
1.80048e-05
-5.45301e-05
2.27692e-05
-5.84963e-05
2.77968e-05
-6.19814e-05
3.30814e-05
-6.53363e-05
3.86347e-05
-6.88148e-05
4.44796e-05
-7.25926e-05
5.06458e-05
-7.67896e-05
5.71667e-05
-8.14889e-05
6.40772e-05
-8.67526e-05
7.14122e-05
-9.26321e-05
7.92056e-05
-9.91752e-05
8.74884e-05
-0.00010643
9.62877e-05
-0.00011445
0.000105624
-0.000123291
0.00011551
-0.000133017
0.000125945
-0.000143698
0.000136914
-0.000155412
0.000148378
-0.00016824
0.000160269
-0.000182263
0.000172479
-0.000197545
0.000184846
-0.000214101
0.000197126
-0.00023183
0.000208962
-0.000250375
0.000219828
-0.000268882
0.000228951
-0.00028558
0.000235213
-0.000297118
0.000237055
-0.000297633
0.000232437
-0.000277579
0.000218971
-0.000222556
0.000194404
-0.000112567
0.000157637
7.76363e-05
0.000110384
0.000376275
5.92351e-05
0.000809355
1.69736e-05
0.00139105
0.00210706
7.43585e-07
-9.82451e-06
2.60791e-06
-2.54042e-05
5.29871e-06
-3.74325e-05
8.59049e-06
-4.65258e-05
1.23208e-05
-5.33569e-05
1.63822e-05
-5.85915e-05
2.07116e-05
-6.28257e-05
2.52799e-05
-6.65498e-05
3.00822e-05
-7.01386e-05
3.51295e-05
-7.3862e-05
4.04429e-05
-7.7906e-05
4.60495e-05
-8.23962e-05
5.19792e-05
-8.74187e-05
5.82632e-05
-9.30366e-05
6.49318e-05
-9.93007e-05
7.20139e-05
-0.000106257
7.9535e-05
-0.000113952
8.75157e-05
-0.000122431
9.59699e-05
-0.000131745
0.000104902
-0.000141949
0.000114303
-0.000153099
0.000124147
-0.000165256
0.000134387
-0.00017848
0.000144944
-0.00019282
0.000155701
-0.000208302
0.000166487
-0.000224887
0.000177056
-0.000242399
0.000187056
-0.000260376
0.000195984
-0.00027781
0.000203117
-0.000292713
0.00020744
-0.000301441
0.000207579
-0.000297773
0.000201807
-0.000271806
0.000188206
-0.000208955
0.000165133
-8.94946e-05
0.000132107
0.000110662
9.11199e-05
0.000417263
4.80963e-05
0.000852379
1.35316e-05
0.00142562
0.0021206
6.66513e-07
-1.0491e-05
2.33422e-06
-2.7072e-05
4.73806e-06
-3.98364e-05
7.6759e-06
-4.94637e-05
1.10029e-05
-5.66839e-05
1.46237e-05
-6.22123e-05
1.84832e-05
-6.66852e-05
2.25564e-05
-7.0623e-05
2.68399e-05
-7.44221e-05
3.13444e-05
-7.83665e-05
3.60896e-05
-8.26512e-05
4.11001e-05
-8.74067e-05
4.64029e-05
-9.27215e-05
5.20259e-05
-9.86595e-05
5.79959e-05
-0.000105271
6.4338e-05
-0.000112599
7.10736e-05
-0.000120687
7.82193e-05
-0.000129576
8.57844e-05
-0.00013931
9.37686e-05
-0.000149933
0.000102159
-0.000161489
0.000110924
-0.000174022
0.000120013
-0.000187568
0.000129344
-0.000202151
0.000138798
-0.000217756
0.000148206
-0.000234295
0.000157328
-0.000251521
0.000165827
-0.000268875
0.000173231
-0.000285214
0.000178875
-0.000298356
0.000181844
-0.000304411
0.000180937
-0.000296866
0.000174695
-0.000265564
0.000161579
-0.000195839
0.000140404
-6.832e-05
0.000111091
0.000139976
7.56969e-05
0.000452656
3.94473e-05
0.000888628
1.09583e-05
0.0014541
0.00213155
5.84277e-07
-1.10753e-05
2.04199e-06
-2.85297e-05
4.1393e-06
-4.19337e-05
6.6992e-06
-5.20236e-05
9.59582e-06
-5.95805e-05
1.27472e-05
-6.53637e-05
1.61066e-05
-7.00446e-05
1.96537e-05
-7.41701e-05
2.3387e-05
-7.81554e-05
2.73172e-05
-8.22968e-05
3.14626e-05
-8.67966e-05
3.58459e-05
-9.17899e-05
4.04916e-05
-9.73672e-05
4.54248e-05
-0.000103593
5.067e-05
-0.000110516
5.62495e-05
-0.000118179
6.21824e-05
-0.00012662
6.84831e-05
-0.000135877
7.51592e-05
-0.000145986
8.22088e-05
-0.000156983
8.96179e-05
-0.000168899
9.73564e-05
-0.000181761
0.000105373
-0.000195585
0.000113589
-0.000210367
0.000121891
-0.000226058
0.000130118
-0.000242521
0.000138044
-0.000259447
0.000145353
-0.000276185
0.000151608
-0.000291469
0.000156202
-0.000302949
0.000158314
-0.000306523
0.000156894
-0.000295446
0.000150704
-0.000259374
0.000138505
-0.00018364
0.000119444
-4.92589e-05
9.36883e-05
0.000165732
6.32363e-05
0.000483108
3.26393e-05
0.000919225
8.99291e-06
0.00147775
0.00214055
4.97236e-07
-1.15725e-05
1.73292e-06
-2.97653e-05
3.50639e-06
-4.37071e-05
5.66735e-06
-5.41845e-05
8.11012e-06
-6.20233e-05
1.07669e-05
-6.80204e-05
1.35999e-05
-7.28776e-05
1.6594e-05
-7.71642e-05
1.97497e-05
-8.13111e-05
2.3078e-05
-8.5625e-05
2.6596e-05
-9.03146e-05
3.03247e-05
-9.55186e-05
3.42867e-05
-0.000101329
3.85052e-05
-0.000107811
4.30029e-05
-0.000115014
4.78006e-05
-0.000122977
5.29168e-05
-0.000131736
5.83655e-05
-0.000141326
6.41548e-05
-0.000151776
7.02847e-05
-0.000163113
7.67438e-05
-0.000175358
8.35062e-05
-0.000188523
9.05267e-05
-0.000202605
9.7735e-05
-0.000217575
0.000105028
-0.00023335
0.000112258
-0.000249751
0.000119218
-0.000266407
0.000125618
-0.000282586
0.000131057
-0.000296907
0.000134981
-0.000306874
0.000136655
-0.000308197
0.000135152
-0.000293943
0.000129413
-0.000253635
0.000118426
-0.000172653
0.000101573
-3.2406e-05
7.91603e-05
0.000188145
5.30561e-05
0.000509213
2.71978e-05
0.000945083
7.45775e-06
0.00149749
0.002148
4.05763e-07
-1.19783e-05
1.40862e-06
-3.07682e-05
2.84299e-06
-4.51415e-05
4.58667e-06
-5.59282e-05
6.55514e-06
-6.39918e-05
8.69543e-06
-7.01607e-05
1.09793e-05
-7.51615e-05
1.33969e-05
-7.95818e-05
1.59511e-05
-8.38653e-05
1.8653e-05
-8.83269e-05
2.15191e-05
-9.31807e-05
2.45688e-05
-9.85683e-05
2.78233e-05
-0.000104584
3.13043e-05
-0.000111292
3.50335e-05
-0.000118743
3.90316e-05
-0.000126975
4.33175e-05
-0.000136022
4.79068e-05
-0.000145915
5.28105e-05
-0.00015668
5.8033e-05
-0.000168335
6.3569e-05
-0.000180894
6.94006e-05
-0.000194355
7.54931e-05
-0.000208698
8.17889e-05
-0.000223871
8.82004e-05
-0.000239762
9.4599e-05
-0.00025615
0.0001008
-0.000272608
0.000106541
-0.000288327
0.000111456
-0.000301822
0.000115039
-0.000310457
0.000116624
-0.000309783
0.000115386
-0.000292705
0.000110403
-0.000248653
0.000100831
-0.000163081
8.62081e-05
-1.77833e-05
6.6906e-05
0.000207447
4.46301e-05
0.000531488
2.27753e-05
0.000966938
6.2306e-06
0.00151404
0.00215424
3.10276e-07
-1.22886e-05
1.07077e-06
-3.15287e-05
2.15275e-06
-4.62235e-05
3.46334e-06
-5.72388e-05
4.94003e-06
-6.54685e-05
6.5452e-06
-7.17659e-05
8.26039e-06
-7.68767e-05
1.00812e-05
-8.14027e-05
1.20129e-05
-8.57969e-05
1.4067e-05
-9.0381e-05
1.62592e-05
-9.5373e-05
1.86078e-05
-0.000100917
2.11325e-05
-0.000107108
2.38544e-05
-0.000114014
2.67947e-05
-0.000121683
2.99749e-05
-0.000130155
3.34154e-05
-0.000139463
3.71352e-05
-0.000149635
4.11501e-05
-0.000160695
4.54714e-05
-0.000172656
5.01029e-05
-0.000185525
5.50387e-05
-0.00019929
6.02582e-05
-0.000213917
6.57213e-05
-0.000229334
7.13604e-05
-0.000245401
7.707e-05
-0.000261859
8.2691e-05
-0.000278229
8.79902e-05
-0.000293626
9.26336e-05
-0.000306465
9.61585e-05
-0.000313982
9.79531e-05
-0.000311577
9.72671e-05
-0.000292018
9.32796e-05
-0.000244665
8.5262e-05
-0.000155063
7.28538e-05
-5.37513e-06
5.64403e-05
0.000223861
3.75527e-05
0.000550376
1.91155e-05
0.000985375
5.22623e-06
0.00152792
0.00215946
2.11255e-07
-1.24998e-05
7.21179e-07
-3.20386e-05
1.43952e-06
-4.69418e-05
2.30379e-06
-5.81031e-05
3.27413e-06
-6.64388e-05
4.3286e-06
-7.28203e-05
5.45871e-06
-7.80068e-05
6.66554e-06
-8.26095e-05
7.95671e-06
-8.70881e-05
9.34419e-06
-9.17685e-05
1.08429e-05
-9.68717e-05
1.247e-05
-0.000102544
1.42441e-05
-0.000108883
1.61856e-05
-0.000115956
1.8316e-05
-0.000123813
2.0658e-05
-0.000132497
2.32349e-05
-0.000142039
2.607e-05
-0.00015247
2.9186e-05
-0.00016381
3.2603e-05
-0.000176073
3.63371e-05
-0.000189259
4.03971e-05
-0.00020335
4.4781e-05
-0.000218301
4.94705e-05
-0.000234024
5.44227e-05
-0.000250353
5.95592e-05
-0.000266996
6.47501e-05
-0.000283419
6.97924e-05
-0.000298669
7.43834e-05
-0.000311056
7.80944e-05
-0.000317692
8.0354e-05
-0.000313837
8.04634e-05
-0.000292128
7.76676e-05
-0.00024187
7.13117e-05
-0.000148707
6.109e-05
4.84651e-06
4.73691e-05
0.000237582
3.15075e-05
0.000566238
1.60268e-05
0.00100086
4.38388e-06
0.00153957
0.00216385
1.09239e-07
-1.26091e-05
3.61831e-07
-3.22912e-05
7.0744e-07
-4.72874e-05
1.11482e-06
-5.85104e-05
1.56724e-06
-6.68912e-05
2.05863e-06
-7.33117e-05
2.59046e-06
-7.85386e-05
3.16924e-06
-8.31883e-05
3.80484e-06
-8.77237e-05
4.50948e-06
-9.24732e-05
5.29725e-06
-9.76595e-05
6.18398e-06
-0.000103431
7.18731e-06
-0.000109886
8.32703e-06
-0.000117095
9.62518e-06
-0.000125112
1.1106e-05
-0.000133978
1.27963e-05
-0.00014373
1.47249e-05
-0.000154399
1.69224e-05
-0.000166008
1.94201e-05
-0.000178571
2.22483e-05
-0.000192087
2.54343e-05
-0.000206536
2.89982e-05
-0.000221865
3.29479e-05
-0.000237973
3.72703e-05
-0.000254676
4.19192e-05
-0.000271645
4.67979e-05
-0.000288298
5.17359e-05
-0.000303606
5.64607e-05
-0.000315781
6.05705e-05
-0.000321802
6.35205e-05
-0.000316787
6.46404e-05
-0.000293248
6.32096e-05
-0.000240439
5.86095e-05
-0.000144107
5.05531e-05
1.29028e-05
3.93658e-05
0.000248769
2.62429e-05
0.000579361
1.33624e-05
0.00101374
3.65862e-06
0.00154927
0.0021675
4.83841e-09
-1.26139e-05
-5.05811e-09
-3.22813e-05
-3.89931e-08
-4.72535e-05
-9.62529e-08
-5.84532e-05
-1.70196e-07
-6.68173e-05
-2.50963e-07
-7.3231e-05
-3.2727e-07
-7.84623e-05
-3.87382e-07
-8.31281e-05
-4.19411e-07
-8.76917e-05
-4.11151e-07
-9.24814e-05
-3.49624e-07
-9.7721e-05
-2.2046e-07
-0.00010356
-7.21612e-09
-0.000110099
3.09041e-07
-0.000117412
7.50489e-07
-0.000125553
1.34358e-06
-0.000134571
2.11866e-06
-0.000144505
3.11064e-06
-0.000155391
4.35902e-06
-0.000167256
5.90752e-06
-0.00018012
7.80313e-06
-0.000193983
1.00942e-05
-0.000208827
1.28271e-05
-0.000224598
1.60406e-05
-0.000241187
1.9757e-05
-0.000258392
2.39684e-05
-0.000275856
2.86171e-05
-0.000292947
3.35688e-05
-0.000308558
3.85818e-05
-0.000320794
4.32764e-05
-0.000326497
4.71209e-05
-0.000320631
4.94517e-05
-0.000295579
4.95526e-05
-0.00024054
4.68071e-05
-0.000141362
4.09166e-05
1.87934e-05
3.21496e-05
0.000257536
2.15499e-05
0.00058996
1.10038e-05
0.00102428
3.01511e-06
0.00155726
0.00217052
-1.01287e-07
-1.25126e-05
-3.772e-07
-3.20054e-05
-7.94957e-07
-4.68358e-05
-1.32159e-06
-5.79265e-05
-1.92698e-06
-6.62119e-05
-2.58548e-06
-7.25725e-05
-3.27625e-06
-7.77715e-05
-3.98265e-06
-8.24217e-05
-4.69116e-06
-8.69832e-05
-5.38997e-06
-9.17826e-05
-6.06762e-06
-9.70433e-05
-6.71167e-06
-0.000102916
-7.30748e-06
-0.000109503
-7.83705e-06
-0.000116882
-8.27803e-06
-0.000125112
-8.60294e-06
-0.000134246
-8.77788e-06
-0.00014433
-8.76185e-06
-0.000155407
-8.50599e-06
-0.000167512
-7.95322e-06
-0.000180672
-7.03836e-06
-0.000194898
-5.68929e-06
-0.000210176
-3.82978e-06
-0.000226458
-1.38487e-06
-0.000243632
1.70956e-06
-0.000261486
5.4912e-06
-0.000279638
9.94953e-06
-0.000297405
1.49937e-05
-0.000313602
2.0416e-05
-0.000326216
2.58559e-05
-0.000331937
3.07841e-05
-0.00032556
3.45226e-05
-0.000299317
3.63297e-05
-0.000242347
3.55583e-05
-0.00014059
3.18696e-05
2.2482e-05
2.5463e-05
0.000263943
1.72433e-05
0.00059818
8.8484e-06
0.00103268
2.42278e-06
0.00156369
0.00217294
-2.08386e-07
-1.23042e-05
-7.51906e-07
-3.14619e-05
-1.55516e-06
-4.60325e-05
-2.55268e-06
-5.6929e-05
-3.69103e-06
-6.50735e-05
-4.92909e-06
-7.13344e-05
-6.23682e-06
-7.64638e-05
-7.59315e-06
-8.10654e-05
-8.9834e-06
-8.55929e-05
-1.03967e-05
-9.03693e-05
-1.18236e-05
-9.56164e-05
-1.32543e-05
-0.000101485
-1.46764e-05
-0.000108081
-1.60738e-05
-0.000115485
-1.74252e-05
-0.000123761
-1.87022e-05
-0.000132969
-1.98684e-05
-0.000143164
-2.08772e-05
-0.000154398
-2.16709e-05
-0.000166718
-2.2179e-05
-0.000180164
-2.23171e-05
-0.00019476
-2.19875e-05
-0.000210506
-2.10805e-05
-0.000227365
-1.94797e-05
-0.000245232
-1.70719e-05
-0.000263894
-1.37633e-05
-0.000282947
-9.50723e-06
-0.000301661
-4.34066e-06
-0.000318769
1.57028e-06
-0.000332127
7.88852e-06
-0.000338255
1.40773e-05
-0.000331748
1.94253e-05
-0.000304665
2.31331e-05
-0.000246055
2.44912e-05
-0.000141948
2.30904e-05
2.38828e-05
1.90485e-05
0.000267985
1.31423e-05
0.000604086
6.7973e-06
0.00103902
1.85171e-06
0.00156863
0.00217479
-3.15653e-07
-1.19886e-05
-1.12639e-06
-3.06511e-05
-2.3139e-06
-4.4845e-05
-3.78035e-06
-5.54626e-05
-5.44931e-06
-6.34046e-05
-7.26464e-06
-6.95191e-05
-9.18765e-06
-7.45408e-05
-1.11934e-05
-7.90597e-05
-1.32666e-05
-8.35197e-05
-1.5398e-05
-8.82379e-05
-1.75809e-05
-9.34335e-05
-1.98088e-05
-9.92572e-05
-2.20727e-05
-0.000105817
-2.43593e-05
-0.000113198
-2.66495e-05
-0.000121471
-2.89155e-05
-0.000130703
-3.11196e-05
-0.00014096
-3.32115e-05
-0.000152306
-3.51256e-05
-0.000164804
-3.67789e-05
-0.000178511
-3.80682e-05
-0.000193471
-3.88691e-05
-0.000209705
-3.90358e-05
-0.000227198
-3.84053e-05
-0.000245863
-3.68067e-05
-0.000265493
-3.40795e-05
-0.000285674
-3.01046e-05
-0.000305636
-2.48488e-05
-0.000324025
-1.84212e-05
-0.000338555
-1.11318e-05
-0.000345545
-3.52548e-06
-0.000339355
3.63391e-06
-0.000311825
9.47302e-06
-0.000251894
1.31726e-05
-0.000145648
1.42108e-05
2.28446e-05
1.26186e-05
0.000269577
9.04877e-06
0.000607656
4.74184e-06
0.00104333
1.26882e-06
0.0015721
0.00217606
-4.22216e-07
-1.15664e-05
-1.49761e-06
-2.95758e-05
-3.06502e-06
-4.32776e-05
-4.99465e-06
-5.35329e-05
-7.18765e-06
-6.12116e-05
-9.57347e-06
-6.71333e-05
-1.21055e-05
-7.20088e-05
-1.47554e-05
-7.64097e-05
-1.75082e-05
-8.07669e-05
-2.03568e-05
-8.53894e-05
-2.32981e-05
-9.04921e-05
-2.633e-05
-9.62254e-05
-2.94478e-05
-0.0001027
-3.26429e-05
-0.000110003
-3.58994e-05
-0.000118214
-3.91926e-05
-0.00012741
-4.24855e-05
-0.000137667
-4.57263e-05
-0.000149065
-4.88444e-05
-0.000161686
-5.17463e-05
-0.000175609
-5.43119e-05
-0.000190905
-5.63907e-05
-0.000207626
-5.77997e-05
-0.000225789
-5.83248e-05
-0.000245338
-5.77294e-05
-0.000266088
-5.5773e-05
-0.00028763
-5.22457e-05
-0.000309163
-4.7022e-05
-0.000329248
-4.01317e-05
-0.000345445
-3.18359e-05
-0.00035384
-2.26807e-05
-0.00034851
-1.34906e-05
-0.000321015
-5.27003e-06
-0.000260114
1.01726e-06
-0.000151935
4.76183e-06
1.91001e-05
5.81815e-06
0.00026852
4.72096e-06
0.000608753
2.54669e-06
0.0010455
6.3532e-07
0.00157402
0.0021767
-5.27133e-07
-1.10392e-05
-1.86225e-06
-2.82406e-05
-3.8018e-06
-4.1338e-05
-6.18472e-06
-5.115e-05
-8.89052e-06
-5.85058e-05
-1.18351e-05
-6.41887e-05
-1.49645e-05
-6.88794e-05
-1.82481e-05
-7.31261e-05
-2.16715e-05
-7.73435e-05
-2.52309e-05
-8.183e-05
-2.89278e-05
-8.67952e-05
-3.27651e-05
-9.23881e-05
-3.67444e-05
-9.87202e-05
-4.08628e-05
-0.000105884
-4.51104e-05
-0.000113966
-4.94676e-05
-0.000123052
-5.39014e-05
-0.000133233
-5.8362e-05
-0.000144605
-6.27773e-05
-0.000157271
-6.70479e-05
-0.000171338
-7.10407e-05
-0.000186912
-7.45819e-05
-0.000204085
-7.74526e-05
-0.000222918
-7.9386e-05
-0.000243404
-8.00727e-05
-0.000265402
-7.91783e-05
-0.000288525
-7.63809e-05
-0.000311961
-7.14333e-05
-0.000334196
-6.42512e-05
-0.000352627
-5.50144e-05
-0.000363077
-4.42483e-05
-0.000359276
-3.28379e-05
-0.000332425
-2.1921e-05
-0.000271031
-1.26438e-05
-0.000161212
-5.86422e-06
1.23205e-05
-1.83085e-06
0.000264487
-1.38374e-07
0.000607061
1.02879e-07
0.00104526
-1.09634e-07
0.00157423
0.00217659
-6.29391e-07
-1.04098e-05
-2.21669e-06
-2.66533e-05
-4.51681e-06
-3.90379e-05
-7.33848e-06
-4.83284e-05
-1.05406e-05
-5.53036e-05
-1.40265e-05
-6.07028e-05
-1.77358e-05
-6.517e-05
-2.16363e-05
-6.92257e-05
-2.5715e-05
-7.32647e-05
-2.99722e-05
-7.75729e-05
-3.44146e-05
-8.23528e-05
-3.9052e-05
-8.77507e-05
-4.38931e-05
-9.38791e-05
-4.89431e-05
-0.000100835
-5.42002e-05
-0.000108709
-5.96531e-05
-0.000117599
-6.52768e-05
-0.000127609
-7.10277e-05
-0.000138854
-7.68384e-05
-0.00015146
-8.26095e-05
-0.000165567
-8.82013e-05
-0.00018132
-9.34238e-05
-0.000198863
-9.80273e-05
-0.000218315
-0.000101694
-0.000239737
-0.000104039
-0.000263056
-0.000104623
-0.000287941
-0.000102989
-0.000313596
-9.87308e-05
-0.000338454
-9.16046e-05
-0.000359753
-8.16552e-05
-0.000373026
-6.93407e-05
-0.00037159
-5.55798e-05
-0.000346186
-4.16585e-05
-0.000284952
-2.89622e-05
-0.000173909
-1.85973e-05
1.95569e-06
-1.10505e-05
0.00025694
-6.10409e-06
0.000602114
-3.04049e-06
0.0010422
-1.07859e-06
0.00157227
0.00217551
-7.27863e-07
-9.68198e-06
-2.55682e-06
-2.48244e-05
-5.20156e-06
-3.63932e-05
-8.44205e-06
-4.50879e-05
-1.2118e-05
-5.16277e-05
-1.61212e-05
-5.66996e-05
-2.0386e-05
-6.09053e-05
-2.4879e-05
-6.47327e-05
-2.959e-05
-6.85538e-05
-3.45234e-05
-7.26394e-05
-3.96927e-05
-7.71835e-05
-4.51152e-05
-8.23282e-05
-5.08086e-05
-8.81857e-05
-5.67878e-05
-9.48552e-05
-6.30623e-05
-0.000102435
-6.96323e-05
-0.000111029
-7.64852e-05
-0.000120756
-8.35899e-05
-0.000131749
-9.08902e-05
-0.00014416
-9.82955e-05
-0.000158162
-0.00010567
-0.000173946
-0.000112818
-0.000191714
-0.000119471
-0.000211663
-0.000125268
-0.00023394
-0.000129754
-0.000258571
-0.000132377
-0.000285317
-0.000132527
-0.000313446
-0.000129602
-0.000341379
-0.000123136
-0.00036622
-0.000112962
-0.000383201
-9.9387e-05
-0.000385165
-8.32969e-05
-0.000362276
-6.60973e-05
-0.000302152
-4.94359e-05
-0.00019057
-3.4755e-05
-1.27252e-05
-2.28609e-05
0.000245046
-1.37926e-05
0.000593046
-7.08747e-06
0.00103549
-2.35979e-06
0.00156754
0.00217315
-8.21223e-07
-8.86076e-06
-2.87769e-06
-2.27679e-05
-5.84576e-06
-3.34251e-05
-9.4786e-06
-4.1455e-05
-1.35984e-05
-4.75079e-05
-1.8087e-05
-5.2211e-05
-2.28743e-05
-5.6118e-05
-2.79267e-05
-5.96802e-05
-3.32369e-05
-6.32436e-05
-3.88147e-05
-6.70616e-05
-4.46806e-05
-7.13176e-05
-5.08606e-05
-7.61481e-05
-5.73827e-05
-8.16635e-05
-6.42739e-05
-8.79641e-05
-7.1557e-05
-9.51518e-05
-7.92478e-05
-0.000103339
-8.7351e-05
-0.000112653
-9.58545e-05
-0.000123246
-0.000104722
-0.000135293
-0.000113883
-0.000149001
-0.000123219
-0.00016461
-0.000132545
-0.000182388
-0.000141591
-0.000202617
-0.000149975
-0.000225556
-0.000157183
-0.000251362
-0.000162564
-0.000279937
-0.000165341
-0.000310669
-0.000164683
-0.000342036
-0.000159836
-0.000371067
-0.000150317
-0.00039272
-0.000136151
-0.000399331
-0.000118058
-0.000380369
-9.74644e-05
-0.000322745
-7.62598e-05
-0.000211775
-5.62913e-05
-3.26936e-05
-3.88254e-05
0.00022758
-2.43154e-05
0.000578536
-1.27059e-05
0.00102388
-4.17246e-06
0.00155901
0.00216898
-9.07756e-07
-7.953e-06
-3.17286e-06
-2.05028e-05
-6.43602e-06
-3.0162e-05
-1.04264e-05
-3.74647e-05
-1.49509e-05
-4.29833e-05
-1.98829e-05
-4.72791e-05
-2.51489e-05
-5.0852e-05
-3.0716e-05
-5.41131e-05
-3.65801e-05
-5.73795e-05
-4.27566e-05
-6.08851e-05
-4.92737e-05
-6.48006e-05
-5.61667e-05
-6.92551e-05
-6.34751e-05
-7.43552e-05
-7.12392e-05
-8.02e-05
-7.94979e-05
-8.6893e-05
-8.82861e-05
-9.45505e-05
-9.76305e-05
-0.000103309
-0.000107545
-0.000113331
-0.000118023
-0.000124815
-0.000129026
-0.000137998
-0.00014047
-0.000153166
-0.000152204
-0.000170654
-0.000163983
-0.000190838
-0.000175434
-0.000214105
-0.000186021
-0.000240775
-0.000195016
-0.000270942
-0.000201496
-0.00030419
-0.000204382
-0.000339149
-0.00020257
-0.00037288
-0.000195139
-0.000400151
-0.000181647
-0.000412822
-0.000162422
-0.000399594
-0.000138701
-0.000346467
-0.000112483
-0.000237992
-8.60424e-05
-5.91346e-05
-6.1274e-05
0.000202812
-3.93119e-05
0.000556574
-2.08005e-05
0.00100537
-6.81378e-06
0.00154502
0.00216216
-9.85004e-07
-6.968e-06
-3.43325e-06
-1.80546e-05
-6.95375e-06
-2.66415e-05
-1.12555e-05
-3.3163e-05
-1.6133e-05
-3.81057e-05
-2.14533e-05
-4.19588e-05
-2.71404e-05
-4.51648e-05
-3.31624e-05
-4.80911e-05
-3.95187e-05
-5.10232e-05
-4.62304e-05
-5.41734e-05
-5.3333e-05
-5.76979e-05
-6.08718e-05
-6.17163e-05
-6.88978e-05
-6.63291e-05
-7.74662e-05
-7.16317e-05
-8.66334e-05
-7.77258e-05
-9.64561e-05
-8.47278e-05
-0.000106987
-9.27775e-05
-0.000118273
-0.000102045
-0.000130345
-0.000112743
-0.000143212
-0.000125131
-0.000156843
-0.000139535
-0.000171147
-0.00015635
-0.000185939
-0.000176046
-0.000200901
-0.000199143
-0.000215528
-0.000226148
-0.000229078
-0.000257392
-0.000240528
-0.00029274
-0.000248579
-0.000331098
-0.000251744
-0.000369715
-0.000248547
-0.000403349
-0.00023785
-0.000423518
-0.000219254
-0.00041819
-0.000193421
-0.0003723
-0.000162138
-0.000269275
-0.000127977
-9.32959e-05
-9.36108e-05
0.000168445
-6.12472e-05
0.00052421
-3.27574e-05
0.000976883
-1.07394e-05
0.001523
0.00215142
-1.0492e-06
-5.91881e-06
-3.64542e-06
-1.54583e-05
-7.37212e-06
-2.29148e-05
-1.19235e-05
-2.86116e-05
-1.70858e-05
-3.29435e-05
-2.27213e-05
-3.63233e-05
-2.87531e-05
-3.9133e-05
-3.51501e-05
-4.16941e-05
-4.19149e-05
-4.42584e-05
-4.90737e-05
-4.70146e-05
-5.66692e-05
-5.01024e-05
-6.47557e-05
-5.36298e-05
-7.33961e-05
-5.76888e-05
-8.26598e-05
-6.2368e-05
-9.26218e-05
-6.77638e-05
-0.000103361
-7.39881e-05
-0.000114961
-8.11778e-05
-0.000127503
-8.95032e-05
-0.000141066
-9.91796e-05
-0.000155716
-0.000110481
-0.000171495
-0.000123756
-0.000188398
-0.000139447
-0.000206343
-0.0001581
-0.000225125
-0.000180362
-0.000244346
-0.000206926
-0.000263343
-0.000238395
-0.000281098
-0.000274985
-0.000296183
-0.000316014
-0.000306765
-0.000359133
-0.000310745
-0.000399369
-0.000306061
-0.000428203
-0.000291156
-0.000433094
-0.000265525
-0.000397931
-0.000230114
-0.000304686
-0.00018735
-0.00013606
-0.000140654
0.000121749
-9.37848e-05
0.000477342
-5.06993e-05
0.000933798
-1.66524e-05
0.00148895
0.00213477
-1.09443e-06
-4.82438e-06
-3.78936e-06
-1.27634e-05
-7.65229e-06
-1.90518e-05
-1.23704e-05
-2.38935e-05
-1.77262e-05
-2.75877e-05
-2.35802e-05
-3.04693e-05
-2.98547e-05
-3.28585e-05
-3.65195e-05
-3.50293e-05
-4.35794e-05
-3.71985e-05
-5.10648e-05
-3.95293e-05
-5.90242e-05
-4.21431e-05
-6.75197e-05
-4.51343e-05
-7.66245e-05
-4.85839e-05
-8.64215e-05
-5.25711e-05
-9.70028e-05
-5.71824e-05
-0.00010847
-6.25207e-05
-0.000120935
-6.87131e-05
-0.000134517
-7.59208e-05
-0.000149346
-8.43513e-05
-0.000165552
-9.42748e-05
-0.000183263
-0.000106045
-0.000202588
-0.000120123
-0.000223585
-0.000137103
-0.000246223
-0.000157724
-0.000270307
-0.000182842
-0.000295379
-0.000213323
-0.00032059
-0.000249774
-0.000344559
-0.000292044
-0.000365268
-0.000338424
-0.000380052
-0.000384585
-0.00038578
-0.000422474
-0.000379306
-0.000439569
-0.000358176
-0.00041906
-0.000321477
-0.000341385
-0.000270506
-0.000187031
-0.000208903
6.01468e-05
-0.000142295
0.000410733
-7.79246e-05
0.000869427
-2.56771e-05
0.00143671
0.00210909
-1.11167e-06
-3.71271e-06
-3.83615e-06
-1.00389e-05
-7.73988e-06
-1.51481e-05
-1.25136e-05
-1.91198e-05
-1.79419e-05
-2.21593e-05
-2.38858e-05
-2.45255e-05
-3.02673e-05
-2.6477e-05
-3.70562e-05
-2.82404e-05
-4.42584e-05
-2.99963e-05
-5.19064e-05
-3.18813e-05
-6.00527e-05
-3.39968e-05
-6.87651e-05
-3.64219e-05
-7.81247e-05
-3.92243e-05
-8.8225e-05
-4.24708e-05
-9.91722e-05
-4.62352e-05
-0.000111087
-5.06059e-05
-0.000124106
-5.56941e-05
-0.000138385
-6.16423e-05
-0.000154098
-6.86378e-05
-0.000171444
-7.69288e-05
-0.000190641
-8.68483e-05
-0.00021192
-9.88436e-05
-0.000235512
-0.000113511
-0.000261612
-0.000131623
-0.000290317
-0.000154138
-0.000321518
-0.000182122
-0.000354744
-0.000216548
-0.00038894
-0.000257848
-0.000422212
-0.000305151
-0.000451602
-0.000355195
-0.000473013
-0.000401064
-0.00048145
-0.000431132
-0.000471735
-0.000428776
-0.000439725
-0.000373395
-0.000383848
-0.000242908
-0.000306469
-1.72325e-05
-0.000214511
0.000318775
-0.000119733
0.000774649
-3.97631e-05
0.00135674
0.00206933
-1.08783e-06
-2.62487e-06
-3.74649e-06
-7.38027e-06
-7.56363e-06
-1.1331e-05
-1.22468e-05
-1.44366e-05
-1.75892e-05
-1.68169e-05
-2.34544e-05
-1.86603e-05
-2.97639e-05
-2.01675e-05
-3.64864e-05
-2.15179e-05
-4.36268e-05
-2.28559e-05
-5.12177e-05
-2.42903e-05
-5.9313e-05
-2.59016e-05
-6.79831e-05
-2.77518e-05
-7.73134e-05
-2.98941e-05
-8.74033e-05
-3.23808e-05
-9.83682e-05
-3.52703e-05
-0.000110341
-3.86331e-05
-0.000123477
-4.25585e-05
-0.000137956
-4.7163e-05
-0.000153992
-5.26015e-05
-0.000171838
-5.90833e-05
-0.000191791
-6.68951e-05
-0.000214202
-7.64321e-05
-0.000239476
-8.82371e-05
-0.000268055
-0.000103044
-0.000300388
-0.000121805
-0.000336836
-0.000145673
-0.000377517
-0.000175867
-0.000422034
-0.000213332
-0.00046908
-0.000258105
-0.000515959
-0.000308315
-0.000558128
-0.000358895
-0.000588987
-0.000400273
-0.000600256
-0.000417506
-0.000583242
-0.00039041
-0.000531097
-0.000295052
-0.000441815
-0.000106514
-0.000321127
0.000198087
-0.000185016
0.000638538
-6.27393e-05
0.00123446
0.00200659
-1.00562e-06
-1.61926e-06
-3.47247e-06
-4.91341e-06
-7.0398e-06
-7.76364e-06
-1.1447e-05
-1.00293e-05
-1.65018e-05
-1.17622e-05
-2.20716e-05
-1.30905e-05
-2.80773e-05
-1.41618e-05
-3.44849e-05
-1.51103e-05
-4.12966e-05
-1.60442e-05
-4.85428e-05
-1.70441e-05
-5.62754e-05
-1.8169e-05
-6.45637e-05
-1.94635e-05
-7.34924e-05
-2.09654e-05
-8.31613e-05
-2.27119e-05
-9.36869e-05
-2.47446e-05
-0.000105206
-2.71141e-05
-0.000117879
-2.9885e-05
-0.0001319
-3.31426e-05
-0.0001475
-3.70015e-05
-0.000164964
-4.1619e-05
-0.000184644
-4.72148e-05
-0.000206978
-5.40983e-05
-0.000232508
-6.27071e-05
-0.000261899
-7.36529e-05
-0.000295938
-8.77663e-05
-0.000335495
-0.000106117
-0.000381404
-0.000129958
-0.000434206
-0.00016053
-0.000493696
-0.000198615
-0.000558234
-0.000243777
-0.000623868
-0.000293261
-0.000683486
-0.000340655
-0.00072641
-0.000374582
-0.000739019
-0.000377801
-0.000706978
-0.000327094
-0.000619432
-0.000194061
-0.000475005
5.36613e-05
-0.000288851
0.000452384
-0.000103111
0.00104872
0.00190348
-8.45591e-07
-7.73667e-07
-2.96587e-06
-2.79313e-06
-6.08744e-06
-4.64207e-06
-9.99489e-06
-6.12188e-06
-1.45145e-05
-7.24254e-06
-1.95191e-05
-8.08598e-06
-2.49287e-05
-8.75219e-06
-3.07061e-05
-9.33283e-06
-3.68498e-05
-9.90053e-06
-4.33855e-05
-1.05084e-05
-5.03603e-05
-1.11942e-05
-5.78376e-05
-1.19861e-05
-6.58959e-05
-1.29071e-05
-7.46279e-05
-1.398e-05
-8.41425e-05
-1.52301e-05
-9.45679e-05
-1.66886e-05
-0.000106057
-1.83956e-05
-0.000118796
-2.04043e-05
-0.00013301
-2.2787e-05
-0.000148985
-2.5644e-05
-0.000167082
-2.91176e-05
-0.000187768
-3.34126e-05
-0.00021165
-3.88255e-05
-0.000239519
-4.57838e-05
-0.000272394
-5.48912e-05
-0.000311544
-6.6966e-05
-0.000358455
-8.30469e-05
-0.000414667
-0.000104319
-0.000481388
-0.000131894
-0.000558783
-0.000166382
-0.000644863
-0.000207182
-0.000734035
-0.000251483
-0.000815652
-0.000292965
-0.000873172
-0.000320281
-0.000884907
-0.000315359
-0.000827518
-0.00025145
-0.00068363
-9.02267e-05
-0.000453803
0.000222557
-0.000180933
0.000775849
0.00172255
-5.92088e-07
-1.81579e-07
-2.19679e-06
-1.18844e-06
-4.65877e-06
-2.18009e-06
-7.81337e-06
-2.96728e-06
-1.15075e-05
-3.54843e-06
-1.56216e-05
-3.97184e-06
-2.00779e-05
-4.29587e-06
-2.48383e-05
-4.57249e-06
-2.98974e-05
-4.84138e-06
-3.52754e-05
-5.13044e-06
-4.10109e-05
-5.45873e-06
-4.71572e-05
-5.83983e-06
-5.37796e-05
-6.28469e-06
-6.09556e-05
-6.80391e-06
-6.87763e-05
-7.40941e-06
-7.7349e-05
-8.11593e-06
-8.68021e-05
-8.94254e-06
-9.72917e-05
-9.9147e-06
-0.000109012
-1.10672e-05
-0.000122207
-1.24487e-05
-0.000137195
-1.41293e-05
-0.000154396
-1.62113e-05
-0.000174375
-1.88465e-05
-0.000197899
-2.22602e-05
-0.000226009
-2.67816e-05
-0.000260097
-3.28774e-05
-0.000301966
-4.11784e-05
-0.000353805
-5.24797e-05
-0.00041801
-6.76887e-05
-0.000496701
-8.76906e-05
-0.000590784
-0.000113099
-0.000698431
-0.000143835
-0.000812956
-0.00017844
-0.000920354
-0.000212883
-0.000997249
-0.000238464
-0.00101065
-0.00023805
-0.000921082
-0.000179795
-0.000695912
-2.61301e-06
-0.000338397
0.000418334
0.00138415
-2.52093e-07
7.05134e-08
-1.19366e-06
-2.46878e-07
-2.79437e-06
-5.79374e-07
-4.92914e-06
-8.325e-07
-7.46929e-06
-1.00828e-06
-1.03128e-05
-1.12835e-06
-1.33934e-05
-1.21524e-06
-1.66787e-05
-1.28725e-06
-2.01627e-05
-1.35731e-06
-2.38593e-05
-1.43385e-06
-2.77958e-05
-1.52222e-06
-3.20097e-05
-1.62597e-06
-3.65465e-05
-1.74787e-06
-4.14598e-05
-1.89055e-06
-4.68122e-05
-2.05704e-06
-5.2677e-05
-2.25112e-06
-5.91418e-05
-2.47777e-06
-6.63129e-05
-2.74358e-06
-7.43225e-05
-3.05761e-06
-8.33386e-05
-3.43257e-06
-9.3581e-05
-3.88692e-06
-0.000105344
-4.44817e-06
-0.000119032
-5.15821e-06
-0.000135211
-6.08114e-06
-0.000154679
-7.31437e-06
-0.000178554
-9.00244e-06
-0.00020838
-1.13522e-05
-0.000246213
-1.46463e-05
-0.00029465
-1.92514e-05
-0.000356719
-2.56221e-05
-0.000435512
-3.43059e-05
-0.000533396
-4.59515e-05
-0.000650541
-6.12942e-05
-0.000782439
-8.09852e-05
-0.000916098
-0.000104805
-0.00102492
-0.00012923
-0.00106114
-0.000143575
-0.000951135
-0.000112615
-0.000616034
8.32328e-05
0.000768117
7.05103e-08
-1.76366e-07
-7.55738e-07
-1.58824e-06
-2.59652e-06
-3.72487e-06
-4.94011e-06
-6.22736e-06
-7.58467e-06
-9.01852e-06
-1.05407e-05
-1.21667e-05
-1.39146e-05
-1.58051e-05
-1.78621e-05
-2.01133e-05
-2.2591e-05
-2.53346e-05
-2.83922e-05
-3.18248e-05
-3.57117e-05
-4.01599e-05
-4.53181e-05
-5.13993e-05
-5.87136e-05
-6.77161e-05
-7.90683e-05
-9.37147e-05
-0.000112966
-0.000138588
-0.000172894
-0.000218846
-0.00028014
-0.000361125
-0.00046593
-0.00059516
-0.000738735
-0.00085135
-0.000768117
)
;

boundaryField
{
    frontAndBack
    {
        type            empty;
        value           nonuniform List<scalar> 0();
    }
    fixedWalls
    {
        type            calculated;
        value           uniform 0;
    }
    movingWall
    {
        type            calculated;
        value           uniform 0;
    }
}


// ************************************************************************* //
