/*--------------------------------*- C++ -*----------------------------------*\
  =========                 |
  \\      /  F ield         | OpenFOAM: The Open Source CFD Toolbox
   \\    /   O peration     | Website:  https://openfoam.org
    \\  /    A nd           | Version:  10
     \\/     M anipulation  |
\*---------------------------------------------------------------------------*/
FoamFile
{
    format      ascii;
    class       volVectorField;
    location    "0.5";
    object      U;
}
// * * * * * * * * * * * * * * * * * * * * * * * * * * * * * * * * * * * * * //

dimensions      [0 1 -1 0 0 0 0];

internalField   nonuniform List<vector> 
1600
(
(2.96784e-05 -2.97991e-05 0)
(-1.15552e-05 -1.2215e-05 0)
(-6.13651e-05 0.000147758 0)
(-9.87224e-05 0.000423014 0)
(-0.000123463 0.000782498 0)
(-0.000139186 0.0012008 0)
(-0.000149518 0.00165985 0)
(-0.000157284 0.00214922 0)
(-0.000164386 0.0026645 0)
(-0.000171991 0.00320539 0)
(-0.000180772 0.00377423 0)
(-0.000191114 0.00437495 0)
(-0.000203255 0.00501257 0)
(-0.000217385 0.00569284 0)
(-0.000233698 0.00642219 0)
(-0.000252434 0.00720781 0)
(-0.000273903 0.00805776 0)
(-0.000298506 0.00898125 0)
(-0.000326776 0.00998892 0)
(-0.000359413 0.0110933 0)
(-0.000397359 0.0123094 0)
(-0.000441888 0.0136555 0)
(-0.000494768 0.0151543 0)
(-0.000558494 0.0168347 0)
(-0.000636671 0.018734 0)
(-0.00073461 0.0209013 0)
(-0.000860303 0.0234029 0)
(-0.001026 0.02633 0)
(-0.00125087 0.0298098 0)
(-0.00156575 0.0340229 0)
(-0.00202213 0.0392308 0)
(-0.00271019 0.0458205 0)
(-0.00379615 0.0543848 0)
(-0.00559791 0.0658745 0)
(-0.00871816 0.0818716 0)
(-0.014169 0.105061 0)
(-0.0230232 0.140316 0)
(-0.0333135 0.196322 0)
(-0.016057 0.262287 0)
(0.27006 0.149278 0)
(1.19075e-05 1.18719e-05 0)
(-0.000201411 0.000201606 0)
(-0.000430114 0.000689756 0)
(-0.00061298 0.00141392 0)
(-0.000746164 0.00232053 0)
(-0.000840397 0.00336534 0)
(-0.000909137 0.0045139 0)
(-0.000964364 0.00574445 0)
(-0.00101513 0.00704679 0)
(-0.00106765 0.00841944 0)
(-0.00112595 0.00986705 0)
(-0.00119264 0.0113984 0)
(-0.00126951 0.013025 0)
(-0.00135798 0.0147608 0)
(-0.00145948 0.0166215 0)
(-0.00157559 0.0186246 0)
(-0.00170827 0.0207903 0)
(-0.00186002 0.0231412 0)
(-0.00203405 0.0257038 0)
(-0.00223453 0.0285089 0)
(-0.002467 0.0315935 0)
(-0.00273884 0.035002 0)
(-0.00306006 0.0387895 0)
(-0.00344444 0.0430247 0)
(-0.00391114 0.047795 0)
(-0.00448719 0.0532132 0)
(-0.00521102 0.0594268 0)
(-0.00613757 0.0666302 0)
(-0.00734584 0.0750809 0)
(-0.00895013 0.0851193 0)
(-0.0111181 0.0971914 0)
(-0.0141016 0.11187 0)
(-0.0182905 0.129865 0)
(-0.0243027 0.151994 0)
(-0.0330834 0.179022 0)
(-0.0457373 0.211075 0)
(-0.0618147 0.245551 0)
(-0.0714483 0.2714 0)
(-0.0195942 0.257563 0)
(0.34834 0.124471 0)
(-0.000149014 6.1909e-05 0)
(-0.000688994 0.000427211 0)
(-0.00121667 0.00120728 0)
(-0.00164769 0.00229218 0)
(-0.00197489 0.00361256 0)
(-0.00221749 0.00511764 0)
(-0.00240241 0.00676691 0)
(-0.00255534 0.00853406 0)
(-0.00269692 0.0104066 0)
(-0.00284212 0.0123829 0)
(-0.00300121 0.0144691 0)
(-0.00318114 0.0166771 0)
(-0.00338686 0.0190229 0)
(-0.00362241 0.0215253 0)
(-0.00389165 0.024206 0)
(-0.00419886 0.0270894 0)
(-0.00454915 0.0302033 0)
(-0.00494894 0.033579 0)
(-0.00540638 0.0372524 0)
(-0.005932 0.0412657 0)
(-0.00653958 0.0456681 0)
(-0.00724727 0.050519 0)
(-0.00807932 0.0558902 0)
(-0.0090684 0.0618696 0)
(-0.0102589 0.0685669 0)
(-0.0117114 0.0761193 0)
(-0.0135085 0.0846996 0)
(-0.0157622 0.0945249 0)
(-0.0186221 0.105864 0)
(-0.0222843 0.119043 0)
(-0.0269985 0.13443 0)
(-0.0330682 0.1524 0)
(-0.0408337 0.17322 0)
(-0.0505889 0.1968 0)
(-0.0622696 0.222166 0)
(-0.0743066 0.246364 0)
(-0.0795888 0.26178 0)
(-0.0528164 0.250438 0)
(0.0818734 0.187446 0)
(0.506128 0.0774873 0)
(-0.000421628 9.77626e-05 0)
(-0.00140211 0.000597812 0)
(-0.00229478 0.0016041 0)
(-0.00302089 0.00295863 0)
(-0.00357986 0.00457628 0)
(-0.00400349 0.0064026 0)
(-0.00433418 0.00839513 0)
(-0.00461278 0.0105266 0)
(-0.00487281 0.0127844 0)
(-0.00513926 0.0151676 0)
(-0.00542972 0.0176838 0)
(-0.00575638 0.0203469 0)
(-0.00612814 0.0231751 0)
(-0.00655226 0.0261903 0)
(-0.00703564 0.0294176 0)
(-0.00758578 0.0328848 0)
(-0.00821157 0.0366236 0)
(-0.00892395 0.0406694 0)
(-0.0097367 0.0450626 0)
(-0.0106675 0.0498496 0)
(-0.011739 0.0550844 0)
(-0.0129809 0.0608303 0)
(-0.0144321 0.0671627 0)
(-0.0161441 0.0741715 0)
(-0.0181852 0.0819653 0)
(-0.0206455 0.090675 0)
(-0.0236433 0.100457 0)
(-0.0273299 0.111496 0)
(-0.0318925 0.124 0)
(-0.0375474 0.138181 0)
(-0.0445156 0.154217 0)
(-0.0529598 0.172155 0)
(-0.0628435 0.191723 0)
(-0.0736129 0.211978 0)
(-0.0834431 0.230689 0)
(-0.0873397 0.243344 0)
(-0.0722815 0.241323 0)
(-0.00573866 0.209258 0)
(0.184421 0.134919 0)
(0.61845 0.0479902 0)
(-0.000769647 0.000118987 0)
(-0.00227355 0.000707284 0)
(-0.00357435 0.00186692 0)
(-0.00461972 0.00340203 0)
(-0.0054269 0.00521369 0)
(-0.00604556 0.00724422 0)
(-0.00653579 0.00945043 0)
(-0.00695437 0.0118054 0)
(-0.00734805 0.0142974 0)
(-0.00775202 0.0169266 0)
(-0.00819139 0.0197016 0)
(-0.00868387 0.0226373 0)
(-0.00924246 0.0257532 0)
(-0.00987781 0.0290724 0)
(-0.0106 0.032621 0)
(-0.0114198 0.0364282 0)
(-0.0123498 0.0405264 0)
(-0.0134053 0.0449517 0)
(-0.0146054 0.0497446 0)
(-0.0159743 0.054951 0)
(-0.0175426 0.0606231 0)
(-0.0193499 0.0668208 0)
(-0.0214473 0.0736132 0)
(-0.0239006 0.0810804 0)
(-0.0267953 0.089315 0)
(-0.0302405 0.0984227 0)
(-0.0343725 0.108522 0)
(-0.0393553 0.119737 0)
(-0.0453704 0.132185 0)
(-0.0525877 0.145944 0)
(-0.0610983 0.160987 0)
(-0.0707756 0.177062 0)
(-0.0810078 0.193481 0)
(-0.0901781 0.20876 0)
(-0.0946299 0.220084 0)
(-0.0865308 0.222647 0)
(-0.0494821 0.208855 0)
(0.0496262 0.16814 0)
(0.270328 0.097413 0)
(0.688709 0.0301595 0)
(-0.00116111 0.000129104 0)
(-0.00324314 0.000765372 0)
(-0.00498103 0.0020121 0)
(-0.00635948 0.00364915 0)
(-0.00742178 0.00556758 0)
(-0.00824026 0.00770687 0)
(-0.00889489 0.0100234 0)
(-0.00945923 0.012491 0)
(-0.00999337 0.0150989 0)
(-0.0105426 0.0178482 0)
(-0.0111395 0.020748 0)
(-0.011807 0.0238139 0)
(-0.0125621 0.0270654 0)
(-0.0134188 0.0305257 0)
(-0.01439 0.0342204 0)
(-0.0154896 0.0381781 0)
(-0.0167333 0.04243 0)
(-0.0181403 0.0470105 0)
(-0.0197339 0.0519574 0)
(-0.0215435 0.0573124 0)
(-0.0236059 0.063122 0)
(-0.0259676 0.0694377 0)
(-0.0286878 0.0763169 0)
(-0.0318414 0.0838231 0)
(-0.0355223 0.0920254 0)
(-0.0398465 0.100997 0)
(-0.0449517 0.110809 0)
(-0.0509889 0.121523 0)
(-0.0580992 0.133167 0)
(-0.066358 0.145694 0)
(-0.0756634 0.158914 0)
(-0.0855268 0.172362 0)
(-0.0946996 0.185099 0)
(-0.100522 0.195402 0)
(-0.0977817 0.200371 0)
(-0.0767173 0.195621 0)
(-0.0196217 0.175247 0)
(0.104047 0.132879 0)
(0.340537 0.0705281 0)
(0.735677 0.0190831 0)
(-0.00157131 0.000131757 0)
(-0.00425962 0.000785219 0)
(-0.00644949 0.00206542 0)
(-0.00816628 0.00374049 0)
(-0.00948407 0.00569577 0)
(-0.0105012 0.00786885 0)
(-0.0113192 0.010216 0)
(-0.0120291 0.0127117 0)
(-0.0127044 0.015346 0)
(-0.0134002 0.0181205 0)
(-0.0141561 0.0210448 0)
(-0.0150002 0.0241342 0)
(-0.015953 0.0274078 0)
(-0.0170315 0.0308877 0)
(-0.018251 0.0345984 0)
(-0.0196279 0.0385666 0)
(-0.0211806 0.0428212 0)
(-0.0229309 0.047393 0)
(-0.0249053 0.0523153 0)
(-0.0271366 0.0576241 0)
(-0.0296654 0.0633578 0)
(-0.0325422 0.0695572 0)
(-0.0358298 0.0762655 0)
(-0.039606 0.0835273 0)
(-0.0439657 0.0913865 0)
(-0.0490212 0.0998827 0)
(-0.0548967 0.109044 0)
(-0.0617124 0.118873 0)
(-0.0695454 0.129324 0)
(-0.078349 0.140257 0)
(-0.0878 0.151369 0)
(-0.0970311 0.16207 0)
(-0.104182 0.171311 0)
(-0.105686 0.177342 0)
(-0.0951549 0.177476 0)
(-0.0617186 0.168046 0)
(0.0122811 0.144834 0)
(0.153638 0.104527 0)
(0.397174 0.0515514 0)
(0.768704 0.0122434 0)
(-0.00198317 0.000129788 0)
(-0.00528413 0.000778675 0)
(-0.00792824 0.00205211 0)
(-0.00998126 0.00371623 0)
(-0.0115501 0.00565468 0)
(-0.0127608 0.00780449 0)
(-0.0137375 0.0101223 0)
(-0.014589 0.0125831 0)
(-0.015402 0.0151778 0)
(-0.0162413 0.0179082 0)
(-0.0171529 0.0207837 0)
(-0.0181696 0.0238192 0)
(-0.0193153 0.0270327 0)
(-0.0206092 0.0304451 0)
(-0.0220687 0.0340789 0)
(-0.0237121 0.0379583 0)
(-0.0255593 0.0421089 0)
(-0.0276341 0.0465576 0)
(-0.0299647 0.0513325 0)
(-0.0325856 0.0564627 0)
(-0.0355386 0.0619778 0)
(-0.0388751 0.0679076 0)
(-0.0426578 0.074281 0)
(-0.0469624 0.081124 0)
(-0.0518782 0.0884572 0)
(-0.0575052 0.0962905 0)
(-0.0639447 0.104615 0)
(-0.0712742 0.113388 0)
(-0.0794939 0.122507 0)
(-0.0884235 0.131772 0)
(-0.0975151 0.140811 0)
(-0.10554 0.148981 0)
(-0.110097 0.155221 0)
(-0.106886 0.157885 0)
(-0.0887104 0.154632 0)
(-0.0442218 0.142572 0)
(0.0434089 0.118903 0)
(0.197044 0.08235 0)
(0.442389 0.0382151 0)
(0.792371 0.00804382 0)
(-0.00238557 0.000125075 0)
(-0.00628919 0.000754595 0)
(-0.00937941 0.00199235 0)
(-0.0117605 0.00360934 0)
(-0.0135723 0.00549083 0)
(-0.0149689 0.0075747 0)
(-0.0160975 0.00981851 0)
(-0.0170843 0.0121982 0)
(-0.0180292 0.014705 0)
(-0.0190059 0.0173409 0)
(-0.0200668 0.0201151 0)
(-0.0212489 0.0230413 0)
(-0.0225786 0.0261366 0)
(-0.0240773 0.0294201 0)
(-0.0257639 0.032912 0)
(-0.0276576 0.036634 0)
(-0.0297796 0.0406081 0)
(-0.0321542 0.044857 0)
(-0.03481 0.0494033 0)
(-0.0377816 0.0542694 0)
(-0.0411101 0.0594767 0)
(-0.0448452 0.0650444 0)
(-0.0490461 0.0709882 0)
(-0.0537824 0.077318 0)
(-0.0591329 0.0840346 0)
(-0.0651802 0.0911238 0)
(-0.0719963 0.0985478 0)
(-0.0796098 0.106231 0)
(-0.0879395 0.114035 0)
(-0.0966713 0.12172 0)
(-0.105044 0.128887 0)
(-0.111503 0.134886 0)
(-0.113193 0.138705 0)
(-0.105255 0.138872 0)
(-0.0799921 0.133428 0)
(-0.0260108 0.120192 0)
(0.072315 0.0974445 0)
(0.234207 0.0651839 0)
(0.47838 0.0287676 0)
(0.809621 0.00544009 0)
(-0.00277137 0.000118718 0)
(-0.00725574 0.000718853 0)
(-0.0107758 0.00190038 0)
(-0.0134718 0.00344378 0)
(-0.0155155 0.00523851 0)
(-0.0170886 0.00722457 0)
(-0.0183606 0.00936115 0)
(-0.0194751 0.0116253 0)
(-0.0205444 0.0140088 0)
(-0.0216509 0.0165135 0)
(-0.0228529 0.0191481 0)
(-0.0241908 0.0219255 0)
(-0.0256936 0.0248612 0)
(-0.0273841 0.0279726 0)
(-0.0292822 0.0312778 0)
(-0.0314077 0.0347955 0)
(-0.0337818 0.0385445 0)
(-0.0364288 0.0425434 0)
(-0.0393767 0.0468097 0)
(-0.0426585 0.0513599 0)
(-0.0463131 0.0562076 0)
(-0.0503862 0.061363 0)
(-0.0549312 0.0668309 0)
(-0.0600088 0.0726079 0)
(-0.0656842 0.078679 0)
(-0.0720192 0.085012 0)
(-0.0790537 0.0915487 0)
(-0.0867652 0.0981913 0)
(-0.0949919 0.10478 0)
(-0.103293 0.111059 0)
(-0.110712 0.116623 0)
(-0.115414 0.120847 0)
(-0.114174 0.122807 0)
(-0.101732 0.121223 0)
(-0.0701254 0.114507 0)
(-0.00818765 0.101068 0)
(0.0983856 0.0799659 0)
(0.265661 0.0519404 0)
(0.50711 0.0219974 0)
(0.822466 0.00379626 0)
(-0.00313583 0.000111294 0)
(-0.00817041 0.000675013 0)
(-0.0120976 0.0017854 0)
(-0.0150911 0.00323558 0)
(-0.0173532 0.00492109 0)
(-0.0190917 0.00678508 0)
(-0.0204978 0.00878909 0)
(-0.0217315 0.0109116 0)
(-0.0229169 0.0131449 0)
(-0.0241448 0.0154909 0)
(-0.0254784 0.0179577 0)
(-0.0269615 0.020557 0)
(-0.0286253 0.0233033 0)
(-0.0304934 0.0262118 0)
(-0.0325863 0.0292986 0)
(-0.0349239 0.03258 0)
(-0.037527 0.0360716 0)
(-0.0404189 0.0397883 0)
(-0.043626 0.0437435 0)
(-0.0471789 0.047948 0)
(-0.0511128 0.0524096 0)
(-0.0554681 0.057131 0)
(-0.0602907 0.0621082 0)
(-0.0656304 0.0673279 0)
(-0.0715372 0.0727637 0)
(-0.0780507 0.0783707 0)
(-0.0851774 0.0840776 0)
(-0.0928451 0.0897738 0)
(-0.100815 0.0952899 0)
(-0.10853 0.100367 0)
(-0.114861 0.104612 0)
(-0.117738 0.107445 0)
(-0.113646 0.10804 0)
(-0.0970508 0.105311 0)
(-0.0598924 0.0979969 0)
(0.00861462 0.0849746 0)
(0.121481 0.0658403 0)
(0.292137 0.0417175 0)
(0.530171 0.0170884 0)
(0.832241 0.00273709 0)
(-0.00347554 0.000103074 0)
(-0.00902338 0.000625091 0)
(-0.0133302 0.00165302 0)
(-0.0166005 0.00299487 0)
(-0.019065 0.00455361 0)
(-0.0209567 0.00627651 0)
(-0.0224866 0.00812797 0)
(-0.0238304 0.0100882 0)
(-0.0251233 0.0121503 0)
(-0.0264632 0.0143162 0)
(-0.0279186 0.0165933 0)
(-0.0295359 0.0189925 0)
(-0.0313479 0.0215266 0)
(-0.033379 0.0242095 0)
(-0.03565 0.0270553 0)
(-0.0381801 0.0300779 0)
(-0.0409896 0.0332904 0)
(-0.0441002 0.0367046 0)
(-0.0475359 0.0403303 0)
(-0.0513242 0.0441743 0)
(-0.0554957 0.0482394 0)
(-0.0600845 0.052523 0)
(-0.0651279 0.0570146 0)
(-0.0706642 0.0616942 0)
(-0.0767272 0.0665276 0)
(-0.0833339 0.0714625 0)
(-0.0904587 0.0764202 0)
(-0.0979815 0.0812848 0)
(-0.105593 0.0858853 0)
(-0.11263 0.0899697 0)
(-0.117818 0.0931685 0)
(-0.118888 0.094953 0)
(-0.112106 0.0946006 0)
(-0.0917639 0.0912019 0)
(-0.0498172 0.0837708 0)
(0.0240673 0.0715387 0)
(0.141708 0.0544533 0)
(0.314381 0.0337974 0)
(0.548814 0.0134837 0)
(0.839829 0.00203914 0)
(-0.00378783 9.41663e-05 0)
(-0.00980696 0.000570177 0)
(-0.0144617 0.00150654 0)
(-0.0179853 0.00272786 0)
(-0.0206349 0.00414562 0)
(-0.0226661 0.00571188 0)
(-0.0243091 0.00739446 0)
(-0.0257534 0.00917564 0)
(-0.0271445 0.0110494 0)
(-0.0285872 0.0130177 0)
(-0.0301541 0.0150875 0)
(-0.0318943 0.0172688 0)
(-0.0338418 0.0195731 0)
(-0.0360216 0.0220129 0)
(-0.0384542 0.0246006 0)
(-0.0411584 0.0273482 0)
(-0.0441531 0.0302667 0)
(-0.0474582 0.0333655 0)
(-0.0510952 0.0366517 0)
(-0.0550876 0.0401293 0)
(-0.0594611 0.0437976 0)
(-0.0642431 0.0476504 0)
(-0.0694618 0.0516734 0)
(-0.0751435 0.0558422 0)
(-0.0813059 0.0601189 0)
(-0.0879443 0.0644473 0)
(-0.0950019 0.0687465 0)
(-0.102315 0.0729003 0)
(-0.109509 0.0767426 0)
(-0.115829 0.0800341 0)
(-0.119872 0.0824339 0)
(-0.119212 0.0834676 0)
(-0.109951 0.0825088 0)
(-0.0862776 0.0788035 0)
(-0.0402373 0.0715867 0)
(0.0380332 0.0603507 0)
(0.159293 0.0452608 0)
(0.333075 0.0276221 0)
(0.564004 0.0107989 0)
(0.845831 0.00156715 0)
(-0.00407034 8.461e-05 0)
(-0.0105147 0.000510877 0)
(-0.0154826 0.00134794 0)
(-0.0192337 0.00243845 0)
(-0.0220491 0.00370327 0)
(-0.0242056 0.00509981 0)
(-0.02595 0.00659973 0)
(-0.0274849 0.00818763 0)
(-0.0289649 0.00985857 0)
(-0.0305009 0.0116147 0)
(-0.0321691 0.0134625 0)
(-0.034021 0.0154112 0)
(-0.0360915 0.0174712 0)
(-0.038406 0.0196538 0)
(-0.0409847 0.0219699 0)
(-0.0438456 0.0244302 0)
(-0.0470063 0.0270439 0)
(-0.0504846 0.029819 0)
(-0.0542992 0.0327609 0)
(-0.0584697 0.0358715 0)
(-0.0630165 0.0391485 0)
(-0.0679601 0.0425838 0)
(-0.0733197 0.0461612 0)
(-0.0791099 0.0498548 0)
(-0.0853329 0.0536257 0)
(-0.0919628 0.0574174 0)
(-0.0989144 0.0611503 0)
(-0.105982 0.0647123 0)
(-0.112736 0.0679454 0)
(-0.118337 0.0706269 0)
(-0.121277 0.0724456 0)
(-0.119001 0.0729795 0)
(-0.107489 0.0716882 0)
(-0.0808833 0.0679479 0)
(-0.0313589 0.0611668 0)
(0.0504907 0.0510229 0)
(0.174504 0.0378053 0)
(0.348811 0.022764 0)
(0.576478 0.00876702 0)
(0.850658 0.00123826 0)
(-0.00432094 7.44239e-05 0)
(-0.011141 0.000447577 0)
(-0.0163846 0.00117857 0)
(-0.0203354 0.00212936 0)
(-0.0232963 0.00323091 0)
(-0.0255626 0.00444647 0)
(-0.0273965 0.00575184 0)
(-0.0290118 0.00713419 0)
(-0.0305711 0.00858982 0)
(-0.0321907 0.0101211 0)
(-0.0339501 0.0117343 0)
(-0.0359025 0.0134378 0)
(-0.0380839 0.0152412 0)
(-0.0405198 0.0171547 0)
(-0.04323 0.0191882 0)
(-0.0462319 0.0213512 0)
(-0.0495414 0.0236521 0)
(-0.0531746 0.0260979 0)
(-0.0571472 0.0286931 0)
(-0.0614749 0.031439 0)
(-0.0661731 0.034333 0)
(-0.0712556 0.0373665 0)
(-0.076733 0.0405238 0)
(-0.0826084 0.0437797 0)
(-0.0888694 0.0470965 0)
(-0.0954706 0.0504205 0)
(-0.1023 0.0536761 0)
(-0.109115 0.056758 0)
(-0.115432 0.0595188 0)
(-0.120344 0.0617534 0)
(-0.122248 0.0631795 0)
(-0.118488 0.0634225 0)
(-0.104958 0.0620157 0)
(-0.0757856 0.0584407 0)
(-0.0232979 0.0522376 0)
(0.0614852 0.0432124 0)
(0.187612 0.0317148 0)
(0.362081 0.0188997 0)
(0.5868 0.00720169 0)
(0.854597 0.00100128 0)
(-0.00453765 6.36285e-05 0)
(-0.0116807 0.000380591 0)
(-0.0171603 0.000999471 0)
(-0.0212815 0.0018027 0)
(-0.0243663 0.00273199 0)
(-0.0267265 0.00375676 0)
(-0.0286373 0.00485726 0)
(-0.0303224 0.0060234 0)
(-0.0319513 0.00725282 0)
(-0.0336448 0.00854827 0)
(-0.0354853 0.00991571 0)
(-0.0375274 0.011363 0)
(-0.0398078 0.012899 0)
(-0.0423524 0.014533 0)
(-0.0451806 0.0162742 0)
(-0.048309 0.0181314 0)
(-0.0517525 0.0201127 0)
(-0.055525 0.0222247 0)
(-0.0596399 0.0244721 0)
(-0.0641093 0.0268565 0)
(-0.0689437 0.0293762 0)
(-0.0741508 0.032024 0)
(-0.0797331 0.0347861 0)
(-0.0856832 0.0376401 0)
(-0.0919749 0.0405522 0)
(-0.0985445 0.0434733 0)
(-0.105255 0.0463342 0)
(-0.111831 0.0490382 0)
(-0.11774 0.0514496 0)
(-0.122013 0.0533806 0)
(-0.122968 0.0545756 0)
(-0.117866 0.0547004 0)
(-0.102539 0.0533489 0)
(-0.0711252 0.0500855 0)
(-0.0161106 0.0445481 0)
(0.0710959 0.0366271 0)
(0.198868 0.0266917 0)
(0.373291 0.0157854 0)
(0.595398 0.00597244 0)
(0.85785 0.000824293 0)
(-0.00471862 5.22537e-05 0)
(-0.0121294 0.000310228 0)
(-0.0178033 0.000811624 0)
(-0.022064 0.00146043 0)
(-0.0252503 0.00220961 0)
(-0.0276878 0.00303509 0)
(-0.0296627 0.00392177 0)
(-0.0314069 0.00486242 0)
(-0.0330955 0.00585611 0)
(-0.034853 0.00690602 0)
(-0.0367643 0.00801794 0)
(-0.0388853 0.0091992 0)
(-0.0412533 0.010458 0)
(-0.0438944 0.0118031 0)
(-0.0468279 0.0132432 0)
(-0.0500698 0.0147868 0)
(-0.0536342 0.0164421 0)
(-0.0575333 0.0182159 0)
(-0.0617784 0.0201139 0)
(-0.0663786 0.0221393 0)
(-0.0713403 0.0242921 0)
(-0.0766655 0.0265682 0)
(-0.0823494 0.0289574 0)
(-0.0883752 0.0314419 0)
(-0.0947039 0.0339934 0)
(-0.101255 0.0365699 0)
(-0.107868 0.0391102 0)
(-0.114236 0.0415272 0)
(-0.119784 0.0436978 0)
(-0.123484 0.0454502 0)
(-0.123588 0.0465516 0)
(-0.117287 0.0467012 0)
(-0.100369 0.0455404 0)
(-0.0669976 0.0426963 0)
(-0.00981634 0.0378764 0)
(0.0794157 0.0310236 0)
(0.208496 0.0225012 0)
(0.382769 0.0132384 0)
(0.602593 0.0049873 0)
(0.860561 0.000687124 0)
(-0.00486215 4.03407e-05 0)
(-0.0124829 0.000236824 0)
(-0.0183077 0.000616029 0)
(-0.0226763 0.00110446 0)
(-0.0259409 0.00166681 0)
(-0.0284385 0.00228574 0)
(-0.0304642 0.00295091 0)
(-0.0322563 0.0036581 0)
(-0.0339945 0.00440781 0)
(-0.0358062 0.0052037 0)
(-0.0377779 0.00605139 0)
(-0.0399669 0.00695779 0)
(-0.0424112 0.00793058 0)
(-0.0451369 0.00897795 0)
(-0.0481637 0.0101084 0)
(-0.0515073 0.0113306 0)
(-0.0551809 0.0126529 0)
(-0.0591962 0.0140834 0)
(-0.0635627 0.0156292 0)
(-0.068287 0.0172958 0)
(-0.0733723 0.0190865 0)
(-0.0788161 0.0210012 0)
(-0.0846071 0.023035 0)
(-0.09072 0.0251765 0)
(-0.0971043 0.0274048 0)
(-0.103664 0.0296865 0)
(-0.110217 0.0319702 0)
(-0.116425 0.0341797 0)
(-0.121673 0.0362039 0)
(-0.12488 0.0378859 0)
(-0.124237 0.0390116 0)
(-0.116877 0.0393057 0)
(-0.0985539 0.0384449 0)
(-0.0634684 0.0361011 0)
(-0.00441327 0.032029 0)
(0.0865374 0.0262006 0)
(0.216689 0.018958 0)
(0.390776 0.0111212 0)
(0.608633 0.00418081 0)
(0.862832 0.000576853 0)
(-0.00496673 2.79421e-05 0)
(-0.0127376 0.000160757 0)
(-0.0186687 0.000413754 0)
(-0.0231124 0.000736801 0)
(-0.0264315 0.00110672 0)
(-0.0289718 0.00151304 0)
(-0.0310347 0.00195031 0)
(-0.0328634 0.00241731 0)
(-0.0346406 0.00291601 0)
(-0.0364961 0.00345051 0)
(-0.0385179 0.00402629 0)
(-0.0407639 0.00464981 0)
(-0.0432729 0.00532826 0)
(-0.0460716 0.00606947 0)
(-0.0491799 0.00688183 0)
(-0.0526137 0.00777421 0)
(-0.0563863 0.00875585 0)
(-0.0605089 0.00983616 0)
(-0.0649901 0.0110244 0)
(-0.0698354 0.0123294 0)
(-0.0750453 0.0137584 0)
(-0.080614 0.0153168 0)
(-0.086525 0.0170064 0)
(-0.0927458 0.0188237 0)
(-0.0992155 0.0207573 0)
(-0.105823 0.0227841 0)
(-0.112366 0.0248641 0)
(-0.118477 0.026933 0)
(-0.1235 0.0288921 0)
(-0.126306 0.0305972 0)
(-0.125025 0.0318489 0)
(-0.116739 0.0323901 0)
(-0.0971799 0.0319209 0)
(-0.0605847 0.0301423 0)
(0.000109441 0.0268375 0)
(0.0925462 0.0219911 0)
(0.223606 0.0159148 0)
(0.397519 0.00932916 0)
(0.613704 0.00350556 0)
(0.864739 0.000484961 0)
(-0.00503105 1.51215e-05 0)
(-0.0128907 8.2447e-05 0)
(-0.0188822 0.00020596 0)
(-0.0233676 0.000359612 0)
(-0.026717 0.000532633 0)
(-0.029282 0.000721538 0)
(-0.0313682 0.000925804 0)
(-0.0332216 0.00114718 0)
(-0.0350272 0.00138905 0)
(-0.036916 0.00165591 0)
(-0.0389767 0.00195304 0)
(-0.0412683 0.00228643 0)
(-0.0438302 0.00266275 0)
(-0.0466898 0.00308946 0)
(-0.0498678 0.00357492 0)
(-0.0533805 0.0041284 0)
(-0.0572421 0.00476008 0)
(-0.061464 0.00548113 0)
(-0.0660551 0.0063035 0)
(-0.0710203 0.00723964 0)
(-0.0763593 0.00830205 0)
(-0.0820639 0.00950251 0)
(-0.0881142 0.0108509 0)
(-0.0944716 0.0123535 0)
(-0.101066 0.01401 0)
(-0.107773 0.01581 0)
(-0.11437 0.0177267 0)
(-0.120459 0.019709 0)
(-0.125347 0.021671 0)
(-0.127851 0.02348 0)
(-0.126047 0.024947 0)
(-0.116966 0.0258259 0)
(-0.0963188 0.0258291 0)
(-0.0583848 0.0246727 0)
(0.00376323 0.022153 0)
(0.0975137 0.0182537 0)
(0.229378 0.0132527 0)
(0.40316 0.00778073 0)
(0.617946 0.00292615 0)
(0.866337 0.000405547 0)
(-0.00505402 1.95275e-06 0)
(-0.0129396 2.36326e-06 0)
(-0.0189451 -6.08738e-06 0)
(-0.0234382 -2.47967e-05 0)
(-0.0267933 -5.19231e-05 0)
(-0.0293648 -8.3926e-05 0)
(-0.03146 -0.000116443 0)
(-0.0333262 -0.000144819 0)
(-0.0351489 -0.000164332 0)
(-0.0370597 -0.000170206 0)
(-0.0391479 -0.000157459 0)
(-0.041473 -0.000120686 0)
(-0.0440753 -5.38372e-05 0)
(-0.0469831 5.01219e-05 0)
(-0.050218 0.000199501 0)
(-0.053798 0.000403913 0)
(-0.0577381 0.000674571 0)
(-0.0620514 0.00102455 0)
(-0.0667477 0.00146875 0)
(-0.0718331 0.00202385 0)
(-0.0773075 0.0027081 0)
(-0.0831624 0.00354079 0)
(-0.0893759 0.00454124 0)
(-0.0959054 0.00572709 0)
(-0.102673 0.00711149 0)
(-0.109543 0.00869884 0)
(-0.11627 0.0104781 0)
(-0.122428 0.0124136 0)
(-0.127281 0.0144331 0)
(-0.129595 0.0164148 0)
(-0.127387 0.0181768 0)
(-0.117637 0.0194766 0)
(-0.0960369 0.0200288 0)
(-0.0569058 0.0195508 0)
(0.00655352 0.0178385 0)
(0.101495 0.0148648 0)
(0.234104 0.0108711 0)
(0.407822 0.00640977 0)
(0.621465 0.00241471 0)
(0.867664 0.000334141 0)
(-0.00503483 -1.14832e-05 0)
(-0.0128827 -7.89723e-05 0)
(-0.018855 -0.000221002 0)
(-0.0233217 -0.000413924 0)
(-0.0266578 -0.000643161 0)
(-0.0292172 -0.000898185 0)
(-0.031307 -0.00116984 0)
(-0.0331734 -0.00145067 0)
(-0.0350014 -0.00173478 0)
(-0.0369224 -0.00201725 0)
(-0.0390257 -0.00229357 0)
(-0.0413714 -0.00255908 0)
(-0.0440005 -0.00280848 0)
(-0.0469425 -0.00303536 0)
(-0.0502206 -0.00323171 0)
(-0.0538546 -0.00338767 0)
(-0.0578617 -0.00349107 0)
(-0.0622571 -0.00352699 0)
(-0.0670533 -0.00347755 0)
(-0.0722586 -0.0033216 0)
(-0.0778753 -0.00303464 0)
(-0.0838963 -0.00258908 0)
(-0.0903001 -0.00195492 0)
(-0.0970421 -0.0011013 0)
(-0.104039 5.76192e-07 0)
(-0.111143 0.00137292 0)
(-0.11809 0.00302359 0)
(-0.124422 0.00493536 0)
(-0.129358 0.00705215 0)
(-0.131608 0.00926329 0)
(-0.129124 0.0113915 0)
(-0.118832 0.0131919 0)
(-0.0964013 0.0143703 0)
(-0.05619 0.0146326 0)
(0.00847423 0.013761 0)
(0.104526 0.0117088 0)
(0.237856 0.00868018 0)
(0.411595 0.00515868 0)
(0.624335 0.00194732 0)
(0.868746 0.000266858 0)
(-0.00497293 -2.50902e-05 0)
(-0.0127188 -0.000160996 0)
(-0.0186108 -0.00043729 0)
(-0.0230168 -0.000805061 0)
(-0.0263089 -0.00123699 0)
(-0.0288379 -0.00171567 0)
(-0.0309073 -0.00222728 0)
(-0.032761 -0.00276176 0)
(-0.034582 -0.0033122 0)
(-0.0365004 -0.00387376 0)
(-0.0386055 -0.00444259 0)
(-0.0409576 -0.00501503 0)
(-0.0435984 -0.00558679 0)
(-0.0465591 -0.00615235 0)
(-0.0498648 -0.00670432 0)
(-0.0535376 -0.00723292 0)
(-0.0575977 -0.00772533 0)
(-0.0620636 -0.00816513 0)
(-0.0669518 -0.00853162 0)
(-0.0722746 -0.00879926 0)
(-0.0780387 -0.00893717 0)
(-0.0842409 -0.00890889 0)
(-0.0908629 -0.00867269 0)
(-0.0978608 -0.00818279 0)
(-0.105149 -0.00739213 0)
(-0.112568 -0.00625739 0)
(-0.119837 -0.00474762 0)
(-0.126464 -0.00285699 0)
(-0.13162 -0.000621346 0)
(-0.133949 0.0018619 0)
(-0.131332 0.00441916 0)
(-0.12063 0.00679794 0)
(-0.0974849 0.00868488 0)
(-0.0562911 0.00976065 0)
(0.00950259 0.00978063 0)
(0.106618 0.00866862 0)
(0.240677 0.00659135 0)
(0.414535 0.00397202 0)
(0.626601 0.00150094 0)
(0.869599 0.000199722 0)
(-0.00486808 -3.87656e-05 0)
(-0.0124478 -0.000243089 0)
(-0.0182123 -0.000653324 0)
(-0.0225236 -0.00119528 0)
(-0.025747 -0.001829 0)
(-0.0282267 -0.00253036 0)
(-0.0302607 -0.00328108 0)
(-0.0320882 -0.00406871 0)
(-0.0338891 -0.00488557 0)
(-0.0357916 -0.00572711 0)
(-0.037884 -0.00659046 0)
(-0.0402267 -0.00747321 0)
(-0.0428625 -0.00837244 0)
(-0.0458242 -0.00928393 0)
(-0.0491392 -0.0102013 0)
(-0.0528325 -0.0111155 0)
(-0.0569283 -0.0120135 0)
(-0.0614494 -0.012878 0)
(-0.0664176 -0.0136861 0)
(-0.0718513 -0.0144083 0)
(-0.0777638 -0.0150076 0)
(-0.084159 -0.0154386 0)
(-0.0910247 -0.0156472 0)
(-0.0983218 -0.0155711 0)
(-0.105965 -0.0151424 0)
(-0.113789 -0.0142927 0)
(-0.121494 -0.0129626 0)
(-0.128556 -0.0111171 0)
(-0.134089 -0.00876571 0)
(-0.136664 -0.00598707 0)
(-0.134077 -0.00294934 0)
(-0.123113 8.35623e-05 0)
(-0.0993719 0.00276893 0)
(-0.0572808 0.00474902 0)
(0.0095929 0.00573559 0)
(0.107756 0.00561221 0)
(0.242577 0.00450719 0)
(0.416666 0.00278942 0)
(0.628284 0.00105018 0)
(0.870223 0.000128081 0)
(-0.00472038 -5.23981e-05 0)
(-0.0120702 -0.000324581 0)
(-0.0176608 -0.000867344 0)
(-0.0218436 -0.00158141 0)
(-0.0249737 -0.0024144 0)
(-0.0273856 -0.0033357 0)
(-0.0293688 -0.00432286 0)
(-0.0311563 -0.00536126 0)
(-0.0329233 -0.00644275 0)
(-0.0347952 -0.00756335 0)
(-0.036859 -0.00872143 0)
(-0.0391751 -0.00991622 0)
(-0.0417871 -0.0111466 0)
(-0.0447295 -0.0124102 0)
(-0.0480323 -0.0137022 0)
(-0.0517243 -0.0150149 0)
(-0.0558338 -0.0163361 0)
(-0.0603894 -0.0176484 0)
(-0.0654196 -0.0189277 0)
(-0.070951 -0.0201417 0)
(-0.0770061 -0.0212479 0)
(-0.0835989 -0.0221927 0)
(-0.0907281 -0.0229094 0)
(-0.0983637 -0.0233184 0)
(-0.106426 -0.0233284 0)
(-0.114749 -0.0228419 0)
(-0.123016 -0.0217647 0)
(-0.130669 -0.0200242 0)
(-0.136763 -0.017594 0)
(-0.139783 -0.0145251 0)
(-0.137421 -0.010975 0)
(-0.126364 -0.00722036 0)
(-0.102158 -0.00363903 0)
(-0.0592499 -0.00063944 0)
(0.00866323 0.0014215 0)
(0.107885 0.00237433 0)
(0.243526 0.00230787 0)
(0.417973 0.00153631 0)
(0.629369 0.00056333 0)
(0.870606 4.6288e-05 0)
(-0.0045303 -6.58688e-05 0)
(-0.0115875 -0.000404749 0)
(-0.0169584 -0.00107744 0)
(-0.0209799 -0.00195999 0)
(-0.0239926 -0.00298795 0)
(-0.0263181 -0.00412452 0)
(-0.0282351 -0.00534338 0)
(-0.0299683 -0.00662808 0)
(-0.0316869 -0.00797023 0)
(-0.0335127 -0.00936675 0)
(-0.0355308 -0.0108176 0)
(-0.037801 -0.012324 0)
(-0.040368 -0.0138872 0)
(-0.0432679 -0.0155072 0)
(-0.0465336 -0.0171815 0)
(-0.0501975 -0.0189047 0)
(-0.0542933 -0.0206666 0)
(-0.058856 -0.0224509 0)
(-0.0639222 -0.0242339 0)
(-0.0695286 -0.0259819 0)
(-0.0757099 -0.0276489 0)
(-0.0824943 -0.0291742 0)
(-0.0898956 -0.0304798 0)
(-0.0978996 -0.0314686 0)
(-0.106439 -0.0320246 0)
(-0.115352 -0.0320168 0)
(-0.124315 -0.0313097 0)
(-0.132734 -0.0297825 0)
(-0.139602 -0.0273599 0)
(-0.143303 -0.0240514 0)
(-0.141405 -0.0199913 0)
(-0.13047 -0.0154625 0)
(-0.105958 -0.0108827 0)
(-0.0623271 -0.00673358 0)
(0.00659676 -0.00344679 0)
(0.106903 -0.00126527 0)
(0.243438 -0.000166663 0)
(0.418384 0.000112205 0)
(0.62981 -2.6895e-06 0)
(0.870719 -5.20443e-05 0)
(-0.00429869 -7.90526e-05 0)
(-0.0110021 -0.00048281 0)
(-0.0161092 -0.00128151 0)
(-0.0199373 -0.0023272 0)
(-0.0228091 -0.00354382 0)
(-0.02503 -0.0048888 0)
(-0.0268653 -0.0063323 0)
(-0.0285295 -0.00785636 0)
(-0.0301845 -0.00945267 0)
(-0.0319477 -0.0111193 0)
(-0.0339015 -0.0128583 0)
(-0.0361051 -0.0146732 0)
(-0.0386035 -0.016568 0)
(-0.0414345 -0.0185458 0)
(-0.0446339 -0.0206076 0)
(-0.0482381 -0.022751 0)
(-0.0522861 -0.0249692 0)
(-0.0568202 -0.0272491 0)
(-0.0618863 -0.0295689 0)
(-0.0675331 -0.0318961 0)
(-0.0738102 -0.0341839 0)
(-0.0807638 -0.0363674 0)
(-0.088429 -0.0383594 0)
(-0.0968142 -0.0400472 0)
(-0.105874 -0.0412899 0)
(-0.115461 -0.0419209 0)
(-0.125251 -0.0417561 0)
(-0.134625 -0.0406156 0)
(-0.142509 -0.0383581 0)
(-0.147174 -0.0349307 0)
(-0.146038 -0.0304233 0)
(-0.1355 -0.0251091 0)
(-0.1109 -0.0194411 0)
(-0.0666784 -0.0139818 0)
(0.00322179 -0.00926592 0)
(0.104643 -0.00563851 0)
(0.242164 -0.00315521 0)
(0.41777 -0.00161208 0)
(0.629495 -0.000702723 0)
(0.870497 -0.000186326 0)
(-0.00402682 -9.18157e-05 0)
(-0.0103177 -0.000557882 0)
(-0.0151184 -0.00147715 0)
(-0.0187226 -0.00267863 0)
(-0.021431 -0.0040753 0)
(-0.0235295 -0.00561928 0)
(-0.0252677 -0.00727765 0)
(-0.026848 -0.00903125 0)
(-0.0284239 -0.0108722 0)
(-0.030107 -0.0128 0)
(-0.0319768 -0.0148189 0)
(-0.0340911 -0.0169354 0)
(-0.036495 -0.0191567 0)
(-0.0392278 -0.0214899 0)
(-0.0423276 -0.0239398 0)
(-0.0458348 -0.026509 0)
(-0.0497938 -0.0291952 0)
(-0.0542544 -0.0319905 0)
(-0.0592726 -0.0348779 0)
(-0.0649103 -0.0378292 0)
(-0.0712346 -0.0408002 0)
(-0.0783138 -0.0437262 0)
(-0.0862098 -0.0465157 0)
(-0.0949624 -0.0490443 0)
(-0.104559 -0.0511495 0)
(-0.114881 -0.0526287 0)
(-0.125618 -0.0532455 0)
(-0.136137 -0.052749 0)
(-0.145301 -0.0509126 0)
(-0.151264 -0.047593 0)
(-0.151262 -0.0428025 0)
(-0.141488 -0.0367715 0)
(-0.117109 -0.029967 0)
(-0.0725028 -0.0230291 0)
(-0.0017159 -0.0166186 0)
(0.10084 -0.0112201 0)
(0.239446 -0.00700542 0)
(0.415893 -0.00386276 0)
(0.628215 -0.00163918 0)
(0.869833 -0.000374963 0)
(-0.00371645 -0.000104007 0)
(-0.00953909 -0.00062892 0)
(-0.0139935 -0.00166146 0)
(-0.0173451 -0.00300896 0)
(-0.0198685 -0.00457425 0)
(-0.0218276 -0.00630476 0)
(-0.0234537 -0.00816492 0)
(-0.0249352 -0.0101348 0)
(-0.0264159 -0.012207 0)
(-0.028001 -0.014383 0)
(-0.0297662 -0.0166693 0)
(-0.0317672 -0.0190756 0)
(-0.0340488 -0.0216132 0)
(-0.0366511 -0.0242932 0)
(-0.0396142 -0.0271259 0)
(-0.0429819 -0.0301194 0)
(-0.0468034 -0.0332781 0)
(-0.0511358 -0.0366012 0)
(-0.0560451 -0.0400798 0)
(-0.0616074 -0.0436937 0)
(-0.0679087 -0.0474065 0)
(-0.0750426 -0.0511596 0)
(-0.0831037 -0.054864 0)
(-0.0921717 -0.0583916 0)
(-0.10228 -0.0615654 0)
(-0.113356 -0.0641524 0)
(-0.125124 -0.0658642 0)
(-0.136958 -0.0663716 0)
(-0.147676 -0.065343 0)
(-0.155312 -0.0625108 0)
(-0.156901 -0.0577613 0)
(-0.148382 -0.051227 0)
(-0.124678 -0.0433376 0)
(-0.0800339 -0.0347821 0)
(-0.00855659 -0.0263554 0)
(0.0950892 -0.0187264 0)
(0.234863 -0.0122483 0)
(0.412354 -0.00696643 0)
(0.625655 -0.00295385 0)
(0.868565 -0.00064757 0)
(-0.00336991 -0.000115435 0)
(-0.00867271 -0.000694562 0)
(-0.0127442 -0.00183068 0)
(-0.0158166 -0.00331128 0)
(-0.0181354 -0.00503018 0)
(-0.0199388 -0.00693084 0)
(-0.0214382 -0.00897558 0)
(-0.0228063 -0.0111439 0)
(-0.024176 -0.0134295 0)
(-0.025645 -0.0158353 0)
(-0.0272843 -0.0183708 0)
(-0.0291473 -0.021049 0)
(-0.0312775 -0.0238852 0)
(-0.033715 -0.0268957 0)
(-0.0365012 -0.0300964 0)
(-0.0396821 -0.0335025 0)
(-0.0433111 -0.0371266 0)
(-0.0474513 -0.0409774 0)
(-0.0521779 -0.0450572 0)
(-0.0575805 -0.0493583 0)
(-0.0637643 -0.0538577 0)
(-0.0708502 -0.0585109 0)
(-0.0789696 -0.0632412 0)
(-0.0882504 -0.0679287 0)
(-0.0987851 -0.072395 0)
(-0.110568 -0.07639 0)
(-0.123386 -0.0795827 0)
(-0.136651 -0.081567 0)
(-0.149168 -0.0818927 0)
(-0.158871 -0.0801322 0)
(-0.162593 -0.0759848 0)
(-0.155971 -0.0693999 0)
(-0.133605 -0.0606757 0)
(-0.0895017 -0.0504721 0)
(-0.0177385 -0.0396886 0)
(0.0868083 -0.0292169 0)
(0.227769 -0.0196862 0)
(0.406525 -0.0114193 0)
(0.621301 -0.00486215 0)
(0.86643 -0.0010501 0)
(-0.00299034 -0.000125816 0)
(-0.00772724 -0.000752867 0)
(-0.0113833 -0.00197951 0)
(-0.0141531 -0.00357602 0)
(-0.0162492 -0.00542875 0)
(-0.0178823 -0.00747807 0)
(-0.0192411 -0.00968476 0)
(-0.0204818 -0.0120281 0)
(-0.021725 -0.0145026 0)
(-0.0230601 -0.0171133 0)
(-0.0245528 -0.0198721 0)
(-0.0262531 -0.0227955 0)
(-0.0282024 -0.0259032 0)
(-0.0304401 -0.0292165 0)
(-0.0330075 -0.0327579 0)
(-0.0359516 -0.0365502 0)
(-0.039328 -0.0406158 0)
(-0.0432043 -0.0449749 0)
(-0.0476628 -0.0496437 0)
(-0.0528044 -0.0546316 0)
(-0.0587522 -0.0599356 0)
(-0.0656532 -0.0655339 0)
(-0.0736773 -0.0713746 0)
(-0.083006 -0.0773618 0)
(-0.0938029 -0.0833363 0)
(-0.106149 -0.0890537 0)
(-0.119928 -0.0941642 0)
(-0.134632 -0.0982019 0)
(-0.149108 -0.1006 0)
(-0.161239 -0.100744 0)
(-0.167683 -0.0980798 0)
(-0.163763 -0.0922595 0)
(-0.143675 -0.0832985 0)
(-0.101049 -0.0716711 0)
(-0.0297723 -0.0582737 0)
(0.0751921 -0.0442157 0)
(0.217193 -0.030517 0)
(0.397426 -0.0179791 0)
(0.614336 -0.00769506 0)
(0.863017 -0.00165244 0)
(-0.00258206 -0.000134689 0)
(-0.00671446 -0.000800898 0)
(-0.00992817 -0.00210021 0)
(-0.0123756 -0.00378951 0)
(-0.0142337 -0.00574976 0)
(-0.015683 -0.00791934 0)
(-0.0168888 -0.010258 0)
(-0.017989 -0.0127451 0)
(-0.0190913 -0.0153759 0)
(-0.0202761 -0.0181572 0)
(-0.0216026 -0.0211032 0)
(-0.0231168 -0.0242338 0)
(-0.0248571 -0.0275726 0)
(-0.0268609 -0.0311462 0)
(-0.029168 -0.0349837 0)
(-0.0318247 -0.0391159 0)
(-0.0348868 -0.0435755 0)
(-0.0384233 -0.0483956 0)
(-0.0425206 -0.0536089 0)
(-0.0472872 -0.0592453 0)
(-0.0528593 -0.0653277 0)
(-0.0594065 -0.071866 0)
(-0.067134 -0.0788466 0)
(-0.076277 -0.086217 0)
(-0.0870763 -0.0938637 0)
(-0.0997175 -0.101583 0)
(-0.114211 -0.109046 0)
(-0.130188 -0.11577 0)
(-0.146609 -0.1211 0)
(-0.161398 -0.124237 0)
(-0.17112 -0.124319 0)
(-0.170829 -0.120571 0)
(-0.154275 -0.112518 0)
(-0.114562 -0.100184 0)
(-0.0451366 -0.0842178 0)
(0.0592138 -0.0658242 0)
(0.201744 -0.0464945 0)
(0.383565 -0.0277994 0)
(0.603492 -0.0119646 0)
(0.857691 -0.0025621 0)
(-0.00215125 -0.000141275 0)
(-0.00565078 -0.000834144 0)
(-0.00840248 -0.0021814 0)
(-0.0105125 -0.00393213 0)
(-0.0121199 -0.00596474 0)
(-0.0133743 -0.00821685 0)
(-0.0144162 -0.0106478 0)
(-0.0153646 -0.0132368 0)
(-0.0163136 -0.0159799 0)
(-0.0173336 -0.018885 0)
(-0.018477 -0.0219685 0)
(-0.0197845 -0.0252528 0)
(-0.0212909 -0.0287651 0)
(-0.0230301 -0.0325369 0)
(-0.0250389 -0.036603 0)
(-0.0273609 -0.0410023 0)
(-0.0300495 -0.0457772 0)
(-0.0331719 -0.0509742 0)
(-0.0368139 -0.0566432 0)
(-0.0410859 -0.0628367 0)
(-0.0461307 -0.0696076 0)
(-0.0521318 -0.0770046 0)
(-0.0593211 -0.0850646 0)
(-0.0679795 -0.0937983 0)
(-0.0784215 -0.103168 0)
(-0.0909433 -0.113054 0)
(-0.105708 -0.123209 0)
(-0.12254 -0.133201 0)
(-0.140606 -0.142363 0)
(-0.158006 -0.149758 0)
(-0.171372 -0.154213 0)
(-0.175628 -0.154423 0)
(-0.164138 -0.149179 0)
(-0.129372 -0.137684 0)
(-0.0640272 -0.119894 0)
(0.0377429 -0.0967495 0)
(0.179544 -0.0701171 0)
(0.362736 -0.0426449 0)
(0.586812 -0.0184862 0)
(0.849464 -0.00395243 0)
(-0.00170703 -0.000144281 0)
(-0.00455931 -0.00084586 0)
(-0.00683859 -0.00220689 0)
(-0.0086018 -0.00397673 0)
(-0.00994959 -0.00603487 0)
(-0.0110004 -0.00831946 0)
(-0.0118697 -0.0107898 0)
(-0.0126577 -0.013425 0)
(-0.0134439 -0.0162213 0)
(-0.0142883 -0.0191871 0)
(-0.0152358 -0.02234 0)
(-0.0163211 -0.0257044 0)
(-0.0175741 -0.0293102 0)
(-0.0190243 -0.0331924 0)
(-0.0207041 -0.0373909 0)
(-0.0226522 -0.0419507 0)
(-0.0249167 -0.0469232 0)
(-0.0275594 -0.0523664 0)
(-0.0306603 -0.0583464 0)
(-0.0343249 -0.0649377 0)
(-0.0386931 -0.0722235 0)
(-0.0439502 -0.0802947 0)
(-0.050339 -0.0892459 0)
(-0.0581686 -0.0991662 0)
(-0.0678094 -0.110121 0)
(-0.0796565 -0.12212 0)
(-0.0940318 -0.135067 0)
(-0.11099 -0.148679 0)
(-0.130001 -0.162396 0)
(-0.149506 -0.175274 0)
(-0.166443 -0.185914 0)
(-0.175889 -0.192473 0)
(-0.171049 -0.19282 0)
(-0.143813 -0.184907 0)
(-0.0858634 -0.167348 0)
(0.00991307 -0.140078 0)
(0.148327 -0.104791 0)
(0.331809 -0.0652553 0)
(0.561273 -0.0286455 0)
(0.836757 -0.00613371 0)
(-0.00126293 -0.000141677 0)
(-0.00347242 -0.000826533 0)
(-0.00528052 -0.0021551 0)
(-0.00669437 -0.00388809 0)
(-0.00777791 -0.00591043 0)
(-0.00861978 -0.00816202 0)
(-0.00931147 -0.0106023 0)
(-0.00993401 -0.01321 0)
(-0.0105524 -0.0159806 0)
(-0.0112159 -0.0189225 0)
(-0.0119608 -0.0220537 0)
(-0.0128155 -0.0253991 0)
(-0.0138042 -0.0289901 0)
(-0.0149511 -0.0328637 0)
(-0.0162826 -0.0370626 0)
(-0.0178309 -0.0416362 0)
(-0.0196364 -0.0466416 0)
(-0.0217517 -0.0521455 0)
(-0.0242462 -0.058226 0)
(-0.027213 -0.0649755 0)
(-0.0307782 -0.0725034 0)
(-0.0351141 -0.080939 0)
(-0.0404537 -0.0904334 0)
(-0.0471066 -0.101158 0)
(-0.0554652 -0.113295 0)
(-0.0659877 -0.127019 0)
(-0.0791274 -0.142443 0)
(-0.0951724 -0.159545 0)
(-0.113956 -0.178029 0)
(-0.134427 -0.197152 0)
(-0.154125 -0.215522 0)
(-0.168696 -0.230935 0)
(-0.171665 -0.240353 0)
(-0.1547 -0.240178 0)
(-0.108476 -0.226941 0)
(-0.0240193 -0.198401 0)
(0.105957 -0.154733 0)
(0.286643 -0.0999247 0)
(0.522202 -0.0450322 0)
(0.816881 -0.00975525 0)
(-0.000838714 -0.000130544 0)
(-0.00243439 -0.000764037 0)
(-0.00378654 -0.00200028 0)
(-0.00485664 -0.00362526 0)
(-0.00567691 -0.00553399 0)
(-0.00630945 -0.00766888 0)
(-0.00682329 -0.0099895 0)
(-0.00728099 -0.0124737 0)
(-0.00773297 -0.0151158 0)
(-0.00821711 -0.0179233 0)
(-0.00876131 -0.020913 0)
(-0.00938691 -0.0241097 0)
(-0.0101121 -0.0275441 0)
(-0.0109548 -0.0312531 0)
(-0.0119351 -0.0352798 0)
(-0.0130772 -0.0396744 0)
(-0.0144121 -0.0444958 0)
(-0.0159805 -0.0498141 0)
(-0.0178368 -0.0557133 0)
(-0.0200553 -0.0622955 0)
(-0.0227389 -0.0696865 0)
(-0.0260312 -0.0780419 0)
(-0.030133 -0.0875559 0)
(-0.0353206 -0.0984687 0)
(-0.0419625 -0.111071 0)
(-0.0505197 -0.125701 0)
(-0.0615097 -0.142715 0)
(-0.0753971 -0.16242 0)
(-0.0923707 -0.184939 0)
(-0.111978 -0.209987 0)
(-0.132627 -0.236552 0)
(-0.151025 -0.262519 0)
(-0.161728 -0.284359 0)
(-0.156981 -0.297072 0)
(-0.127047 -0.294684 0)
(-0.0610325 -0.271475 0)
(0.0520591 -0.223813 0)
(0.222845 -0.15307 0)
(0.462651 -0.0729237 0)
(0.784864 -0.016395 0)
(-0.000461832 -0.000107263 0)
(-0.00150177 -0.000645453 0)
(-0.00242856 -0.00171729 0)
(-0.00316993 -0.00314893 0)
(-0.00373519 -0.00484947 0)
(-0.00416493 -0.00676411 0)
(-0.00450792 -0.00885258 0)
(-0.00480908 -0.0110918 0)
(-0.00510436 -0.0134747 0)
(-0.00542037 -0.0160069 0)
(-0.00577633 -0.0187036 0)
(-0.00618663 -0.0215871 0)
(-0.00666335 -0.0246859 0)
(-0.0072183 -0.0280342 0)
(-0.00786472 -0.0316721 0)
(-0.00861879 -0.0356466 0)
(-0.00950131 -0.0400133 0)
(-0.0105398 -0.0448391 0)
(-0.0117716 -0.0502052 0)
(-0.0132482 -0.0562124 0)
(-0.0150423 -0.0629874 0)
(-0.0172579 -0.070693 0)
(-0.0200437 -0.0795398 0)
(-0.0236121 -0.0898033 0)
(-0.028258 -0.101842 0)
(-0.0343732 -0.116111 0)
(-0.0424396 -0.13317 0)
(-0.0529769 -0.153647 0)
(-0.0664115 -0.178142 0)
(-0.0828316 -0.207022 0)
(-0.101608 -0.240059 0)
(-0.120888 -0.275911 0)
(-0.137023 -0.311489 0)
(-0.144023 -0.341386 0)
(-0.133169 -0.357741 0)
(-0.0928277 -0.350891 0)
(-0.00830082 -0.311014 0)
(0.138918 -0.231896 0)
(0.373475 -0.122989 0)
(0.730876 -0.03025 0)
(-0.000166598 -6.84254e-05 0)
(-0.00073926 -0.00046176 0)
(-0.00128644 -0.00129166 0)
(-0.0017251 -0.00243554 0)
(-0.00205385 -0.00381878 0)
(-0.00229739 -0.00538969 0)
(-0.00248657 -0.00710926 0)
(-0.0026495 -0.00895454 0)
(-0.0028081 -0.0109176 0)
(-0.00297812 -0.013002 0)
(-0.00317055 -0.0152202 0)
(-0.00339334 -0.0175908 0)
(-0.003653 -0.0201377 0)
(-0.00395583 -0.0228893 0)
(-0.00430893 -0.0258791 0)
(-0.00472102 -0.0291465 0)
(-0.0052034 -0.0327381 0)
(-0.0057711 -0.03671 0)
(-0.00644464 -0.0411311 0)
(-0.00725275 -0.0460875 0)
(-0.00823646 -0.0516895 0)
(-0.00945555 -0.0580813 0)
(-0.0109979 -0.065455 0)
(-0.0129927 -0.0740708 0)
(-0.0156262 -0.0842831 0)
(-0.0191586 -0.0965716 0)
(-0.023934 -0.111572 0)
(-0.0303714 -0.13009 0)
(-0.0389192 -0.153072 0)
(-0.0499511 -0.181489 0)
(-0.0635791 -0.21607 0)
(-0.0793563 -0.256826 0)
(-0.0958319 -0.30231 0)
(-0.109913 -0.348647 0)
(-0.115959 -0.388499 0)
(-0.104477 -0.410333 0)
(-0.0601982 -0.398356 0)
(0.041331 -0.33481 0)
(0.242577 -0.211046 0)
(0.628684 -0.061561 0)
(8.71066e-06 -1.47262e-05 0)
(-0.000217676 -0.000220365 0)
(-0.00045482 -0.00073967 0)
(-0.000640109 -0.00150119 0)
(-0.000772554 -0.0024469 0)
(-0.000865544 -0.00353122 0)
(-0.000934332 -0.00472052 0)
(-0.000991891 -0.00599534 0)
(-0.00104772 -0.0073487 0)
(-0.00110821 -0.0087828 0)
(-0.00117753 -0.0103063 0)
(-0.00125854 -0.0119324 0)
(-0.00135349 -0.0136778 0)
(-0.00146452 -0.0155624 0)
(-0.00159408 -0.0176091 0)
(-0.00174521 -0.0198449 0)
(-0.00192187 -0.0223016 0)
(-0.00212937 -0.0250176 0)
(-0.00237497 -0.0280396 0)
(-0.00266887 -0.0314266 0)
(-0.00302588 -0.0352544 0)
(-0.00346795 -0.0396231 0)
(-0.00402827 -0.0446688 0)
(-0.0047571 -0.0505798 0)
(-0.00573 -0.0576215 0)
(-0.00705772 -0.0661683 0)
(-0.00889651 -0.0767441 0)
(-0.0114558 -0.0900636 0)
(-0.015 -0.107062 0)
(-0.01984 -0.128887 0)
(-0.0263141 -0.156823 0)
(-0.0347445 -0.192078 0)
(-0.045336 -0.235372 0)
(-0.0579036 -0.286168 0)
(-0.0711575 -0.34139 0)
(-0.08107 -0.393554 0)
(-0.0780622 -0.428378 0)
(-0.0421484 -0.421315 0)
(0.0769735 -0.332945 0)
(0.438933 -0.124092 0)
(3.07315e-05 3.04462e-05 0)
(-1.32174e-05 9.23092e-06 0)
(-6.50403e-05 -0.000161998 0)
(-0.000102665 -0.000450899 0)
(-0.000126795 -0.000823999 0)
(-0.000141739 -0.0012548 0)
(-0.000151538 -0.0017255 0)
(-0.000159208 -0.00222672 0)
(-0.000166703 -0.00275545 0)
(-0.000175178 -0.00331289 0)
(-0.000185284 -0.00390291 0)
(-0.000197402 -0.00453105 0)
(-0.000211801 -0.00520406 0)
(-0.00022874 -0.00592971 0)
(-0.000248524 -0.00671687 0)
(-0.00027155 -0.00757572 0)
(-0.000298344 -0.00851819 0)
(-0.000329608 -0.00955841 0)
(-0.000366297 -0.0107136 0)
(-0.000409756 -0.0120051 0)
(-0.000461982 -0.0134604 0)
(-0.000526043 -0.0151156 0)
(-0.000606802 -0.0170204 0)
(-0.000712087 -0.0192448 0)
(-0.000854461 -0.0218902 0)
(-0.00105374 -0.0251051 0)
(-0.00134034 -0.0291079 0)
(-0.00175945 -0.0342143 0)
(-0.00237675 -0.0408712 0)
(-0.00328759 -0.049692 0)
(-0.00463371 -0.0614957 0)
(-0.00663232 -0.0773508 0)
(-0.00961585 -0.0986273 0)
(-0.0140491 -0.127003 0)
(-0.0203773 -0.164258 0)
(-0.0283175 -0.211955 0)
(-0.034972 -0.27139 0)
(-0.0297139 -0.335874 0)
(0.0293207 -0.349519 0)
(0.312302 -0.162719 0)
)
;

boundaryField
{
    frontAndBack
    {
        type            empty;
    }
    fixedWalls
    {
        type            noSlip;
    }
    movingWall
    {
        type            fixedValue;
        value           uniform (1 0 0);
    }
}


// ************************************************************************* //
