/*--------------------------------*- C++ -*----------------------------------*\
  =========                 |
  \\      /  F ield         | OpenFOAM: The Open Source CFD Toolbox
   \\    /   O peration     | Website:  https://openfoam.org
    \\  /    A nd           | Version:  10
     \\/     M anipulation  |
\*---------------------------------------------------------------------------*/
FoamFile
{
    format      ascii;
    class       volScalarField;
    location    "0.2";
    object      p;
}
// * * * * * * * * * * * * * * * * * * * * * * * * * * * * * * * * * * * * * //

dimensions      [0 2 -2 0 0 0 0];

internalField   nonuniform List<scalar> 
1600
(
1.22116e-08
0.000167715
0.000269621
0.000272492
0.000155933
-8.72769e-05
-0.000458081
-0.000957218
-0.00158718
-0.00235232
-0.00325861
-0.00431357
-0.00552618
-0.00690695
-0.00846801
-0.0102233
-0.0121886
-0.014382
-0.0168243
-0.0195391
-0.022554
-0.0259006
-0.0296164
-0.0337451
-0.0383395
-0.0434633
-0.0491957
-0.0556371
-0.0629184
-0.0712178
-0.0807911
-0.0920326
-0.105598
-0.122671
-0.145531
-0.178728
-0.231217
-0.322258
-0.50824
-0.882915
-0.000177694
-1.03357e-05
5.63639e-05
2.1334e-05
-0.000121948
-0.000383691
-0.000769438
-0.00128296
-0.0019285
-0.00271135
-0.00363802
-0.00471639
-0.00595577
-0.00736708
-0.00896291
-0.0107577
-0.0127679
-0.0150126
-0.0175134
-0.0202955
-0.0233881
-0.0268254
-0.0306478
-0.0349033
-0.0396503
-0.0449607
-0.0509254
-0.0576612
-0.0653232
-0.0741239
-0.0843642
-0.0964872
-0.111167
-0.129456
-0.153014
-0.184439
-0.2274
-0.284467
-0.349057
-0.40886
-0.000289193
-8.79343e-05
-2.16856e-05
-6.87335e-05
-0.000223069
-0.000493797
-0.000887204
-0.00140779
-0.00206042
-0.00285082
-0.00378578
-0.0048734
-0.00612317
-0.00754614
-0.00915509
-0.0109646
-0.0129915
-0.0152549
-0.0177769
-0.020583
-0.0237029
-0.0271715
-0.0310296
-0.0353264
-0.0401209
-0.0454862
-0.0515137
-0.0583203
-0.0660582
-0.0749308
-0.0852151
-0.0972954
-0.111709
-0.129198
-0.150725
-0.177337
-0.209681
-0.245577
-0.268758
-0.243344
-0.000297464
-6.31461e-05
1.2569e-05
-3.53461e-05
-0.000192576
-0.000466224
-0.000861921
-0.00138395
-0.00203722
-0.00282756
-0.00376188
-0.00484829
-0.00609634
-0.00751706
-0.00912317
-0.0109292
-0.0129518
-0.01521
-0.0177256
-0.0205238
-0.023634
-0.0270902
-0.0309324
-0.0352078
-0.0399734
-0.0452984
-0.0512679
-0.0579885
-0.0655952
-0.0742616
-0.0842128
-0.0957422
-0.109228
-0.125136
-0.143956
-0.165925
-0.1904
-0.213901
-0.222207
-0.189832
-0.000182065
6.91627e-05
0.000151188
0.000104589
-5.23489e-05
-0.000325351
-0.00071935
-0.00123827
-0.00188686
-0.00267091
-0.00359728
-0.00467401
-0.00591055
-0.00731778
-0.00890822
-0.0106961
-0.0126978
-0.0149317
-0.0174191
-0.0201845
-0.023256
-0.0266661
-0.0304526
-0.0346598
-0.0393401
-0.0445564
-0.0503842
-0.0569156
-0.0642636
-0.0725676
-0.0819998
-0.0927715
-0.105134
-0.119361
-0.135649
-0.153805
-0.172559
-0.18807
-0.18952
-0.161605
6.02162e-05
0.000315585
0.00039999
0.00035506
0.000200309
-6.91864e-05
-0.000457819
-0.000969167
-0.00160778
-0.00237928
-0.00329037
-0.00434895
-0.00556422
-0.00694683
-0.00850892
-0.0102643
-0.0122287
-0.0144198
-0.0168581
-0.0195668
-0.0225723
-0.0259049
-0.0295996
-0.0336965
-0.0382425
-0.0432926
-0.0489114
-0.0551749
-0.0621734
-0.0700134
-0.0788202
-0.0887373
-0.0999198
-0.112504
-0.126497
-0.141462
-0.155886
-0.166211
-0.16477
-0.142524
0.000424965
0.000676497
0.000760297
0.000716895
0.000565634
0.000302054
-7.78501e-05
-0.000577373
-0.00120083
-0.00195363
-0.00284227
-0.00387437
-0.00505887
-0.006406
-0.00792744
-0.00963643
-0.0115479
-0.0136787
-0.0160481
-0.0186777
-0.021592
-0.0248189
-0.0283896
-0.0323398
-0.0367103
-0.0415476
-0.046905
-0.0528429
-0.0594302
-0.0667441
-0.0748698
-0.0838964
-0.0939056
-0.104935
-0.11687
-0.129151
-0.140272
-0.147284
-0.145034
-0.128262
0.000906109
0.00114892
0.00122996
0.00118782
0.00104105
0.000785475
0.000417376
-6.63177e-05
-0.000669692
-0.00139792
-0.0022572
-0.00325488
-0.0043995
-0.00570084
-0.00717001
-0.00881953
-0.0106635
-0.0127177
-0.015
-0.0175303
-0.0203311
-0.0234273
-0.0268464
-0.0306196
-0.0347813
-0.0393699
-0.0444276
-0.0500007
-0.0561387
-0.0628943
-0.0703197
-0.0784616
-0.087347
-0.0969459
-0.107069
-0.11712
-0.125739
-0.130624
-0.128417
-0.116115
0.00149765
0.00172864
0.00180544
0.0017644
0.00162304
0.0013774
0.00102397
0.000559881
-1.87294e-05
-0.00071677
-0.00154015
-0.00249585
-0.00359196
-0.00483777
-0.00624374
-0.0078216
-0.00958449
-0.0115471
-0.0137259
-0.0161389
-0.0188065
-0.0217504
-0.0249949
-0.0285662
-0.032493
-0.036806
-0.0415375
-0.0467211
-0.0523903
-0.0585772
-0.0653083
-0.0725983
-0.0804354
-0.0887457
-0.0973029
-0.105532
-0.112268
-0.115771
-0.113869
-0.104858
0.00219364
0.00241063
0.0024822
0.0024423
0.00230727
0.00207337
0.00173732
0.0012964
0.000746987
8.44361e-05
-0.000696831
-0.0016034
-0.00264291
-0.00382405
-0.00515663
-0.00665155
-0.00832098
-0.0101784
-0.0122388
-0.0145186
-0.0170357
-0.0198092
-0.0228599
-0.0262097
-0.0298819
-0.0339003
-0.0382887
-0.0430699
-0.0482646
-0.0538885
-0.0599486
-0.0664369
-0.0733156
-0.080486
-0.0877118
-0.0944689
-0.0997932
-0.102387
-0.100833
-0.0941498
0.00298795
0.00318924
0.00325488
0.00321625
0.00308849
0.00286809
0.00255197
0.00213759
0.00162154
0.000999465
0.000266137
-0.00058462
-0.00155995
-0.00266796
-0.00391774
-0.00531938
-0.00688405
-0.00862409
-0.010553
-0.0126856
-0.0150375
-0.0176255
-0.0204669
-0.0235801
-0.0269834
-0.0306948
-0.034731
-0.0391064
-0.0438312
-0.0489089
-0.0543328
-0.0600793
-0.0660956
-0.0722716
-0.0783782
-0.0839546
-0.0882182
-0.0902039
-0.0889665
-0.0839235
0.003874
0.00405816
0.00411733
0.00408024
0.0039607
0.00375546
0.00346169
0.00307699
0.0025982
0.00202125
0.00134128
0.000552542
-0.000351609
-0.00137869
-0.00253707
-0.00383603
-0.00528578
-0.00689752
-0.00868348
-0.0106568
-0.0128311
-0.015221
-0.0178411
-0.0207063
-0.023831
-0.0272285
-0.0309098
-0.0348825
-0.0391493
-0.0437052
-0.0485342
-0.0536033
-0.058852
-0.0641688
-0.0693414
-0.0739734
-0.0774345
-0.0790029
-0.0780308
-0.0741562
0.0048447
0.00501047
0.00506279
0.00502752
0.00491713
0.00472865
0.00445947
0.0041074
0.00366948
0.00314197
0.00252036
0.00179934
0.000972779
3.37535e-05
-0.00102543
-0.00221324
-0.00353897
-0.00501279
-0.00664568
-0.00844931
-0.0104358
-0.0126174
-0.0150067
-0.0176158
-0.020456
-0.0235367
-0.0268647
-0.0304429
-0.0342685
-0.0383311
-0.042609
-0.0470647
-0.0516355
-0.0562143
-0.0606099
-0.0644853
-0.067333
-0.0686063
-0.0678483
-0.0648227
0.00589239
0.00603866
0.00608383
0.00605073
0.00595039
0.00578015
0.00553767
0.00522092
0.0048272
0.00435307
0.0037944
0.00314631
0.00240317
0.00155864
0.000605694
-0.000463376
-0.00165702
-0.00298443
-0.0044555
-0.00608063
-0.00787048
-0.00983576
-0.011987
-0.0143344
-0.0168866
-0.0196506
-0.0226301
-0.0258247
-0.0292286
-0.0328279
-0.0365986
-0.0405018
-0.0444764
-0.0484229
-0.0521721
-0.0554387
-0.0578117
-0.0588703
-0.0582831
-0.0558896
0.00700889
0.00713469
0.00717246
0.00714189
0.00705245
0.00690185
0.00668799
0.00640905
0.00606255
0.00564539
0.0051538
0.00458333
0.00392886
0.00318462
0.00234421
0.00140064
0.000346243
-0.000827304
-0.00212893
-0.00356796
-0.00515388
-0.00689611
-0.00880381
-0.0108855
-0.0131484
-0.0155976
-0.018235
-0.0210585
-0.0240607
-0.0272266
-0.0305317
-0.0339382
-0.0373889
-0.0407935
-0.0440036
-0.0467774
-0.0487784
-0.0496768
-0.0492262
-0.0473159
0.00818547
0.00828997
0.00832019
0.00829248
0.00821476
0.00808506
0.00790158
0.00766266
0.00736611
0.00700912
0.00658832
0.00609968
0.00553857
0.00489978
0.00417751
0.00336544
0.00245664
0.00144353
0.000318024
-0.000928328
-0.00230408
-0.0038177
-0.00547736
-0.00729063
-0.00926379
-0.011401
-0.0137034
-0.0161685
-0.0187884
-0.0215488
-0.0244262
-0.0273859
-0.0303755
-0.0333144
-0.0360729
-0.0384449
-0.0401511
-0.0409276
-0.0405878
-0.0390566
0.00941294
0.00949546
0.009518
0.00949351
0.00942824
0.00932059
0.00916904
0.00897214
0.00872793
0.00843396
0.00808721
0.0076841
0.0072205
0.0066917
0.00609254
0.00541728
0.00465967
0.00381283
0.00286936
0.00182151
0.000661414
-0.000618741
-0.00202657
-0.00356917
-0.0052525
-0.00708057
-0.00905475
-0.0111729
-0.0134284
-0.0158082
-0.0182916
-0.0208475
-0.0234295
-0.0259663
-0.0283445
-0.0303865
-0.0318569
-0.0325392
-0.0322911
-0.0310649
0.0106817
0.0107417
0.0107565
0.0107355
0.0106834
0.0105988
0.0104805
0.0103274
0.0101376
0.00990909
0.00963922
0.00932486
0.00896235
0.00854754
0.00807581
0.00754205
0.0069406
0.00626522
0.00550909
0.00466501
0.00372559
0.00268338
0.00153098
0.000261305
-0.00113183
-0.002653
-0.00430448
-0.00608559
-0.00799153
-0.010012
-0.0121298
-0.0143185
-0.0165377
-0.0187249
-0.0207805
-0.0225497
-0.0238298
-0.0244391
-0.0242687
-0.023294
0.0119817
0.0120188
0.0120258
0.0120087
0.0119703
0.0119096
0.0118258
0.0117178
0.0115842
0.0114233
0.0112327
0.0110098
0.0107514
0.010454
0.0101135
0.00972529
0.00928441
0.00878513
0.00822117
0.00758575
0.00687176
0.00607191
0.00517871
0.00418469
0.00308296
0.00186781
0.000535341
-0.000915922
-0.002484
-0.00416211
-0.00593734
-0.00778838
-0.00968137
-0.0115619
-0.0133417
-0.0148838
-0.0160097
-0.0165627
-0.01646
-0.015698
0.0133028
0.0133166
0.0133159
0.013303
0.0132787
0.0132427
0.0131943
0.0131326
0.0130566
0.0129648
0.0128554
0.0127262
0.0125746
0.0123974
0.0121913
0.0119522
0.0116758
0.0113568
0.0109894
0.0105673
0.0100835
0.00953056
0.00890079
0.00818601
0.00737823
0.00647007
0.00545545
0.00433004
0.00309223
0.00174446
0.000294618
-0.00124185
-0.00283764
-0.0044459
-0.00598779
-0.00733957
-0.00834028
-0.00885039
-0.0088087
-0.00823121
0.0146343
0.0146247
0.0146164
0.0146079
0.0145982
0.0145874
0.014575
0.0145606
0.0145432
0.0145218
0.0144951
0.0144613
0.0144183
0.0143637
0.0142946
0.0142076
0.0140989
0.013964
0.0137974
0.0135931
0.0133441
0.0130431
0.0126817
0.012251
0.0117414
0.0111436
0.0104487
0.00964902
0.00873849
0.00771447
0.00657891
0.00534076
0.00402039
0.00265755
0.00132322
0.000131751
-0.000767475
-0.00124613
-0.00126118
-0.000848357
0.0159655
0.0159326
0.0159168
0.0159128
0.0159181
0.0159328
0.0159569
0.0159902
0.0160321
0.0160819
0.0161388
0.0162015
0.0162687
0.0163383
0.0164082
0.0164757
0.0165377
0.0165901
0.0166281
0.0166459
0.0166368
0.0165931
0.016506
0.0163655
0.0161605
0.0158791
0.0155095
0.0150397
0.0144587
0.0137578
0.012932
0.0119829
0.0109235
0.00978636
0.00863532
0.00757965
0.00676201
0.00630483
0.00623543
0.00649671
0.0172855
0.0172294
0.0172063
0.0172071
0.0172274
0.0172678
0.0173287
0.0174099
0.0175113
0.0176327
0.0177736
0.0179335
0.0181114
0.0183063
0.0185166
0.0187404
0.0189752
0.0192178
0.0194638
0.0197079
0.0199437
0.0201633
0.0203574
0.0205149
0.020623
0.0206675
0.0206326
0.0205019
0.0202586
0.0198867
0.0193735
0.0187118
0.0179059
0.016981
0.0159961
0.0150562
0.0143027
0.0138575
0.0137353
0.0138515
0.0185835
0.0185045
0.0184742
0.0184799
0.0185153
0.0185814
0.0186789
0.0188079
0.0189687
0.0191614
0.0193862
0.0196432
0.0199321
0.0202525
0.0206038
0.0209849
0.021394
0.0218289
0.0222858
0.0227603
0.0232459
0.0237352
0.0242183
0.0246833
0.0251157
0.0254985
0.0258124
0.0260355
0.0261445
0.0261153
0.0259256
0.025558
0.0250067
0.0242882
0.0234564
0.0226158
0.0219127
0.021473
0.0212985
0.0212657
0.0198486
0.0197472
0.0197099
0.0197205
0.0197709
0.0198624
0.0199961
0.0201724
0.0203919
0.0206552
0.0209632
0.0213165
0.0217157
0.0221612
0.0226533
0.0231918
0.0237759
0.0244044
0.0250746
0.0257827
0.0265231
0.0272886
0.0280693
0.0288527
0.0296229
0.0303602
0.0310414
0.0316391
0.0321226
0.0324583
0.0326128
0.0325562
0.0322699
0.0317601
0.0310752
0.0303219
0.0296565
0.0292144
0.0289829
0.0288096
0.0210701
0.0209468
0.0209028
0.0209183
0.0209834
0.0210999
0.0212691
0.0214917
0.0217687
0.0221014
0.022491
0.0229391
0.0234471
0.0240164
0.024648
0.025343
0.0261018
0.0269243
0.027809
0.0287534
0.0297529
0.030801
0.0318884
0.0330024
0.0341259
0.0352372
0.0363092
0.037309
0.0381975
0.0389307
0.0394615
0.0397448
0.0397459
0.039457
0.03892
0.0382461
0.0376082
0.0371578
0.0368671
0.036545
0.0222373
0.0220929
0.0220425
0.0220628
0.0221423
0.022283
0.0224866
0.0227541
0.023087
0.0234871
0.0239563
0.0244969
0.0251112
0.0258016
0.0265705
0.0274199
0.0283518
0.0293672
0.0304665
0.0316486
0.0329105
0.0342471
0.0356501
0.0371072
0.0386014
0.0401092
0.0416005
0.0430365
0.04437
0.045545
0.0464985
0.0471661
0.0474921
0.0474498
0.0470711
0.046474
0.0458561
0.0453942
0.0450428
0.0445573
0.0233401
0.0231755
0.023119
0.0231439
0.0232372
0.0234011
0.0236377
0.0239484
0.0243349
0.0247997
0.0253455
0.0259753
0.0266925
0.0275005
0.0284029
0.0294032
0.0305049
0.0317107
0.0330229
0.0344424
0.0359685
0.0375979
0.0393244
0.0411373
0.0430201
0.0449493
0.0468924
0.0488061
0.0506347
0.0523094
0.053749
0.0548651
0.0555739
0.0558223
0.0556264
0.0551118
0.0545112
0.0540396
0.0536289
0.0529594
0.0243686
0.0241848
0.0241226
0.0241519
0.0242582
0.0244441
0.024712
0.0250634
0.0255008
0.0260271
0.0266456
0.0273604
0.0281758
0.0290964
0.0301272
0.0312732
0.0325396
0.0339312
0.0354524
0.0371068
0.0388963
0.0408207
0.0428765
0.045056
0.047345
0.0497213
0.0521521
0.054591
0.0569753
0.0592232
0.061233
0.062887
0.064065
0.0646753
0.0647082
0.0642956
0.0637191
0.06325
0.062789
0.0619064
0.0253133
0.0251116
0.025044
0.0250776
0.025196
0.0254024
0.0256993
0.0260887
0.0265735
0.0271572
0.0278439
0.0286384
0.0295462
0.030573
0.0317254
0.0330099
0.0344338
0.036004
0.0377277
0.0396113
0.0416603
0.0438782
0.0462658
0.0488195
0.0515296
0.0543776
0.0573331
0.0603495
0.0633597
0.0662705
0.0689589
0.071273
0.0730451
0.0741292
0.0744725
0.0742066
0.0736795
0.0732469
0.0727622
0.0716251
0.0261655
0.0259473
0.0258748
0.0259122
0.0260418
0.0262668
0.0265902
0.0270144
0.0275425
0.0281788
0.0289281
0.029796
0.0307891
0.0319143
0.0331797
0.0345936
0.0361652
0.0379041
0.0398202
0.0419237
0.0442239
0.0467291
0.0494456
0.0523758
0.0555166
0.0588564
0.062371
0.0660184
0.0697317
0.0734107
0.0769132
0.0800502
0.0825955
0.084327
0.0851213
0.0850943
0.0846813
0.0843627
0.0839181
0.082467
0.0269168
0.0266837
0.026607
0.0266479
0.0267875
0.0270291
0.0273762
0.0278312
0.0283981
0.0290814
0.0298868
0.0308207
0.0318907
0.0331049
0.0344728
0.0360046
0.0377116
0.039606
0.041701
0.0440104
0.0465481
0.0493282
0.0523634
0.0556642
0.0592367
0.0630797
0.0671802
0.0715071
0.0760017
0.0805653
0.085044
0.0892148
0.0927847
0.0954307
0.0969178
0.0973136
0.097161
0.0971251
0.0968631
0.0950095
0.0275593
0.0273137
0.0272336
0.0272777
0.027426
0.027682
0.0280493
0.028531
0.0291313
0.0298554
0.0307096
0.031701
0.0328381
0.0341304
0.0355885
0.0372245
0.0390518
0.0410852
0.0433411
0.0458373
0.0485928
0.0516276
0.0549622
0.0586166
0.0626087
0.0669518
0.0716497
0.0766904
0.0820346
0.0875997
0.0932364
0.0987015
0.103639
0.107605
0.110199
0.111377
0.111796
0.112409
0.112644
0.110255
0.0280858
0.0278308
0.0277485
0.0277957
0.0279511
0.0282189
0.0286029
0.0291066
0.0297345
0.0304924
0.0313871
0.0324266
0.0336199
0.0349778
0.036512
0.0382362
0.0401659
0.0423183
0.0447129
0.0473714
0.0503178
0.0535784
0.0571819
0.0611591
0.0655417
0.0703607
0.0756427
0.0814041
0.0876391
0.0943021
0.101277
0.108334
0.115084
0.120965
0.125361
0.128021
0.129681
0.131709
0.133133
0.130043
0.028489
0.0282294
0.0281469
0.0281969
0.028358
0.0286347
0.0290313
0.0295517
0.0302009
0.0309851
0.0319114
0.0329885
0.0342261
0.0356357
0.0372302
0.0390247
0.0410362
0.0432843
0.0457911
0.0485819
0.0516852
0.0551334
0.0589632
0.0632162
0.0679389
0.0731821
0.0789997
0.0854445
0.0925597
0.100362
0.108809
0.117747
0.126827
0.135439
0.142758
0.148213
0.152522
0.157569
0.161751
0.157926
0.0287619
0.0285059
0.0284258
0.0284782
0.0286428
0.0289251
0.0293299
0.0298615
0.0305253
0.0313276
0.032276
0.0333796
0.0346486
0.0360949
0.0377326
0.0395775
0.0416482
0.0439658
0.0465546
0.0494427
0.0526623
0.0562509
0.0602523
0.0647177
0.0697072
0.0752911
0.0815514
0.0885822
0.0964867
0.105369
0.115307
0.126308
0.138204
0.150525
0.16241
0.172995
0.182817
0.194235
0.204748
0.201186
0.0288999
0.0286603
0.0285861
0.0286398
0.0288052
0.0290893
0.0294975
0.0300345
0.0307058
0.0315181
0.0324789
0.0335975
0.0348845
0.0363523
0.0380152
0.0398899
0.0419958
0.044355
0.0469933
0.0499405
0.0532314
0.0569071
0.0610163
0.0656172
0.0707803
0.0765917
0.0831577
0.0906107
0.0991157
0.108876
0.120131
0.133135
0.148094
0.165015
0.183491
0.202827
0.223451
0.247872
0.272606
0.275237
0.028907
0.0286998
0.028634
0.0286859
0.0288482
0.0291296
0.0295361
0.0300727
0.0307448
0.0315588
0.0325225
0.0336449
0.0349368
0.0364106
0.0380811
0.039965
0.042082
0.0444547
0.0471095
0.0500769
0.0533927
0.0570996
0.0612484
0.0659009
0.0711327
0.0770385
0.0837392
0.0913933
0.100213
0.110488
0.122622
0.137167
0.154853
0.17655
0.203092
0.23515
0.274097
0.322979
0.378057
0.411481
0.028804
0.0286301
0.028562
0.0286004
0.0287507
0.0290225
0.0294212
0.0299506
0.0306156
0.0314221
0.0323775
0.0334907
0.0347723
0.0362346
0.037892
0.0397613
0.0418618
0.0442158
0.0468492
0.0497919
0.0530794
0.0567533
0.0608634
0.0654699
0.0706464
0.0764856
0.0831065
0.0906672
0.099387
0.109583
0.121737
0.136601
0.155372
0.179931
0.213106
0.258831
0.322516
0.412269
0.537437
0.689883
0.0286281
0.0284535
0.0283479
0.0283464
0.0284688
0.0287211
0.0291039
0.0296178
0.0302659
0.0310531
0.0319862
0.0330737
0.0343256
0.0357539
0.0373724
0.0391971
0.0412464
0.0435414
0.0461064
0.0489695
0.0521634
0.0557261
0.0597025
0.0641455
0.0691185
0.0746983
0.0809797
0.0880829
0.0961674
0.105462
0.116331
0.129425
0.146014
0.16869
0.202635
0.257054
0.34676
0.504395
0.811142
1.28431
)
;

boundaryField
{
    frontAndBack
    {
        type            empty;
    }
    fixedWalls
    {
        type            zeroGradient;
    }
    movingWall
    {
        type            zeroGradient;
    }
}


// ************************************************************************* //
