/*--------------------------------*- C++ -*----------------------------------*\
  =========                 |
  \\      /  F ield         | OpenFOAM: The Open Source CFD Toolbox
   \\    /   O peration     | Website:  https://openfoam.org
    \\  /    A nd           | Version:  10
     \\/     M anipulation  |
\*---------------------------------------------------------------------------*/
FoamFile
{
    format      ascii;
    class       surfaceScalarField;
    location    "0.2";
    object      phi;
}
// * * * * * * * * * * * * * * * * * * * * * * * * * * * * * * * * * * * * * //

dimensions      [0 3 -1 0 0 0 0];

internalField   nonuniform List<scalar> 
3120
(
5.49745e-08
-5.49835e-08
5.2382e-07
-4.68845e-07
1.30565e-06
-7.81828e-07
2.25577e-06
-9.50126e-07
3.28977e-06
-1.03399e-06
4.37142e-06
-1.08164e-06
5.49143e-06
-1.12001e-06
6.65309e-06
-1.16167e-06
7.86465e-06
-1.21156e-06
9.13608e-06
-1.27143e-06
1.04782e-05
-1.3421e-06
1.19025e-05
-1.42431e-06
1.34214e-05
-1.51896e-06
1.50487e-05
-1.62726e-06
1.67994e-05
-1.75071e-06
1.86907e-05
-1.89124e-06
2.07419e-05
-2.05125e-06
2.29757e-05
-2.23376e-06
2.54183e-05
-2.44264e-06
2.81011e-05
-2.68282e-06
3.10618e-05
-2.9607e-06
3.43465e-05
-3.2847e-06
3.80126e-05
-3.66606e-06
4.21327e-05
-4.1201e-06
4.68008e-05
-4.66809e-06
5.21411e-05
-5.34034e-06
5.83224e-05
-6.18129e-06
6.55808e-05
-7.25839e-06
7.42591e-05
-8.67824e-06
8.48752e-05
-1.06162e-05
9.82456e-05
-1.33704e-05
0.000115703
-1.74569e-05
0.000139466
-2.37633e-05
0.000173231
-3.3765e-05
0.000222962
-4.97312e-05
0.000297461
-7.44992e-05
0.000406897
-0.000109436
0.000553041
-0.000146144
0.000632663
-7.96219e-05
0.000632663
4.66791e-07
-5.21774e-07
1.7384e-06
-1.74045e-06
3.56188e-06
-2.6053e-06
5.71987e-06
-3.10813e-06
8.07176e-06
-3.38588e-06
1.05485e-05
-3.55838e-06
1.3128e-05
-3.69954e-06
1.58135e-05
-3.84717e-06
1.862e-05
-4.01808e-06
2.15681e-05
-4.2195e-06
2.46812e-05
-4.45519e-06
2.7985e-05
-4.72816e-06
3.15078e-05
-5.04173e-06
3.52805e-05
-5.39996e-06
3.93377e-05
-5.80791e-06
4.37183e-05
-6.27184e-06
4.84667e-05
-6.7996e-06
5.36339e-05
-7.40101e-06
5.92798e-05
-8.08853e-06
6.54751e-05
-8.8781e-06
7.23047e-05
-9.79029e-06
7.9872e-05
-1.0852e-05
8.83051e-05
-1.20992e-05
9.77651e-05
-1.35801e-05
0.000108458
-1.53614e-05
0.000120655
-1.75369e-05
0.000134715
-2.02411e-05
0.000151129
-2.36727e-05
0.000170583
-2.81326e-05
0.000194054
-3.40862e-05
0.000222945
-4.22621e-05
0.000259276
-5.3788e-05
0.000305836
-7.03232e-05
0.000366083
-9.40116e-05
0.000443083
-0.000126731
0.000535791
-0.000167207
0.000628227
-0.000201871
0.000659226
-0.000177144
0.000495627
8.39775e-05
0.00112829
7.74635e-07
-1.29641e-06
2.57652e-06
-3.54233e-06
5.03951e-06
-5.06828e-06
7.90439e-06
-5.97302e-06
1.1012e-05
-6.49352e-06
1.42847e-05
-6.83101e-06
1.76974e-05
-7.11228e-06
2.12544e-05
-7.40416e-06
2.49743e-05
-7.73799e-06
2.8883e-05
-8.12816e-06
3.30104e-05
-8.58257e-06
3.73896e-05
-9.10742e-06
4.20572e-05
-9.70928e-06
4.70531e-05
-1.03959e-05
5.24221e-05
-1.11769e-05
5.82142e-05
-1.20639e-05
6.44863e-05
-1.30716e-05
7.13035e-05
-1.42183e-05
7.87417e-05
-1.55267e-05
8.68899e-05
-1.70263e-05
9.58539e-05
-1.87543e-05
0.000105762
-2.07598e-05
0.000116769
-2.31068e-05
0.00012907
-2.58813e-05
0.000142909
-2.91999e-05
0.000158596
-3.32237e-05
0.000176534
-3.81792e-05
0.000197252
-4.43905e-05
0.000221448
-5.23289e-05
0.000250048
-6.26858e-05
0.000284252
-7.64663e-05
0.000325533
-9.50687e-05
0.000375417
-0.000120208
0.000434678
-0.000153273
0.000501067
-0.00019312
0.00056401
-0.00023015
0.000594504
-0.000232365
0.000532721
-0.000115361
0.000301455
0.000315244
0.00142974
9.22861e-07
-2.21927e-06
3.0087e-06
-5.62817e-06
5.80755e-06
-7.86713e-06
9.02942e-06
-9.19488e-06
1.25076e-05
-9.97169e-06
1.61643e-05
-1.04877e-05
1.99763e-05
-1.09243e-05
2.39497e-05
-1.13776e-05
2.81055e-05
-1.18937e-05
3.24716e-05
-1.24943e-05
3.70808e-05
-1.31918e-05
4.19691e-05
-1.39957e-05
4.7176e-05
-1.49161e-05
5.27448e-05
-1.59647e-05
5.87236e-05
-1.71557e-05
6.51659e-05
-1.85063e-05
7.21323e-05
-2.0038e-05
7.96913e-05
-2.17773e-05
8.7922e-05
-2.37574e-05
9.6916e-05
-2.60203e-05
0.000106781
-2.86194e-05
0.000117645
-3.16234e-05
0.00012966
-3.51221e-05
0.000143012
-3.92337e-05
0.000157928
-4.41158e-05
0.000174687
-4.99821e-05
0.000193633
-5.71253e-05
0.000215194
-6.59511e-05
0.000239891
-7.70262e-05
0.000268343
-9.11384e-05
0.000301227
-0.00010935
0.000339126
-0.000132968
0.000382109
-0.000163191
0.000428685
-0.000199849
0.000473507
-0.000237942
0.000503085
-0.000259728
0.00049019
-0.00021947
0.000394155
-1.93265e-05
0.000192865
0.000516534
0.00162261
9.71795e-07
-3.19106e-06
3.16727e-06
-7.82365e-06
6.0957e-06
-1.07956e-05
9.44897e-06
-1.25481e-05
1.30571e-05
-1.35798e-05
1.68439e-05
-1.42745e-05
2.07885e-05
-1.48689e-05
2.48986e-05
-1.54877e-05
2.9196e-05
-1.61911e-05
3.37093e-05
-1.70077e-05
3.84715e-05
-1.7954e-05
4.35188e-05
-1.9043e-05
4.88906e-05
-2.02879e-05
5.46298e-05
-2.1704e-05
6.07839e-05
-2.33097e-05
6.7405e-05
-2.51274e-05
7.45516e-05
-2.71845e-05
8.2289e-05
-2.95147e-05
9.06915e-05
-3.21599e-05
9.98436e-05
-3.51724e-05
0.000109843
-3.86185e-05
0.000120801
-4.25821e-05
0.000132851
-4.71715e-05
0.000146144
-5.2527e-05
0.000160861
-5.88325e-05
0.00017721
-6.63312e-05
0.000195432
-7.53477e-05
0.000215798
-8.63172e-05
0.000238594
-9.98225e-05
0.000264086
-0.00011663
0.000292426
-0.00013769
0.000323445
-0.000163986
0.000356187
-0.000195934
0.000387953
-0.000231615
0.000412477
-0.000262466
0.000417211
-0.000264462
0.000381452
-0.000183711
0.000282363
7.97629e-05
0.000124264
0.000674632
0.00174687
9.69425e-07
-4.16048e-06
3.17088e-06
-1.00251e-05
6.10412e-06
-1.37288e-05
9.45513e-06
-1.58992e-05
1.30538e-05
-1.71785e-05
1.68258e-05
-1.80466e-05
2.07518e-05
-1.87948e-05
2.48401e-05
-1.95761e-05
2.91125e-05
-2.04635e-05
3.35972e-05
-2.14924e-05
3.8326e-05
-2.26828e-05
4.33337e-05
-2.40507e-05
4.86579e-05
-2.5612e-05
5.43391e-05
-2.73852e-05
6.04217e-05
-2.93923e-05
6.69538e-05
-3.16595e-05
7.39884e-05
-3.42192e-05
8.15841e-05
-3.71104e-05
8.98058e-05
-4.03816e-05
9.87257e-05
-4.40923e-05
0.000108425
-4.83172e-05
0.000118992
-5.31498e-05
0.000130529
-5.87086e-05
0.000143147
-6.51445e-05
0.000156966
-7.26516e-05
0.000172115
-8.148e-05
0.000188721
-9.19543e-05
0.000206899
-0.000104495
0.000226718
-0.000119641
0.000248146
-0.000138059
0.000270945
-0.00016049
0.000294459
-0.0001875
0.000317206
-0.00021868
0.000336114
-0.000250523
0.000345276
-0.000271627
0.000334514
-0.0002537
0.000289715
-0.000138912
0.00020016
0.000169318
8.00836e-05
0.000794708
0.00182696
9.42569e-07
-5.10305e-06
3.09308e-06
-1.21756e-05
5.95964e-06
-1.65954e-05
9.23156e-06
-1.91711e-05
1.27415e-05
-2.06884e-05
1.64172e-05
-2.17222e-05
2.02401e-05
-2.26177e-05
2.42186e-05
-2.35546e-05
2.83737e-05
-2.46186e-05
3.27323e-05
-2.58509e-05
3.73244e-05
-2.72749e-05
4.21825e-05
-2.89088e-05
4.73414e-05
-3.07709e-05
5.28383e-05
-3.28821e-05
5.8713e-05
-3.5267e-05
6.50083e-05
-3.79549e-05
7.17704e-05
-4.09813e-05
7.9049e-05
-4.4389e-05
8.68976e-05
-4.82302e-05
9.5374e-05
-5.25687e-05
0.00010454
-5.74829e-05
0.00011446
-6.30699e-05
0.000125202
-6.94507e-05
0.000136834
-7.67763e-05
0.000149419
-8.52367e-05
0.000163009
-9.50706e-05
0.000177634
-0.000106579
0.000193274
-0.000120136
0.000209834
-0.000136201
0.000227075
-0.0001553
0.00024452
-0.000177934
0.000261268
-0.000204249
0.000275682
-0.000233094
0.000284834
-0.000259675
0.000283728
-0.000270522
0.000264744
-0.000234716
0.000218963
-9.31312e-05
0.000142784
0.000245497
5.2585e-05
0.000884908
0.00187954
9.03713e-07
-6.00677e-06
2.97137e-06
-1.42433e-05
5.72891e-06
-1.93529e-05
8.87536e-06
-2.23175e-05
1.22487e-05
-2.40617e-05
1.5779e-05
-2.52525e-05
1.94483e-05
-2.62871e-05
2.32647e-05
-2.73709e-05
2.72478e-05
-2.86017e-05
3.14227e-05
-3.00259e-05
3.58174e-05
-3.16696e-05
4.04615e-05
-3.35529e-05
4.53866e-05
-3.5696e-05
5.06257e-05
-3.81213e-05
5.6214e-05
-4.08552e-05
6.21881e-05
-4.3929e-05
6.85867e-05
-4.73799e-05
7.54501e-05
-5.12524e-05
8.28202e-05
-5.56003e-05
9.07396e-05
-6.04881e-05
9.9251e-05
-6.59943e-05
0.000108395
-7.22142e-05
0.000118209
-7.92646e-05
0.000128721
-8.72881e-05
0.000139944
-9.64601e-05
0.000151868
-0.000106995
0.000164443
-0.000119153
0.000177555
-0.000133248
0.000190997
-0.000149642
0.00020441
-0.000168712
0.000217201
-0.000190725
0.000228408
-0.000215456
0.000236463
-0.000241148
0.000238826
-0.000262038
0.000231548
-0.000263243
0.000209208
-0.000212376
0.000166522
-5.04452e-05
0.000103639
0.00030838
3.57477e-05
0.000952799
0.00191529
8.57639e-07
-6.86441e-06
2.82212e-06
-1.62078e-05
5.44264e-06
-2.19734e-05
8.43211e-06
-2.5307e-05
1.16358e-05
-2.72655e-05
1.4987e-05
-2.86037e-05
1.84683e-05
-2.97684e-05
2.20869e-05
-3.09896e-05
2.58611e-05
-3.23759e-05
2.98139e-05
-3.39786e-05
3.39706e-05
-3.58263e-05
3.83582e-05
-3.79405e-05
4.30046e-05
-4.03424e-05
4.79388e-05
-4.30554e-05
5.31906e-05
-4.6107e-05
5.87909e-05
-4.95292e-05
6.47707e-05
-5.33597e-05
7.11613e-05
-5.7643e-05
7.79932e-05
-6.24322e-05
8.5295e-05
-6.779e-05
9.30921e-05
-7.37914e-05
0.000101404
-8.0526e-05
0.00011024
-8.81011e-05
0.000119597
-9.66451e-05
0.000129449
-0.000106311
0.000139736
-0.000117282
0.000150354
-0.000129771
0.00016113
-0.000144024
0.000171791
-0.000160304
0.000181928
-0.000178849
0.000190925
-0.000199722
0.000197862
-0.000222393
0.000201359
-0.000244645
0.000199339
-0.000260018
0.00018881
-0.000252715
0.000166051
-0.000189617
0.000128133
-1.25267e-05
7.69242e-05
0.000359588
2.53089e-05
0.00100441
0.0019406
8.05877e-07
-7.67028e-06
2.65188e-06
-1.80538e-05
5.11408e-06
-2.44356e-05
7.92226e-06
-2.81152e-05
1.09307e-05
-3.02739e-05
1.40763e-05
-3.17493e-05
1.73425e-05
-3.30346e-05
2.07357e-05
-3.43827e-05
2.42724e-05
-3.59126e-05
2.79735e-05
-3.76797e-05
3.18618e-05
-3.97146e-05
3.59611e-05
-4.20399e-05
4.02959e-05
-4.46772e-05
4.4891e-05
-4.76506e-05
4.97715e-05
-5.09875e-05
5.49622e-05
-5.47199e-05
6.04874e-05
-5.88848e-05
6.63698e-05
-6.35255e-05
7.26298e-05
-6.86922e-05
7.92838e-05
-7.44439e-05
8.63422e-05
-8.08498e-05
9.38066e-05
-8.79904e-05
0.000101666
-9.59604e-05
0.000109891
-0.00010487
0.000118426
-0.000114847
0.000127182
-0.000126038
0.000136019
-0.000138608
0.000144732
-0.000152737
0.000153026
-0.000168598
0.000160483
-0.000186306
0.000166521
-0.000205759
0.000170322
-0.000226195
0.000170733
-0.000245057
0.000166121
-0.000255405
0.00015428
-0.000240874
0.000132715
-0.000168053
9.99372e-05
2.0251e-05
5.84177e-05
0.000401108
1.86329e-05
0.0010442
0.00195923
7.48917e-07
-8.4192e-06
2.46343e-06
-1.97683e-05
4.74939e-06
-2.67216e-05
7.35573e-06
-3.07215e-05
1.0147e-05
-3.30652e-05
1.30646e-05
-3.46669e-05
1.60928e-05
-3.60628e-05
1.92371e-05
-3.7527e-05
2.25123e-05
-3.91878e-05
2.59372e-05
-4.11046e-05
2.95319e-05
-4.33094e-05
3.33174e-05
-4.58253e-05
3.73145e-05
-4.86743e-05
4.15444e-05
-5.18804e-05
4.60275e-05
-5.54706e-05
5.07834e-05
-5.94758e-05
5.583e-05
-6.39315e-05
6.1183e-05
-6.88784e-05
6.68539e-05
-7.43631e-05
7.28491e-05
-8.04391e-05
7.91671e-05
-8.71678e-05
8.57959e-05
-9.46192e-05
9.27086e-05
-0.000102873
9.98585e-05
-0.00011202
0.000107172
-0.000122161
0.000114541
-0.000133407
0.000121809
-0.000145877
0.000128761
-0.000159689
0.000135105
-0.000174941
0.000140447
-0.000191648
0.000144266
-0.000209579
0.000145871
-0.000227799
0.000144329
-0.000243514
0.000138386
-0.000249463
0.000126447
-0.000228935
0.00010686
-0.000148465
7.89706e-05
4.81401e-05
4.52932e-05
0.000434785
1.41836e-05
0.00107531
0.00197342
6.87049e-07
-9.10625e-06
2.25838e-06
-2.13396e-05
4.35227e-06
-2.88155e-05
6.73868e-06
-3.31079e-05
9.29363e-06
-3.56202e-05
1.19633e-05
-3.73365e-05
1.47332e-05
-3.88327e-05
1.76081e-05
-4.04019e-05
2.0601e-05
-4.21808e-05
2.37286e-05
-4.42322e-05
2.70085e-05
-4.65892e-05
3.04586e-05
-4.92755e-05
3.4097e-05
-5.23127e-05
3.7941e-05
-5.57244e-05
4.20071e-05
-5.95367e-05
4.63102e-05
-6.37789e-05
5.0863e-05
-6.84844e-05
5.56751e-05
-7.36905e-05
6.07513e-05
-7.94393e-05
6.609e-05
-8.57779e-05
7.16812e-05
-9.2759e-05
7.7503e-05
-0.000100441
8.35184e-05
-0.000108888
8.96702e-05
-0.000118172
9.58752e-05
-0.000128366
0.000102017
-0.000139548
0.000107938
-0.000151797
0.000113427
-0.000165178
0.000118211
-0.000179725
0.000121938
-0.000195375
0.000124161
-0.000211802
0.000124311
-0.000227949
0.000121652
-0.000240855
0.000115238
-0.000243049
0.000103919
-0.000217616
8.66068e-05
-0.000131153
6.3108e-05
7.16389e-05
3.57239e-05
0.000462169
1.10795e-05
0.00109995
0.00198449
6.20589e-07
-9.72684e-06
2.03813e-06
-2.27572e-05
3.92576e-06
-3.07031e-05
6.0761e-06
-3.52582e-05
8.37757e-06
-3.79216e-05
1.07817e-05
-3.97407e-05
1.32754e-05
-4.13264e-05
1.58628e-05
-4.29892e-05
1.85552e-05
-4.48732e-05
2.13672e-05
-4.70442e-05
2.43141e-05
-4.95361e-05
2.74111e-05
-5.23725e-05
3.06734e-05
-5.5575e-05
3.41152e-05
-5.91662e-05
3.77495e-05
-6.3171e-05
4.15874e-05
-6.76169e-05
4.56376e-05
-7.25345e-05
4.99047e-05
-7.79576e-05
5.43886e-05
-8.39232e-05
5.90823e-05
-9.04716e-05
6.397e-05
-9.76467e-05
6.90241e-05
-0.000105495
7.4202e-05
-0.000114066
7.9442e-05
-0.000123412
8.46585e-05
-0.000133582
8.97359e-05
-0.000144626
9.45228e-05
-0.000156584
9.88245e-05
-0.00016948
0.000102396
-0.000183296
0.000104933
-0.000197912
0.000106063
-0.000212932
0.000105327
-0.000227213
0.000102155
-0.000237683
9.58337e-05
-0.000236728
8.55341e-05
-0.000207316
7.05324e-05
-0.000116151
5.08688e-05
9.13025e-05
2.8544e-05
0.000484494
8.81487e-06
0.00111968
0.00199331
5.49916e-07
-1.02768e-05
1.80411e-06
-2.40113e-05
3.4728e-06
-3.23718e-05
5.37275e-06
-3.71582e-05
7.40556e-06
-3.99545e-05
9.52862e-06
-4.18638e-05
1.17304e-05
-4.35281e-05
1.40143e-05
-4.52732e-05
1.63905e-05
-4.72494e-05
1.88712e-05
-4.95249e-05
2.14695e-05
-5.21344e-05
2.41985e-05
-5.51015e-05
2.70707e-05
-5.84472e-05
3.00975e-05
-6.21931e-05
3.32893e-05
-6.63627e-05
3.6654e-05
-7.09816e-05
4.01972e-05
-7.60777e-05
4.39204e-05
-8.16808e-05
4.782e-05
-8.78228e-05
5.18859e-05
-9.45376e-05
5.60992e-05
-0.00010186
6.043e-05
-0.000109826
6.48344e-05
-0.000118471
6.92509e-05
-0.000127828
7.35969e-05
-0.000137928
7.7764e-05
-0.000148793
8.16138e-05
-0.000160434
8.49729e-05
-0.000172839
8.76291e-05
-0.000185952
8.93266e-05
-0.00019961
8.97609e-05
-0.000213367
8.85683e-05
-0.00022602
8.5308e-05
-0.000234423
7.94429e-05
-0.000230863
7.03646e-05
-0.000198238
5.75802e-05
-0.000103367
4.12315e-05
0.000107651
2.30074e-05
0.000502718
7.09643e-06
0.00113559
0.00200041
4.75456e-07
-1.07522e-05
1.5578e-06
-2.50937e-05
2.99639e-06
-3.38104e-05
4.63336e-06
-3.87952e-05
6.38426e-06
-4.17054e-05
8.21267e-06
-4.36922e-05
1.01088e-05
-4.54242e-05
1.20756e-05
-4.72401e-05
1.41218e-05
-4.92955e-05
1.62578e-05
-5.16608e-05
1.84946e-05
-5.43712e-05
2.08432e-05
-5.74501e-05
2.33139e-05
-6.09178e-05
2.59159e-05
-6.47951e-05
2.86573e-05
-6.91041e-05
3.1544e-05
-7.38683e-05
3.45792e-05
-7.91129e-05
3.77627e-05
-8.48642e-05
4.10892e-05
-9.11493e-05
4.45472e-05
-9.79956e-05
4.81175e-05
-0.00010543
5.17706e-05
-0.000113479
5.54645e-05
-0.000122165
5.91421e-05
-0.000131506
6.27279e-05
-0.000141514
6.61249e-05
-0.00015219
6.92115e-05
-0.000163521
7.18388e-05
-0.000175467
7.38281e-05
-0.000187942
7.49691e-05
-0.000200751
7.5017e-05
-0.000213414
7.36859e-05
-0.000224689
7.06346e-05
-0.000231372
6.54527e-05
-0.000225681
5.76822e-05
-0.000190467
4.6971e-05
-9.26556e-05
3.34866e-05
0.000121136
1.86281e-05
0.000517577
5.74872e-06
0.00114847
0.00200615
3.97665e-07
-1.11499e-05
1.30076e-06
-2.59968e-05
2.49957e-06
-3.50092e-05
3.86273e-06
-4.01583e-05
5.32034e-06
-4.3163e-05
6.84245e-06
-4.52143e-05
8.42118e-06
-4.7003e-05
1.00593e-05
-4.88781e-05
1.17639e-05
-5.10001e-05
1.35438e-05
-5.34408e-05
1.54083e-05
-5.62357e-05
1.73663e-05
-5.94081e-05
1.94263e-05
-6.29778e-05
2.15959e-05
-6.69647e-05
2.38813e-05
-7.13895e-05
2.62871e-05
-7.62741e-05
2.88154e-05
-8.16412e-05
3.1465e-05
-8.75138e-05
3.42305e-05
-9.39148e-05
3.71011e-05
-0.000100866
4.00589e-05
-0.000108388
4.30774e-05
-0.000116497
4.61194e-05
-0.000125207
4.9135e-05
-0.000134521
5.20588e-05
-0.000144438
5.48081e-05
-0.000154939
5.72805e-05
-0.000165993
5.93523e-05
-0.000177538
6.08774e-05
-0.000189467
6.16865e-05
-0.00020156
6.15856e-05
-0.000213314
6.03504e-05
-0.000223454
5.77145e-05
-0.000228736
5.33565e-05
-0.000221323
4.69175e-05
-0.000184028
3.81261e-05
-8.38642e-05
2.71336e-05
0.000132128
1.50808e-05
0.00052963
4.66187e-06
0.00115889
0.00201082
3.1702e-07
-1.14669e-05
1.03459e-06
-2.67143e-05
1.98546e-06
-3.59601e-05
3.06571e-06
-4.12386e-05
4.22047e-06
-4.43177e-05
5.42656e-06
-4.64204e-05
6.67813e-06
-4.82545e-05
7.97767e-06
-5.01777e-05
9.33111e-06
-5.23536e-05
1.07457e-05
-5.48553e-05
1.22288e-05
-5.77189e-05
1.37879e-05
-6.09672e-05
1.54299e-05
-6.46198e-05
1.71609e-05
-6.86957e-05
1.89862e-05
-7.32148e-05
2.09094e-05
-7.81974e-05
2.29323e-05
-8.36642e-05
2.50541e-05
-8.96356e-05
2.72702e-05
-9.6131e-05
2.95719e-05
-0.000103168
3.19446e-05
-0.000110761
3.43667e-05
-0.00011892
3.68079e-05
-0.000127648
3.92277e-05
-0.000136941
4.15731e-05
-0.000146783
4.37775e-05
-0.000157144
4.57588e-05
-0.000167974
4.74186e-05
-0.000179198
4.86414e-05
-0.00019069
4.92943e-05
-0.000202213
4.92256e-05
-0.000213245
4.8259e-05
-0.000222487
4.61829e-05
-0.000226659
4.27363e-05
-0.000217876
3.76224e-05
-0.000178915
3.06106e-05
-7.68524e-05
2.18122e-05
0.000140927
1.21407e-05
0.000539301
3.76333e-06
0.00116727
0.00201458
2.34008e-07
-1.17009e-05
7.60907e-07
-2.72412e-05
1.45721e-06
-3.66564e-05
2.24717e-06
-4.20285e-05
3.09137e-06
-4.51619e-05
3.97356e-06
-4.73025e-05
4.89007e-06
-4.9171e-05
5.84316e-06
-5.11308e-05
6.83761e-06
-5.3348e-05
7.87913e-06
-5.58968e-05
8.97363e-06
-5.88134e-05
1.0127e-05
-6.21206e-05
1.13449e-05
-6.58376e-05
1.26324e-05
-6.99832e-05
1.3994e-05
-7.45764e-05
1.54332e-05
-7.96366e-05
1.69521e-05
-8.51831e-05
1.85508e-05
-9.12343e-05
2.0227e-05
-9.78072e-05
2.19751e-05
-0.000104916
2.3785e-05
-0.000112571
2.56417e-05
-0.000120776
2.75236e-05
-0.00012953
2.9401e-05
-0.000138818
3.12352e-05
-0.000148617
3.29768e-05
-0.000158885
3.45649e-05
-0.000169563
3.59256e-05
-0.000180559
3.69723e-05
-0.000191736
3.76042e-05
-0.000202845
3.77045e-05
-0.000213345
3.71347e-05
-0.000221917
3.57215e-05
-0.000225246
3.32438e-05
-0.000215398
2.94394e-05
-0.00017511
2.40909e-05
-7.15039e-05
1.72555e-05
0.000147762
9.64693e-06
0.00054691
3.00265e-06
0.00117391
0.00201758
1.49128e-07
-1.185e-05
4.81369e-07
-2.75735e-05
9.17998e-07
-3.7093e-05
1.41203e-06
-4.25226e-05
1.93978e-06
-4.56897e-05
2.49205e-06
-4.78548e-05
3.06739e-06
-4.97464e-05
3.66791e-06
-5.17313e-05
4.29728e-06
-5.39774e-05
4.95973e-06
-5.65593e-05
5.65974e-06
-5.95134e-05
6.40185e-06
-6.28627e-05
7.19055e-06
-6.66263e-05
8.0302e-06
-7.08229e-05
8.92491e-06
-7.54711e-05
9.87828e-06
-8.059e-05
1.08933e-05
-8.6198e-05
1.19717e-05
-9.23127e-05
1.3114e-05
-9.89495e-05
1.43187e-05
-0.000106121
1.55817e-05
-0.000113834
1.68953e-05
-0.00012209
1.82479e-05
-0.000130882
1.96222e-05
-0.000140193
2.09949e-05
-0.00014999
2.2335e-05
-0.000160226
2.36028e-05
-0.00017083
2.47492e-05
-0.000181705
2.57144e-05
-0.000192701
2.64267e-05
-0.000203557
2.67991e-05
-0.000213718
2.67221e-05
-0.00022184
2.60496e-05
-0.000224574
2.45835e-05
-0.000213932
2.20766e-05
-0.000172603
1.83043e-05
-6.77315e-05
1.32604e-05
0.000152806
7.47997e-06
0.00055269
2.34289e-06
0.00117905
0.00201993
6.28903e-08
-1.19129e-05
1.97653e-07
-2.77083e-05
3.71059e-07
-3.72664e-05
5.6526e-07
-4.27168e-05
7.72475e-07
-4.58969e-05
9.90641e-07
-4.8073e-05
1.22052e-06
-4.99762e-05
1.4641e-06
-5.19749e-05
1.72392e-06
-5.42372e-05
2.0028e-06
-5.68382e-05
2.3038e-06
-5.98144e-05
2.63018e-06
-6.31891e-05
2.98542e-06
-6.69816e-05
3.37323e-06
-7.12107e-05
3.79751e-06
-7.58954e-05
4.26228e-06
-8.10547e-05
4.77163e-06
-8.67074e-05
5.32959e-06
-9.28707e-05
5.9399e-06
-9.95598e-05
6.60579e-06
-0.000106787
7.32962e-06
-0.000114558
8.1124e-06
-0.000122873
8.95323e-06
-0.000131723
9.84851e-06
-0.000141088
1.07911e-05
-0.000150932
1.17693e-05
-0.000161204
1.27656e-05
-0.000171827
1.37555e-05
-0.000182695
1.47057e-05
-0.000193652
1.55716e-05
-0.000204423
1.62924e-05
-0.000214438
1.67819e-05
-0.00022233
1.69126e-05
-0.000224705
1.64974e-05
-0.000213517
1.52882e-05
-0.000171394
1.30367e-05
-6.54801e-05
9.66591e-06
0.000156177
5.54724e-06
0.000556809
1.75571e-06
0.00118284
0.00202168
-2.41814e-08
-1.18887e-05
-8.85269e-08
-2.76439e-05
-1.80325e-07
-3.71746e-05
-2.88095e-07
-4.2609e-05
-4.03664e-07
-4.57813e-05
-5.21966e-07
-4.79547e-05
-6.40042e-07
-4.98582e-05
-7.56063e-07
-5.18588e-05
-8.68629e-07
-5.41247e-05
-9.76355e-07
-5.67305e-05
-1.07763e-06
-5.97131e-05
-1.17045e-06
-6.30963e-05
-1.25235e-06
-6.68997e-05
-1.32025e-06
-7.11428e-05
-1.37039e-06
-7.58452e-05
-1.39826e-06
-8.10269e-05
-1.39845e-06
-8.67072e-05
-1.36461e-06
-9.29045e-05
-1.28941e-06
-9.9635e-05
-1.16449e-06
-0.000106911
-9.8051e-07
-0.000114741
-7.27328e-07
-0.000123126
-3.94234e-07
-0.000132056
2.95781e-08
-0.000141512
5.54239e-07
-0.000151457
1.18834e-06
-0.000161838
1.93763e-06
-0.000172576
2.80309e-06
-0.000183561
3.77834e-06
-0.000194627
4.84566e-06
-0.00020549
5.96914e-06
-0.000215562
7.08277e-06
-0.000223443
8.07172e-06
-0.000225694
8.75115e-06
-0.000214197
8.85752e-06
-0.0001715
8.10543e-06
-6.4728e-05
6.33833e-06
0.000157944
3.77338e-06
0.000559374
1.2182e-06
0.0011854
0.0020229
-1.11549e-07
-1.17772e-05
-3.75417e-07
-2.738e-05
-7.32802e-07
-3.68172e-05
-1.1429e-06
-4.21989e-05
-1.58165e-06
-4.53426e-05
-2.03691e-06
-4.74994e-05
-2.50361e-06
-4.93915e-05
-2.98014e-06
-5.13823e-05
-3.4663e-06
-5.36385e-05
-3.96221e-06
-5.62346e-05
-4.46775e-06
-5.92076e-05
-4.9823e-06
-6.25817e-05
-5.50445e-06
-6.63775e-05
-6.03185e-06
-7.06154e-05
-6.56098e-06
-7.53161e-05
-7.08692e-06
-8.0501e-05
-7.60302e-06
-8.61911e-05
-8.10066e-06
-9.24069e-05
-8.56891e-06
-9.91668e-05
-8.99423e-06
-0.000106486
-9.36015e-06
-0.000114376
-9.64709e-06
-0.000122839
-9.83226e-06
-0.000131871
-9.8898e-06
-0.000141454
-9.79119e-06
-0.000151556
-9.50622e-06
-0.000162123
-9.00447e-06
-0.000173078
-8.25765e-06
-0.000184308
-7.24331e-06
-0.000195641
-5.95059e-06
-0.000206783
-4.38955e-06
-0.000217123
-2.60661e-06
-0.000225226
-7.07875e-07
-0.000227592
1.11389e-06
-0.000216018
2.57693e-06
-0.000172963
3.34244e-06
-6.54935e-05
3.15981e-06
0.000158126
2.09316e-06
0.00056044
7.11197e-07
0.00118678
0.00202361
-1.98659e-07
-1.15785e-05
-6.61217e-07
-2.69175e-05
-1.28294e-06
-3.61955e-05
-1.9939e-06
-4.14879e-05
-2.75432e-06
-4.45822e-05
-3.54515e-06
-4.67086e-05
-4.35927e-06
-4.85773e-05
-5.19541e-06
-5.05462e-05
-6.05467e-06
-5.27793e-05
-6.93878e-06
-5.53505e-05
-7.84927e-06
-5.82971e-05
-8.787e-06
-6.1644e-05
-9.75184e-06
-6.54127e-05
-1.07424e-05
-6.96248e-05
-1.17556e-05
-7.43029e-05
-1.27863e-05
-7.94702e-05
-1.38271e-05
-8.51503e-05
-1.48673e-05
-9.13667e-05
-1.58927e-05
-9.81414e-05
-1.68848e-05
-0.000105494
-1.78203e-05
-0.00011344
-1.86701e-05
-0.000121989
-1.93991e-05
-0.000131142
-1.9966e-05
-0.000140887
-2.03231e-05
-0.000151199
-2.04169e-05
-0.000162029
-2.01902e-05
-0.000173304
-1.95844e-05
-0.000184913
-1.85447e-05
-0.000196681
-1.70278e-05
-0.0002083
-1.50139e-05
-0.000219137
-1.25272e-05
-0.000227713
-9.66388e-06
-0.000230456
-6.62512e-06
-0.000219057
-3.73686e-06
-0.000175852
-1.4045e-06
-6.78259e-05
2.12878e-08
0.000156701
4.5278e-07
0.000560009
2.2196e-07
0.00118701
0.00202383
-2.84939e-07
-1.12936e-05
-9.44077e-07
-2.62583e-05
-1.82721e-06
-3.53124e-05
-2.8357e-06
-4.04795e-05
-3.91434e-06
-4.35035e-05
-5.03736e-06
-4.55856e-05
-6.19576e-06
-4.74189e-05
-7.38873e-06
-4.93532e-05
-8.61879e-06
-5.15492e-05
-9.88946e-06
-5.40798e-05
-1.12041e-05
-5.69825e-05
-1.25652e-05
-6.02828e-05
-1.39743e-05
-6.40036e-05
-1.54312e-05
-6.81679e-05
-1.69338e-05
-7.28004e-05
-1.84772e-05
-7.79268e-05
-2.00535e-05
-8.3574e-05
-2.16508e-05
-8.97694e-05
-2.32521e-05
-9.654e-05
-2.48347e-05
-0.000103911
-2.63689e-05
-0.000111906
-2.78167e-05
-0.000120541
-2.91311e-05
-0.000129828
-3.02548e-05
-0.000139764
-3.11201e-05
-0.000150333
-3.1649e-05
-0.0001615
-3.17544e-05
-0.000173199
-3.13437e-05
-0.000185324
-3.03243e-05
-0.0001977
-2.86135e-05
-0.000210011
-2.61547e-05
-0.000221596
-2.29435e-05
-0.000230924
-1.90635e-05
-0.000234336
-1.47299e-05
-0.000223391
-1.03147e-05
-0.000180267
-6.31017e-06
-7.18304e-05
-3.19496e-06
0.000153585
-1.22767e-06
0.000558042
-2.95903e-07
0.00118608
0.00202354
-3.69802e-07
-1.09238e-05
-1.2221e-06
-2.54061e-05
-2.362e-06
-3.41725e-05
-3.66277e-06
-3.91787e-05
-5.05415e-06
-4.21122e-05
-6.50394e-06
-4.41358e-05
-8.00144e-06
-4.59214e-05
-9.54644e-06
-4.78082e-05
-1.11431e-05
-4.99526e-05
-1.27968e-05
-5.24261e-05
-1.45129e-05
-5.52663e-05
-1.62962e-05
-5.84995e-05
-1.815e-05
-6.21499e-05
-2.00757e-05
-6.62422e-05
-2.20726e-05
-7.08034e-05
-2.41371e-05
-7.58623e-05
-2.62613e-05
-8.14497e-05
-2.8433e-05
-8.75978e-05
-3.06335e-05
-9.43395e-05
-3.28369e-05
-0.000101708
-3.50082e-05
-0.000109735
-3.71015e-05
-0.000118448
-3.90585e-05
-0.000127871
-4.08067e-05
-0.000138015
-4.22577e-05
-0.000148882
-4.33074e-05
-0.00016045
-4.3836e-05
-0.00017267
-4.37115e-05
-0.000185448
-4.27962e-05
-0.000198616
-4.09583e-05
-0.000211849
-3.8093e-05
-0.000224461
-3.41554e-05
-0.000234862
-2.92084e-05
-0.000239283
-2.34794e-05
-0.00022912
-1.73987e-05
-0.000186348
-1.15679e-05
-7.76612e-05
-6.61892e-06
0.000148636
-2.99737e-06
0.00055442
-8.20757e-07
0.0011839
0.00202272
-4.52641e-07
-1.04712e-05
-1.49332e-06
-2.43654e-05
-2.8836e-06
-3.27822e-05
-4.4694e-06
-3.75929e-05
-6.16598e-06
-4.04156e-05
-7.93498e-06
-4.23668e-05
-9.76423e-06
-4.40922e-05
-1.16543e-05
-4.59182e-05
-1.36111e-05
-4.79958e-05
-1.56422e-05
-5.03949e-05
-1.77554e-05
-5.31531e-05
-1.99577e-05
-5.62973e-05
-2.22547e-05
-5.98528e-05
-2.46503e-05
-6.38466e-05
-2.71459e-05
-6.83079e-05
-2.97394e-05
-7.32688e-05
-3.24246e-05
-7.87645e-05
-3.51898e-05
-8.48325e-05
-3.80163e-05
-9.15131e-05
-4.08763e-05
-9.8848e-05
-4.37312e-05
-0.00010688
-4.65292e-05
-0.00011565
-4.92021e-05
-0.000125198
-5.1663e-05
-0.000135555
-5.38038e-05
-0.000146742
-5.54927e-05
-0.000158762
-5.65745e-05
-0.000171589
-5.6872e-05
-0.000185151
-5.61928e-05
-0.000199295
-5.43429e-05
-0.000213699
-5.1152e-05
-0.000227652
-4.65165e-05
-0.000239498
-4.04622e-05
-0.000245337
-3.32221e-05
-0.00023636
-2.52938e-05
-0.000194276
-1.7416e-05
-8.5539e-05
-1.04121e-05
0.000141633
-4.95197e-06
0.00054896
-1.40824e-06
0.00118036
0.00202131
-5.32839e-07
-9.93832e-06
-1.75577e-06
-2.31424e-05
-3.38821e-06
-3.11498e-05
-5.24977e-06
-3.57313e-05
-7.24183e-06
-3.84235e-05
-9.32026e-06
-4.02883e-05
-1.14716e-05
-4.19408e-05
-1.36975e-05
-4.36923e-05
-1.60057e-05
-4.56876e-05
-1.84062e-05
-4.79944e-05
-2.09095e-05
-5.06498e-05
-2.35253e-05
-5.36815e-05
-2.62621e-05
-5.7116e-05
-2.91266e-05
-6.09821e-05
-3.21232e-05
-6.53114e-05
-3.52525e-05
-7.01394e-05
-3.85112e-05
-7.55058e-05
-4.18896e-05
-8.14541e-05
-4.53706e-05
-8.80322e-05
-4.89269e-05
-9.52917e-05
-5.25188e-05
-0.000103288
-5.60907e-05
-0.000112078
-5.95674e-05
-0.000121721
-6.28502e-05
-0.000132272
-6.58124e-05
-0.000143779
-6.82953e-05
-0.000156279
-7.01055e-05
-0.000169778
-7.1015e-05
-0.000184241
-7.07658e-05
-0.000199544
-6.90844e-05
-0.00021538
-6.57116e-05
-0.000231024
-6.04565e-05
-0.000244753
-5.32806e-05
-0.000252513
-4.44052e-05
-0.000245235
-3.44e-05
-0.000204281
-2.4173e-05
-9.5766e-05
-1.47928e-05
0.000132252
-7.20791e-06
0.000541375
-2.08871e-06
0.00117524
0.00201922
-6.09777e-07
-9.32854e-06
-2.00743e-06
-2.17448e-05
-3.87198e-06
-2.92852e-05
-5.99794e-06
-3.36054e-05
-8.27352e-06
-3.61479e-05
-1.06492e-05
-3.79126e-05
-1.31107e-05
-3.94794e-05
-1.56605e-05
-4.11425e-05
-1.83088e-05
-4.30394e-05
-2.10681e-05
-4.5235e-05
-2.39518e-05
-4.77661e-05
-2.69727e-05
-5.06605e-05
-3.01428e-05
-5.39459e-05
-3.34724e-05
-5.76525e-05
-3.69696e-05
-6.18142e-05
-4.06392e-05
-6.64699e-05
-4.44816e-05
-7.16634e-05
-4.84915e-05
-7.74443e-05
-5.26553e-05
-8.38683e-05
-5.69492e-05
-9.09978e-05
-6.13353e-05
-9.89017e-05
-6.5758e-05
-0.000107655
-7.01393e-05
-0.00011734
-7.43724e-05
-0.000128039
-7.83158e-05
-0.000139836
-8.17861e-05
-0.000152808
-8.45518e-05
-0.000167013
-8.63292e-05
-0.000182464
-8.67833e-05
-0.00019909
-8.55409e-05
-0.000216622
-8.22225e-05
-0.000234343
-7.65091e-05
-0.000250466
-6.82527e-05
-0.000260769
-5.76278e-05
-0.00025586
-4.52694e-05
-0.00021664
-3.22901e-05
-0.000108745
-2.00748e-05
0.000120037
-9.93625e-06
0.000531236
-2.91689e-06
0.00116822
0.0020163
-6.82846e-07
-8.64569e-06
-2.24629e-06
-2.01813e-05
-4.33105e-06
-2.72005e-05
-6.70788e-06
-3.12285e-05
-9.2527e-06
-3.36031e-05
-1.19111e-05
-3.52542e-05
-1.4668e-05
-3.67225e-05
-1.75274e-05
-3.82831e-05
-2.05015e-05
-4.00652e-05
-2.36059e-05
-4.21306e-05
-2.68571e-05
-4.45149e-05
-3.02715e-05
-4.72461e-05
-3.38649e-05
-5.03526e-05
-3.76519e-05
-5.38655e-05
-4.16453e-05
-5.78208e-05
-4.58553e-05
-6.22599e-05
-5.02879e-05
-6.72307e-05
-5.49438e-05
-7.27883e-05
-5.9816e-05
-7.89961e-05
-6.48869e-05
-8.59269e-05
-7.01249e-05
-9.36638e-05
-7.54793e-05
-0.000102301
-8.08745e-05
-0.000111944
-8.62024e-05
-0.000122711
-9.1313e-05
-0.000134725
-9.60041e-05
-0.000148117
-0.000100009
-0.000163007
-0.000102989
-0.000179485
-0.000104521
-0.000197558
-0.000104111
-0.000217032
-0.00010122
-0.000237233
-9.53449e-05
-0.000256342
-8.61573e-05
-0.000269957
-7.3719e-05
-0.000268298
-5.8698e-05
-0.000231661
-4.24414e-05
-0.000125002
-2.67417e-05
0.000104337
-1.34071e-05
0.000517902
-3.9811e-06
0.00115879
0.00201232
-7.51473e-07
-7.89422e-06
-2.47039e-06
-1.84624e-05
-4.7615e-06
-2.49094e-05
-7.37346e-06
-2.86166e-05
-1.01708e-05
-3.08058e-05
-1.30948e-05
-3.23301e-05
-1.61299e-05
-3.36875e-05
-1.92814e-05
-3.51316e-05
-2.25641e-05
-3.67825e-05
-2.59966e-05
-3.86981e-05
-2.95987e-05
-4.09128e-05
-3.33908e-05
-4.34541e-05
-3.73929e-05
-4.63504e-05
-4.16248e-05
-4.96336e-05
-4.61048e-05
-5.33407e-05
-5.08496e-05
-5.75152e-05
-5.58725e-05
-6.22078e-05
-6.11826e-05
-6.74783e-05
-6.67821e-05
-7.33966e-05
-7.26637e-05
-8.00453e-05
-7.88067e-05
-8.75208e-05
-8.51714e-05
-9.59362e-05
-9.16925e-05
-0.000105423
-9.82693e-05
-0.000116134
-0.000104754
-0.000128241
-0.000110936
-0.000141935
-0.000116525
-0.000157418
-0.000121129
-0.000174881
-0.000124239
-0.000194448
-0.000125219
-0.000216052
-0.00012333
-0.000239123
-0.000117806
-0.000261865
-0.000108037
-0.000279726
-9.38544e-05
-0.000282481
-7.58753e-05
-0.00024964
-5.56788e-05
-0.000145198
-3.55837e-05
8.42422e-05
-1.80728e-05
0.000500391
-5.4323e-06
0.00114615
0.00200689
-8.15132e-07
-7.07909e-06
-2.67775e-06
-1.65998e-05
-5.15928e-06
-2.24278e-05
-7.98816e-06
-2.57877e-05
-1.10187e-05
-2.77752e-05
-1.41884e-05
-2.91605e-05
-1.74813e-05
-3.03945e-05
-2.09045e-05
-3.17084e-05
-2.44751e-05
-3.32118e-05
-2.82148e-05
-3.49584e-05
-3.21471e-05
-3.69805e-05
-3.62963e-05
-3.93049e-05
-4.06874e-05
-4.19593e-05
-4.53455e-05
-4.49755e-05
-5.02956e-05
-4.83907e-05
-5.55617e-05
-5.22491e-05
-6.11663e-05
-5.66032e-05
-6.71289e-05
-6.15157e-05
-7.3464e-05
-6.70616e-05
-8.01786e-05
-7.33307e-05
-8.72682e-05
-8.04311e-05
-9.47117e-05
-8.84928e-05
-0.000102463
-9.76718e-05
-0.000110442
-0.000108155
-0.000118516
-0.000120166
-0.000126487
-0.000133965
-0.000134057
-0.000149848
-0.000140803
-0.000168135
-0.000146136
-0.000189114
-0.000149276
-0.000212913
-0.000149242
-0.000239157
-0.000144923
-0.000266184
-0.000135278
-0.00028937
-0.000119718
-0.00029804
-9.86218e-05
-0.000270736
-7.37178e-05
-0.000170102
-4.79325e-05
5.84569e-05
-2.47286e-05
0.000477187
-7.54071e-06
0.00112896
0.00199935
-8.73313e-07
-6.20578e-06
-2.86611e-06
-1.4607e-05
-5.51955e-06
-1.97744e-05
-8.54419e-06
-2.27631e-05
-1.17855e-05
-2.45339e-05
-1.51776e-05
-2.57683e-05
-1.87046e-05
-2.68675e-05
-2.23752e-05
-2.80379e-05
-2.6209e-05
-2.93781e-05
-3.02305e-05
-3.09368e-05
-3.4467e-05
-3.2744e-05
-3.8947e-05
-3.48249e-05
-4.37005e-05
-3.72058e-05
-4.87585e-05
-3.99175e-05
-5.4153e-05
-4.29962e-05
-5.99167e-05
-4.64854e-05
-6.60821e-05
-5.04377e-05
-7.26813e-05
-5.49165e-05
-7.97439e-05
-5.9999e-05
-8.72952e-05
-6.57794e-05
-9.53528e-05
-7.23736e-05
-0.000103921
-7.99241e-05
-0.000112986
-8.86071e-05
-0.0001225
-9.86411e-05
-0.00013237
-0.000110296
-0.000142432
-0.000123904
-0.000152414
-0.000139866
-0.000161898
-0.000158651
-0.000170253
-0.000180759
-0.000176573
-0.000206593
-0.000179625
-0.000236105
-0.000177873
-0.000267936
-0.000169663
-0.000297581
-0.000153687
-0.000314016
-0.000129726
-0.000294697
-9.93735e-05
-0.000200455
-6.61391e-05
2.52225e-05
-3.48392e-05
0.000445887
-1.08182e-05
0.00110494
0.00198853
-9.25273e-07
-5.2805e-06
-3.03197e-06
-1.25003e-05
-5.83491e-06
-1.69715e-05
-9.02976e-06
-1.95682e-05
-1.24547e-05
-2.1109e-05
-1.60414e-05
-2.21816e-05
-1.9774e-05
-2.31349e-05
-2.36625e-05
-2.41494e-05
-2.77289e-05
-2.53117e-05
-3.20006e-05
-2.66651e-05
-3.65083e-05
-2.82364e-05
-4.12847e-05
-3.00485e-05
-4.63647e-05
-3.21258e-05
-5.17855e-05
-3.44967e-05
-5.75863e-05
-3.71953e-05
-6.38089e-05
-4.02628e-05
-7.04971e-05
-4.37495e-05
-7.76967e-05
-4.7717e-05
-8.54545e-05
-5.22411e-05
-9.38176e-05
-5.74164e-05
-0.000102831
-6.33606e-05
-0.000112532
-7.02224e-05
-0.000122949
-7.81901e-05
-0.000134087
-8.75038e-05
-0.000145911
-9.84712e-05
-0.000158329
-0.000111486
-0.000171142
-0.000127052
-0.000183995
-0.000145798
-0.000196287
-0.000168467
-0.000207062
-0.000195818
-0.000214883
-0.000228284
-0.00021776
-0.000265059
-0.00021325
-0.00030209
-0.000198927
-0.000328339
-0.000173339
-0.000320285
-0.000137241
-0.000236553
-9.43727e-05
-1.76462e-05
-5.11743e-05
0.000402689
-1.62756e-05
0.00107005
0.00197225
-9.69178e-07
-4.31133e-06
-3.16794e-06
-1.03016e-05
-6.09051e-06
-1.40489e-05
-9.42208e-06
-1.62366e-05
-1.29956e-05
-1.75354e-05
-1.67409e-05
-1.84364e-05
-2.06418e-05
-1.92339e-05
-2.47097e-05
-2.00815e-05
-2.89684e-05
-2.1053e-05
-3.34478e-05
-2.21856e-05
-3.81818e-05
-2.35024e-05
-4.32069e-05
-2.50234e-05
-4.85627e-05
-2.67699e-05
-5.42922e-05
-2.87672e-05
-6.04418e-05
-3.10457e-05
-6.70621e-05
-3.36425e-05
-7.42082e-05
-3.66033e-05
-8.19403e-05
-3.99848e-05
-9.03237e-05
-4.38578e-05
-9.94289e-05
-4.83112e-05
-0.000109331
-5.34583e-05
-0.000120109
-5.94446e-05
-0.000131841
-6.64583e-05
-0.000144598
-7.47464e-05
-0.000158434
-8.46349e-05
-0.000173362
-9.65584e-05
-0.000189318
-0.000111097
-0.000206094
-0.000129021
-0.000223241
-0.00015132
-0.000239902
-0.000179158
-0.000254599
-0.000213587
-0.000265002
-0.000254657
-0.000267813
-0.000299279
-0.000259059
-0.000337093
-0.00023511
-0.000344233
-0.000194486
-0.000277177
-0.000139811
-7.23218e-05
-7.90056e-05
0.000341883
-2.59934e-05
0.00101703
0.00194626
-9.99851e-07
-3.31148e-06
-3.25648e-06
-8.04494e-06
-6.25363e-06
-1.10517e-05
-9.67254e-06
-1.28177e-05
-1.33435e-05
-1.38645e-05
-1.71947e-05
-1.45852e-05
-2.12097e-05
-1.5219e-05
-2.54001e-05
-1.5891e-05
-2.97912e-05
-1.6662e-05
-3.44149e-05
-1.7562e-05
-3.93073e-05
-1.861e-05
-4.45083e-05
-1.98224e-05
-5.00614e-05
-2.12168e-05
-5.60146e-05
-2.2814e-05
-6.24206e-05
-2.46397e-05
-6.93379e-05
-2.67252e-05
-7.6832e-05
-2.91092e-05
-8.49764e-05
-3.18405e-05
-9.38539e-05
-3.49803e-05
-0.000103558
-3.86068e-05
-0.000114196
-4.28208e-05
-0.000125887
-4.77536e-05
-0.000138766
-5.35791e-05
-0.000152982
-6.053e-05
-0.000168694
-6.89232e-05
-0.000186057
-7.91952e-05
-0.0002052
-9.19549e-05
-0.000226167
-0.000108054
-0.000248819
-0.000128668
-0.000272646
-0.000155331
-0.00029646
-0.000189773
-0.00031796
-0.000233157
-0.000333252
-0.000283988
-0.000336626
-0.000333719
-0.000321171
-0.000359688
-0.00028084
-0.000317508
-0.000214067
-0.000139095
-0.000128178
0.000255994
-4.44087e-05
0.000933264
0.00190185
-1.00427e-06
-2.30721e-06
-3.25857e-06
-5.79064e-06
-6.25492e-06
-8.0554e-06
-9.68014e-06
-9.39251e-06
-1.33648e-05
-1.01798e-05
-1.72354e-05
-1.07146e-05
-2.12743e-05
-1.118e-05
-2.54929e-05
-1.16725e-05
-2.99166e-05
-1.22383e-05
-3.45782e-05
-1.29004e-05
-3.95154e-05
-1.36728e-05
-4.477e-05
-1.45678e-05
-5.03881e-05
-1.55986e-05
-5.6421e-05
-1.67811e-05
-6.29259e-05
-1.81349e-05
-6.9967e-05
-1.9684e-05
-7.76175e-05
-2.14587e-05
-8.59612e-05
-2.34967e-05
-9.5095e-05
-2.58465e-05
-0.000105132
-2.857e-05
-0.000116205
-3.17481e-05
-0.000128471
-3.54876e-05
-0.000142117
-3.99322e-05
-0.000157369
-4.5278e-05
-0.000174494
-5.17987e-05
-0.000193806
-5.98831e-05
-0.000215666
-7.00952e-05
-0.000240456
-8.32637e-05
-0.000268518
-0.000100606
-0.000299991
-0.000123858
-0.000334481
-0.000155283
-0.000370451
-0.000197186
-0.00040427
-0.000250169
-0.000429066
-0.000308922
-0.000434068
-0.000354687
-0.000405807
-0.000345769
-0.000332948
-0.000211953
-0.00021577
0.000138816
-8.11404e-05
0.000798635
0.00182071
-9.54922e-07
-1.35229e-06
-3.09881e-06
-3.64675e-06
-5.96432e-06
-5.18989e-06
-9.25658e-06
-6.10026e-06
-1.28095e-05
-6.62695e-06
-1.65479e-05
-6.97611e-06
-2.04522e-05
-7.27575e-06
-2.45319e-05
-7.59277e-06
-2.88115e-05
-7.95868e-06
-3.33234e-05
-8.38852e-06
-3.81049e-05
-8.89132e-06
-4.31977e-05
-9.47494e-06
-4.86483e-05
-1.01481e-05
-5.45082e-05
-1.09212e-05
-6.08356e-05
-1.18074e-05
-6.76968e-05
-1.28228e-05
-7.51678e-05
-1.39878e-05
-8.33366e-05
-1.53279e-05
-9.23071e-05
-1.6876e-05
-0.000102202
-1.86747e-05
-0.000113171
-2.07796e-05
-0.000125393
-2.32653e-05
-0.000139093
-2.62328e-05
-0.000154548
-2.98224e-05
-0.000172113
-3.42336e-05
-0.000192239
-3.97574e-05
-0.000215504
-4.68307e-05
-0.000242642
-5.61247e-05
-0.000274563
-6.86856e-05
-0.000312294
-8.61269e-05
-0.000356768
-0.000110808
-0.000408218
-0.000145736
-0.00046488
-0.000193508
-0.000520723
-0.000253079
-0.000562524
-0.000312887
-0.000568071
-0.000340222
-0.000509385
-0.000270639
-0.000366467
-4.10323e-06
-0.000157124
0.000589292
0.00166359
-8.03059e-07
-5.49227e-07
-2.65648e-06
-1.79333e-06
-5.17829e-06
-2.66809e-06
-8.10506e-06
-3.17348e-06
-1.12782e-05
-3.45382e-06
-1.46224e-05
-3.63186e-06
-1.8116e-05
-3.7822e-06
-2.17662e-05
-3.94258e-06
-2.5595e-05
-4.12987e-06
-2.96319e-05
-4.35158e-06
-3.39113e-05
-4.61201e-06
-3.84712e-05
-4.91501e-06
-4.33543e-05
-5.26499e-06
-4.86081e-05
-5.66741e-06
-5.42865e-05
-6.12907e-06
-6.04508e-05
-6.65848e-06
-6.71722e-05
-7.26634e-06
-7.45339e-05
-7.96624e-06
-8.26342e-05
-8.77561e-06
-9.15919e-05
-9.71705e-06
-0.000101551
-1.08203e-05
-0.000112691
-1.21253e-05
-0.000125238
-1.36863e-05
-0.00013948
-1.55798e-05
-0.000155799
-1.79154e-05
-0.0001747
-2.08563e-05
-0.000196876
-2.46544e-05
-0.000223288
-2.97129e-05
-0.000255277
-3.6696e-05
-0.000294695
-4.6709e-05
-0.000343957
-6.15471e-05
-0.000405785
-8.39077e-05
-0.00048211
-0.000117182
-0.00057126
-0.000163928
-0.000662697
-0.000221449
-0.000730181
-0.000272739
-0.000727754
-0.000273065
-0.000597806
-0.000134052
-0.000314665
0.000306151
0.00134892
-4.88055e-07
-6.11731e-08
-1.79714e-06
-4.84238e-07
-3.66373e-06
-8.01504e-07
-5.86707e-06
-9.70146e-07
-8.26663e-06
-1.05426e-06
-1.07953e-05
-1.10322e-06
-1.34333e-05
-1.14414e-06
-1.61864e-05
-1.18953e-06
-1.9072e-05
-1.24427e-06
-2.21134e-05
-1.31017e-06
-2.53372e-05
-1.38818e-06
-2.87729e-05
-1.47928e-06
-3.24532e-05
-1.58471e-06
-3.64146e-05
-1.70607e-06
-4.06982e-05
-1.84539e-06
-4.53515e-05
-2.0052e-06
-5.04291e-05
-2.18873e-06
-5.59953e-05
-2.40003e-06
-6.21266e-05
-2.64437e-06
-6.89151e-05
-2.9285e-06
-7.64742e-05
-3.26129e-06
-8.49448e-05
-3.65459e-06
-9.45066e-05
-4.12453e-06
-0.000105393
-4.69368e-06
-0.000117914
-5.39454e-06
-0.000132494
-6.27574e-06
-0.000149735
-7.41379e-06
-0.000170512
-8.93581e-06
-0.000196143
-1.10643e-05
-0.00022865
-1.42026e-05
-0.000271112
-1.90846e-05
-0.00032802
-2.69996e-05
-0.000405173
-4.00299e-05
-0.000508068
-6.10336e-05
-0.00063693
-9.25866e-05
-0.000776553
-0.000133116
-0.000880346
-0.000169272
-0.000853911
-0.000160487
-0.000593999
4.62386e-05
0.000754925
-6.11687e-08
-5.45413e-07
-1.34692e-06
-2.31706e-06
-3.37132e-06
-4.47455e-06
-5.61869e-06
-6.80822e-06
-8.05249e-06
-9.36266e-06
-1.07508e-05
-1.22301e-05
-1.38148e-05
-1.55209e-05
-1.73663e-05
-1.93715e-05
-2.15602e-05
-2.39603e-05
-2.66046e-05
-2.95331e-05
-3.27944e-05
-3.6449e-05
-4.05735e-05
-4.52672e-05
-5.06618e-05
-5.69375e-05
-6.43513e-05
-7.32871e-05
-8.43514e-05
-9.85541e-05
-0.000117639
-0.000144638
-0.000184668
-0.000245702
-0.000338288
-0.000471405
-0.000640677
-0.000801163
-0.000754925
)
;

boundaryField
{
    frontAndBack
    {
        type            empty;
        value           nonuniform List<scalar> 0();
    }
    fixedWalls
    {
        type            calculated;
        value           uniform 0;
    }
    movingWall
    {
        type            calculated;
        value           uniform 0;
    }
}


// ************************************************************************* //
