/*--------------------------------*- C++ -*----------------------------------*\
  =========                 |
  \\      /  F ield         | OpenFOAM: The Open Source CFD Toolbox
   \\    /   O peration     | Website:  https://openfoam.org
    \\  /    A nd           | Version:  10
     \\/     M anipulation  |
\*---------------------------------------------------------------------------*/
FoamFile
{
    format      ascii;
    class       volVectorField;
    location    "0.2";
    object      U;
}
// * * * * * * * * * * * * * * * * * * * * * * * * * * * * * * * * * * * * * //

dimensions      [0 1 -1 0 0 0 0];

internalField   nonuniform List<vector> 
1600
(
(1.12617e-05 -1.21063e-05 0)
(-5.51744e-05 8.03109e-05 0)
(-0.000106688 0.000346467 0)
(-0.00013266 0.000702579 0)
(-0.000144065 0.00110363 0)
(-0.00014969 0.0015284 0)
(-0.000154105 0.00196898 0)
(-0.000159241 0.00242487 0)
(-0.000165738 0.00289878 0)
(-0.000173751 0.00339452 0)
(-0.000183331 0.0039163 0)
(-0.00019454 0.00446858 0)
(-0.00020749 0.00505613 0)
(-0.000222337 0.00568416 0)
(-0.000239288 0.00635839 0)
(-0.000258607 0.00708523 0)
(-0.000280624 0.00787196 0)
(-0.000305765 0.0087269 0)
(-0.000334568 0.00965976 0)
(-0.00036773 0.010682 0)
(-0.000406158 0.0118071 0)
(-0.000451047 0.0130519 0)
(-0.000504 0.0144366 0)
(-0.000567221 0.0159869 0)
(-0.000643805 0.0177356 0)
(-0.000738237 0.0197253 0)
(-0.000857246 0.0220132 0)
(-0.0010114 0.0246781 0)
(-0.00121822 0.0278318 0)
(-0.00150838 0.03164 0)
(-0.00193814 0.0363587 0)
(-0.0026135 0.0424006 0)
(-0.00373465 0.050453 0)
(-0.0056708 0.0616801 0)
(-0.00906182 0.0780199 0)
(-0.0148536 0.102533 0)
(-0.0238346 0.140049 0)
(-0.0336159 0.198293 0)
(-0.0153018 0.265058 0)
(0.271332 0.150648 0)
(-8.01444e-05 5.38672e-05 0)
(-0.00037551 0.000373484 0)
(-0.000592311 0.00101715 0)
(-0.000714408 0.00183391 0)
(-0.000778437 0.00274499 0)
(-0.000816319 0.00371411 0)
(-0.00084693 0.0047259 0)
(-0.000879483 0.00577793 0)
(-0.000917831 0.00687464 0)
(-0.000963481 0.00802354 0)
(-0.00101717 0.00923353 0)
(-0.00107952 0.0105145 0)
(-0.00115126 0.0118771 0)
(-0.0012333 0.0133332 0)
(-0.00132682 0.0148959 0)
(-0.00143325 0.0165797 0)
(-0.00155442 0.0184011 0)
(-0.00169263 0.0203792 0)
(-0.0018508 0.022536 0)
(-0.00203267 0.0248973 0)
(-0.00224308 0.0274938 0)
(-0.00248842 0.0303629 0)
(-0.00277719 0.0335502 0)
(-0.003121 0.0371126 0)
(-0.00353591 0.0411225 0)
(-0.0040448 0.0456732 0)
(-0.00468102 0.050888 0)
(-0.00549478 0.056933 0)
(-0.00656431 0.0640374 0)
(-0.00801541 0.0725242 0)
(-0.0100553 0.0828575 0)
(-0.0130273 0.0957093 0)
(-0.017488 0.11204 0)
(-0.0242843 0.133147 0)
(-0.0345273 0.160533 0)
(-0.0490966 0.195095 0)
(-0.0664921 0.234378 0)
(-0.0750941 0.266146 0)
(-0.0194054 0.257336 0)
(0.351128 0.125553 0)
(-0.000345944 0.000105819 0)
(-0.00101707 0.000585212 0)
(-0.00148455 0.00146901 0)
(-0.00176039 0.00256044 0)
(-0.00191643 0.0037658 0)
(-0.00201556 0.00504575 0)
(-0.00209733 0.0063834 0)
(-0.00218235 0.00777609 0)
(-0.0022801 0.0092293 0)
(-0.0023948 0.0107524 0)
(-0.0025287 0.0123566 0)
(-0.00268359 0.0140547 0)
(-0.0028614 0.0158606 0)
(-0.00306443 0.0177893 0)
(-0.00329555 0.0198579 0)
(-0.00355828 0.0220852 0)
(-0.00385705 0.0244924 0)
(-0.00419736 0.0271038 0)
(-0.00458622 0.0299473 0)
(-0.00503253 0.0330557 0)
(-0.00554781 0.0364674 0)
(-0.00614707 0.0402289 0)
(-0.00685026 0.0443961 0)
(-0.00768421 0.0490383 0)
(-0.00868569 0.0542414 0)
(-0.00990607 0.0601148 0)
(-0.0114186 0.0667989 0)
(-0.0133299 0.0744765 0)
(-0.0157989 0.083389 0)
(-0.0190655 0.0938566 0)
(-0.0234931 0.106302 0)
(-0.0296182 0.121268 0)
(-0.0381725 0.139392 0)
(-0.0499619 0.161247 0)
(-0.0652912 0.186838 0)
(-0.0821698 0.214256 0)
(-0.0914163 0.236314 0)
(-0.0641864 0.234335 0)
(0.0769144 0.181333 0)
(0.507642 0.0770697 0)
(-0.000695732 0.000129658 0)
(-0.0018179 0.000691814 0)
(-0.0025673 0.00170428 0)
(-0.00301262 0.00293717 0)
(-0.00327155 0.00428851 0)
(-0.0034417 0.0057193 0)
(-0.00358454 0.00721348 0)
(-0.0037327 0.00876913 0)
(-0.00390165 0.0103926 0)
(-0.00409867 0.012094 0)
(-0.00432778 0.0138859 0)
(-0.00459215 0.0157819 0)
(-0.00489511 0.017797 0)
(-0.00524056 0.0199479 0)
(-0.00563325 0.0222527 0)
(-0.00607904 0.0247316 0)
(-0.00658515 0.0274073 0)
(-0.00716061 0.0303055 0)
(-0.00781676 0.0334556 0)
(-0.00856797 0.0368914 0)
(-0.00943265 0.0406524 0)
(-0.0104347 0.0447853 0)
(-0.0116053 0.0493457 0)
(-0.0129862 0.0544006 0)
(-0.0146334 0.0600315 0)
(-0.0166238 0.0663384 0)
(-0.0190642 0.0734449 0)
(-0.0221055 0.0815042 0)
(-0.025963 0.0907054 0)
(-0.0309446 0.101278 0)
(-0.037483 0.113489 0)
(-0.0461479 0.127612 0)
(-0.0575622 0.143837 0)
(-0.072016 0.162009 0)
(-0.0883017 0.181033 0)
(-0.10084 0.197614 0)
(-0.0935367 0.20381 0)
(-0.0284942 0.184009 0)
(0.169543 0.12385 0)
(0.615435 0.0461987 0)
(-0.00108021 0.000136646 0)
(-0.00268644 0.000729176 0)
(-0.00372805 0.00179222 0)
(-0.00434443 0.00307864 0)
(-0.00470658 0.00448229 0)
(-0.00494904 0.00596491 0)
(-0.00515537 0.00751148 0)
(-0.00536986 0.00912088 0)
(-0.00561376 0.0107999 0)
(-0.00589725 0.0125591 0)
(-0.00622611 0.014411 0)
(-0.00660487 0.0163693 0)
(-0.00703823 0.0184493 0)
(-0.00753164 0.0206672 0)
(-0.00809165 0.0230412 0)
(-0.00872628 0.0255911 0)
(-0.0094454 0.0283389 0)
(-0.0102612 0.0313092 0)
(-0.0111889 0.0345298 0)
(-0.0122476 0.0380324 0)
(-0.0134617 0.0418529 0)
(-0.0148622 0.0460333 0)
(-0.0164894 0.0506219 0)
(-0.0183962 0.0556753 0)
(-0.0206524 0.0612598 0)
(-0.0233516 0.0674527 0)
(-0.0266206 0.0743441 0)
(-0.0306323 0.0820371 0)
(-0.0356233 0.0906452 0)
(-0.0419142 0.100284 0)
(-0.04992 0.111051 0)
(-0.0601143 0.122969 0)
(-0.072834 0.135873 0)
(-0.0876601 0.149144 0)
(-0.101823 0.161177 0)
(-0.106769 0.168449 0)
(-0.0820823 0.16416 0)
(0.0125442 0.137706 0)
(0.241945 0.0836577 0)
(0.678715 0.0275981 0)
(-0.00147144 0.000135682 0)
(-0.00357245 0.000728993 0)
(-0.00490869 0.00179506 0)
(-0.00569425 0.00308222 0)
(-0.00615725 0.00448341 0)
(-0.00647046 0.00596101 0)
(-0.00673952 0.0075008 0)
(-0.00702005 0.00910209 0)
(-0.00733876 0.0107718 0)
(-0.00770851 0.0125204 0)
(-0.00813668 0.0143599 0)
(-0.00862904 0.0163039 0)
(-0.00919152 0.0183666 0)
(-0.00983091 0.0205637 0)
(-0.0105554 0.0229121 0)
(-0.0113747 0.0254303 0)
(-0.012301 0.0281384 0)
(-0.0133491 0.0310588 0)
(-0.0145371 0.0342159 0)
(-0.0158879 0.0376372 0)
(-0.01743 0.0413531 0)
(-0.0191994 0.0453976 0)
(-0.0212424 0.049809 0)
(-0.0236182 0.0546294 0)
(-0.0264039 0.0599055 0)
(-0.0297002 0.0656876 0)
(-0.0336395 0.0720281 0)
(-0.0383967 0.0789772 0)
(-0.0442005 0.0865753 0)
(-0.0513432 0.0948375 0)
(-0.0601686 0.103723 0)
(-0.0709908 0.11308 0)
(-0.083807 0.12253 0)
(-0.0975071 0.131242 0)
(-0.10802 0.137531 0)
(-0.104699 0.138255 0)
(-0.0648856 0.128281 0)
(0.0509932 0.101149 0)
(0.296917 0.0562827 0)
(0.717759 0.0163776 0)
(-0.0018554 0.000131365 0)
(-0.0044466 0.000710044 0)
(-0.00607359 0.00175214 0)
(-0.00702427 0.00300963 0)
(-0.00758462 0.00437701 0)
(-0.0079658 0.00581749 0)
(-0.00829528 0.00731736 0)
(-0.00863966 0.00887611 0)
(-0.00903081 0.0105005 0)
(-0.00948406 0.0122005 0)
(-0.0100082 0.0139877 0)
(-0.01061 0.0158746 0)
(-0.0112964 0.0178747 0)
(-0.0120754 0.0200022 0)
(-0.0129564 0.0222727 0)
(-0.0139506 0.0247025 0)
(-0.0150716 0.0273095 0)
(-0.0163361 0.0301129 0)
(-0.0177645 0.0331332 0)
(-0.0193816 0.0363927 0)
(-0.0212186 0.0399153 0)
(-0.0233141 0.0437264 0)
(-0.0257166 0.0478527 0)
(-0.0284876 0.0523216 0)
(-0.0317049 0.0571599 0)
(-0.0354679 0.0623917 0)
(-0.0399034 0.0680346 0)
(-0.0451728 0.0740935 0)
(-0.0514779 0.0805497 0)
(-0.0590594 0.0873433 0)
(-0.0681665 0.0943435 0)
(-0.0789385 0.101296 0)
(-0.0910515 0.10773 0)
(-0.102813 0.112784 0)
(-0.109178 0.114925 0)
(-0.0981694 0.111621 0)
(-0.04622 0.0992839 0)
(0.0842773 0.0743054 0)
(0.338288 0.0383376 0)
(0.743161 0.00982499 0)
(-0.00222553 0.000125635 0)
(-0.00529249 0.000681472 0)
(-0.00720151 0.00168393 0)
(-0.00831143 0.00289351 0)
(-0.00896493 0.00420809 0)
(-0.00941075 0.00559204 0)
(-0.00979758 0.00703213 0)
(-0.0102026 0.00852784 0)
(-0.0106626 0.0100856 0)
(-0.0111951 0.0117147 0)
(-0.0118101 0.0134259 0)
(-0.0125153 0.0152308 0)
(-0.0133184 0.0171416 0)
(-0.0142281 0.0191712 0)
(-0.0152548 0.0213334 0)
(-0.0164107 0.0236423 0)
(-0.0177104 0.0261132 0)
(-0.0191716 0.0287618 0)
(-0.0208157 0.0316046 0)
(-0.0226686 0.0346586 0)
(-0.0247621 0.037941 0)
(-0.0271351 0.0414686 0)
(-0.0298357 0.0452574 0)
(-0.0329234 0.0493208 0)
(-0.036472 0.0536679 0)
(-0.0405731 0.0583006 0)
(-0.0453401 0.0632083 0)
(-0.0509115 0.0683611 0)
(-0.0574522 0.0736988 0)
(-0.0651427 0.0791141 0)
(-0.0741344 0.0844266 0)
(-0.0844049 0.0893411 0)
(-0.0953592 0.0933757 0)
(-0.104856 0.0957397 0)
(-0.107168 0.0951513 0)
(-0.0895478 0.089691 0)
(-0.0282862 0.0769806 0)
(0.111982 0.0551989 0)
(0.369317 0.0267952 0)
(0.760177 0.00610796 0)
(-0.00257838 0.000119118 0)
(-0.00610049 0.000647018 0)
(-0.00827932 0.00159967 0)
(-0.00954113 0.00274908 0)
(-0.010283 0.00399786 0)
(-0.0107898 0.00531194 0)
(-0.0112305 0.00667861 0)
(-0.0116925 0.00809728 0)
(-0.0122171 0.00957384 0)
(-0.0128238 0.0111169 0)
(-0.0135236 0.0127364 0)
(-0.014325 0.0144427 0)
(-0.0152362 0.0162468 0)
(-0.0162665 0.0181602 0)
(-0.0174267 0.0201946 0)
(-0.0187295 0.0223621 0)
(-0.0201902 0.0246753 0)
(-0.0218266 0.0271465 0)
(-0.0236602 0.0297883 0)
(-0.0257168 0.0326126 0)
(-0.0280274 0.0356304 0)
(-0.0306292 0.0388509 0)
(-0.0335675 0.0422804 0)
(-0.036897 0.0459207 0)
(-0.0406838 0.0497665 0)
(-0.0450078 0.0538022 0)
(-0.0499644 0.0579966 0)
(-0.0556652 0.0622965 0)
(-0.062235 0.0666162 0)
(-0.0697952 0.070824 0)
(-0.0784083 0.0747215 0)
(-0.0879162 0.0780128 0)
(-0.0975115 0.0802533 0)
(-0.104725 0.0807673 0)
(-0.103381 0.0785386 0)
(-0.0803269 0.0721703 0)
(-0.0120921 0.0601449 0)
(0.134613 0.0416826 0)
(0.392744 0.0193264 0)
(0.771969 0.0040051 0)
(-0.00291157 0.000111938 0)
(-0.00686386 0.000608023 0)
(-0.00929766 0.0015032 0)
(-0.0107027 0.00258306 0)
(-0.0115276 0.00375593 0)
(-0.0120914 0.00498968 0)
(-0.0125824 0.00627226 0)
(-0.0130972 0.00760295 0)
(-0.0136817 0.00898711 0)
(-0.014357 0.0104326 0)
(-0.0151352 0.0119483 0)
(-0.0160251 0.0135436 0)
(-0.0170352 0.0152281 0)
(-0.0181751 0.0170117 0)
(-0.0194559 0.0189045 0)
(-0.0208905 0.0209165 0)
(-0.0224939 0.0230575 0)
(-0.0242837 0.0253371 0)
(-0.0262808 0.0277639 0)
(-0.0285097 0.0303455 0)
(-0.0309994 0.0330875 0)
(-0.0337843 0.0359926 0)
(-0.0369048 0.0390594 0)
(-0.040409 0.0422804 0)
(-0.0443534 0.0456394 0)
(-0.0488038 0.0491087 0)
(-0.053836 0.0526437 0)
(-0.0595342 0.0561775 0)
(-0.0659852 0.0596124 0)
(-0.0732572 0.0628093 0)
(-0.0813386 0.065573 0)
(-0.0899645 0.0676304 0)
(-0.0981696 0.0685966 0)
(-0.103256 0.0679209 0)
(-0.0987646 0.064825 0)
(-0.071361 0.0583185 0)
(0.00203783 0.047461 0)
(0.152969 0.0320396 0)
(0.410673 0.0143821 0)
(0.780489 0.00278594 0)
(-0.00322297 0.000104099 0)
(-0.00757709 0.000564989 0)
(-0.0102488 0.00139624 0)
(-0.0117874 0.00239864 0)
(-0.0126895 0.00348705 0)
(-0.013306 0.00463157 0)
(-0.0138433 0.00582095 0)
(-0.0144068 0.00705438 0)
(-0.0150461 0.00833667 0)
(-0.0157844 0.00967486 0)
(-0.016634 0.0110769 0)
(-0.0176042 0.0125509 0)
(-0.0187037 0.0141055 0)
(-0.0199423 0.015749 0)
(-0.0213307 0.0174897 0)
(-0.0228818 0.0193358 0)
(-0.02461 0.0212948 0)
(-0.0265322 0.0233735 0)
(-0.0286679 0.0255775 0)
(-0.0310398 0.0279105 0)
(-0.033674 0.0303739 0)
(-0.0366007 0.0329652 0)
(-0.0398551 0.0356771 0)
(-0.0434772 0.0384954 0)
(-0.0475129 0.0413968 0)
(-0.0520136 0.0443458 0)
(-0.0570358 0.0472908 0)
(-0.0626381 0.0501589 0)
(-0.0688733 0.0528503 0)
(-0.0757657 0.0552301 0)
(-0.0832449 0.0571186 0)
(-0.0909661 0.0582771 0)
(-0.0978512 0.0583859 0)
(-0.101048 0.0570101 0)
(-0.0939231 0.0535667 0)
(-0.0630883 0.0473636 0)
(0.0141266 0.0378313 0)
(0.167844 0.0250414 0)
(0.424605 0.0110019 0)
(0.786886 0.00204534 0)
(-0.00351057 9.56014e-05 0)
(-0.00823528 0.000518205 0)
(-0.0111262 0.0012798 0)
(-0.0127876 0.00219778 0)
(-0.0137605 0.00319418 0)
(-0.0144252 0.00424163 0)
(-0.0150047 0.00532978 0)
(-0.0156124 0.0064578 0)
(-0.0163016 0.00762993 0)
(-0.0170967 0.00885244 0)
(-0.0180108 0.0101323 0)
(-0.0190531 0.0114766 0)
(-0.0202326 0.0128927 0)
(-0.0215587 0.0143876 0)
(-0.0230421 0.0159681 0)
(-0.024695 0.0176407 0)
(-0.026531 0.0194109 0)
(-0.0285658 0.0212833 0)
(-0.0308174 0.0232609 0)
(-0.0333058 0.0253444 0)
(-0.0360539 0.027532 0)
(-0.0390874 0.0298175 0)
(-0.0424352 0.0321894 0)
(-0.0461294 0.0346296 0)
(-0.0502052 0.0371104 0)
(-0.0547 0.0395928 0)
(-0.0596524 0.0420228 0)
(-0.0650987 0.0443276 0)
(-0.0710633 0.0464116 0)
(-0.0775353 0.0481511 0)
(-0.0844002 0.049388 0)
(-0.0912553 0.0499214 0)
(-0.0969443 0.0494932 0)
(-0.0985118 0.0477666 0)
(-0.0892232 0.0443101 0)
(-0.0556984 0.0386421 0)
(0.024349 0.0304236 0)
(0.179924 0.0198514 0)
(0.435582 0.00860503 0)
(0.791835 0.00156659 0)
(-0.00377246 8.64702e-05 0)
(-0.00883397 0.000467946 0)
(-0.0119238 0.00115473 0)
(-0.0136963 0.00198207 0)
(-0.0147333 0.00287974 0)
(-0.0154415 0.00382314 0)
(-0.016059 0.00480294 0)
(-0.0167065 0.00581834 0)
(-0.0174403 0.00687305 0)
(-0.0182862 0.00797256 0)
(-0.0192577 0.0091229 0)
(-0.0203641 0.0103303 0)
(-0.0216142 0.0116008 0)
(-0.0230172 0.0129404 0)
(-0.0245834 0.0143545 0)
(-0.0263241 0.015848 0)
(-0.0282521 0.0174251 0)
(-0.0303817 0.0190884 0)
(-0.0327288 0.020839 0)
(-0.0353108 0.0226756 0)
(-0.038147 0.024594 0)
(-0.0412584 0.0265858 0)
(-0.0446678 0.0286372 0)
(-0.0483993 0.0307277 0)
(-0.0524779 0.0328286 0)
(-0.0569285 0.0348999 0)
(-0.0617741 0.0368892 0)
(-0.0670319 0.0387276 0)
(-0.0727036 0.0403279 0)
(-0.0787515 0.0415811 0)
(-0.0850285 0.0423527 0)
(-0.0910916 0.0424777 0)
(-0.095731 0.0417516 0)
(-0.0959233 0.0399167 0)
(-0.0848743 0.036654 0)
(-0.0492419 0.031626 0)
(0.032928 0.0246329 0)
(0.189763 0.0159107 0)
(0.444334 0.006842 0)
(0.795748 0.00123561 0)
(-0.0040069 7.67478e-05 0)
(-0.00936913 0.000414512 0)
(-0.0126361 0.00102186 0)
(-0.0145077 0.00175302 0)
(-0.0156014 0.00254601 0)
(-0.0163484 0.00337919 0)
(-0.0169994 0.00424436 0)
(-0.0176821 0.0051408 0)
(-0.0184554 0.00607175 0)
(-0.0193461 0.00704193 0)
(-0.020368 0.00805653 0)
(-0.0215306 0.00912084 0)
(-0.0228423 0.01024 0)
(-0.024312 0.0114188 0)
(-0.0259494 0.0126617 0)
(-0.0277652 0.0139724 0)
(-0.0297709 0.0153537 0)
(-0.0319794 0.0168071 0)
(-0.0344045 0.0183324 0)
(-0.0370608 0.0199269 0)
(-0.0399642 0.0215851 0)
(-0.043131 0.0232974 0)
(-0.046578 0.0250495 0)
(-0.0503222 0.0268205 0)
(-0.0543793 0.028582 0)
(-0.0587632 0.0302963 0)
(-0.0634837 0.0319144 0)
(-0.0685423 0.0333743 0)
(-0.0739233 0.0345992 0)
(-0.0795686 0.0354959 0)
(-0.0853083 0.0359528 0)
(-0.0906714 0.0358369 0)
(-0.0944116 0.0349881 0)
(-0.0934601 0.0332096 0)
(-0.0809874 0.0302635 0)
(-0.0436981 0.025909 0)
(0.0400834 0.0200264 0)
(0.197793 0.0128474 0)
(0.451375 0.00550088 0)
(0.798886 0.000992456 0)
(-0.00421227 6.64879e-05 0)
(-0.00983715 0.000358234 0)
(-0.0132586 0.000882049 0)
(-0.0152161 0.00151215 0)
(-0.0163593 0.00219525 0)
(-0.0171398 0.00291283 0)
(-0.0178202 0.0036579 0)
(-0.0185335 0.00442989 0)
(-0.019341 0.00523159 0)
(-0.0202706 0.00606701 0)
(-0.0213362 0.00694058 0)
(-0.0225471 0.0078567 0)
(-0.0239118 0.00881966 0)
(-0.0254385 0.00983341 0)
(-0.0271366 0.0109015 0)
(-0.0290157 0.0120267 0)
(-0.0310865 0.013211 0)
(-0.0333602 0.0144551 0)
(-0.0358485 0.0157579 0)
(-0.0385636 0.0171163 0)
(-0.0415178 0.0185243 0)
(-0.0447234 0.0199724 0)
(-0.0481918 0.0214465 0)
(-0.0519332 0.0229271 0)
(-0.0559556 0.0243879 0)
(-0.0602635 0.0257947 0)
(-0.0648556 0.0271042 0)
(-0.0697213 0.0282623 0)
(-0.0748311 0.0292037 0)
(-0.0801125 0.0298507 0)
(-0.0853794 0.0301125 0)
(-0.0901413 0.0298834 0)
(-0.0931265 0.0290386 0)
(-0.0912346 0.0274266 0)
(-0.0776139 0.0248669 0)
(-0.0390143 0.0211813 0)
(0.0460105 0.016294 0)
(0.204349 0.0104114 0)
(0.457069 0.00445006 0)
(0.801425 0.000804911 0)
(-0.00438714 5.57511e-05 0)
(-0.0102349 0.000299461 0)
(-0.0137869 0.000736196 0)
(-0.0158171 0.00126104 0)
(-0.017002 0.00182975 0)
(-0.0178109 0.00242709 0)
(-0.0185161 0.00304739 0)
(-0.0192554 0.00369025 0)
(-0.0200922 0.00435803 0)
(-0.0210547 0.00505412 0)
(-0.0221573 0.00578218 0)
(-0.0234093 0.0065459 0)
(-0.0248186 0.00734878 0)
(-0.0263935 0.00819406 0)
(-0.0281424 0.00908459 0)
(-0.0300744 0.0100226 0)
(-0.0321991 0.0110094 0)
(-0.0345262 0.0120454 0)
(-0.0370657 0.0131292 0)
(-0.0398274 0.0142578 0)
(-0.0428206 0.0154256 0)
(-0.0460538 0.0166239 0)
(-0.0495337 0.0178402 0)
(-0.0532649 0.0190571 0)
(-0.0572489 0.0202519 0)
(-0.0614821 0.0213952 0)
(-0.0659546 0.0224501 0)
(-0.070646 0.0233715 0)
(-0.0755169 0.0241055 0)
(-0.0804839 0.0245889 0)
(-0.0853494 0.0247493 0)
(-0.0896094 0.0245033 0)
(-0.0919733 0.0237535 0)
(-0.0893168 0.0223813 0)
(-0.0747721 0.0202456 0)
(-0.0351284 0.0172075 0)
(0.0508739 0.0132118 0)
(0.209685 0.00843083 0)
(0.461683 0.0036048 0)
(0.803485 0.000654764 0)
(-0.00453029 4.46017e-05 0)
(-0.0105595 0.000238554 0)
(-0.0142175 0.000585205 0)
(-0.0163065 0.00100125 0)
(-0.0175253 0.00145181 0)
(-0.0183574 0.00192505 0)
(-0.019083 0.00241665 0)
(-0.0198438 0.00292646 0)
(-0.0207046 0.00345644 0)
(-0.0216944 0.00400937 0)
(-0.0228276 0.00458825 0)
(-0.0241134 0.00519607 0)
(-0.0255596 0.0058357 0)
(-0.0271741 0.00650978 0)
(-0.0289648 0.00722066 0)
(-0.0309403 0.00797015 0)
(-0.0331091 0.00875941 0)
(-0.0354798 0.00958866 0)
(-0.0380609 0.0104569 0)
(-0.0408601 0.0113616 0)
(-0.0438843 0.0122982 0)
(-0.0471385 0.0132597 0)
(-0.0506259 0.0142357 0)
(-0.0543462 0.0152123 0)
(-0.0582955 0.0161709 0)
(-0.062464 0.0170877 0)
(-0.0668349 0.0179333 0)
(-0.0713803 0.0186714 0)
(-0.076053 0.0192592 0)
(-0.0807619 0.0196473 0)
(-0.0853009 0.0197786 0)
(-0.0891554 0.019588 0)
(-0.0910199 0.0189987 0)
(-0.0877497 0.0179157 0)
(-0.0724632 0.0162234 0)
(-0.0319804 0.0138063 0)
(0.054807 0.0106151 0)
(0.213995 0.00678477 0)
(0.465408 0.00290819 0)
(0.805155 0.000530958 0)
(-0.00464067 3.31068e-05 0)
(-0.0108088 0.000175884 0)
(-0.0145474 0.000430001 0)
(-0.0166812 0.000734374 0)
(-0.0179257 0.00106374 0)
(-0.0187757 0.00140975 0)
(-0.0195173 0.0017695 0)
(-0.0202949 0.00214307 0)
(-0.0211748 0.0025321 0)
(-0.0221862 0.00293878 0)
(-0.0233437 0.00336547 0)
(-0.0246564 0.00381454 0)
(-0.0261321 0.00428832 0)
(-0.0277782 0.00478897 0)
(-0.0296025 0.00531846 0)
(-0.0316129 0.00587842 0)
(-0.0338173 0.00647 0)
(-0.0362235 0.00709369 0)
(-0.0388386 0.0077491 0)
(-0.0416688 0.0084347 0)
(-0.0447189 0.0091475 0)
(-0.0479917 0.00988262 0)
(-0.051487 0.0106328 0)
(-0.0552012 0.0113878 0)
(-0.0591259 0.0121342 0)
(-0.0632465 0.0128544 0)
(-0.0675407 0.0135266 0)
(-0.0719752 0.0141236 0)
(-0.0764967 0.0146135 0)
(-0.0810079 0.0149589 0)
(-0.0852963 0.0151164 0)
(-0.088838 0.0150354 0)
(-0.090314 0.0146545 0)
(-0.0865607 0.0138949 0)
(-0.0706814 0.0126568 0)
(-0.0295182 0.0108361 0)
(0.0579146 0.0083801 0)
(0.217425 0.00538546 0)
(0.468387 0.00232036 0)
(0.806497 0.000426233 0)
(-0.00471742 2.13349e-05 0)
(-0.0109809 0.000111829 0)
(-0.0147744 0.00027152 0)
(-0.0169384 0.00046202 0)
(-0.0182005 0.000667869 0)
(-0.019063 0.00088425 0)
(-0.0198161 0.00110971 0)
(-0.0206061 0.00134462 0)
(-0.0215 0.00159025 0)
(-0.0225275 0.00184824 0)
(-0.0237031 0.00212035 0)
(-0.025036 0.00240839 0)
(-0.0265338 0.00271417 0)
(-0.028204 0.00303948 0)
(-0.030054 0.00338603 0)
(-0.0320916 0.00375539 0)
(-0.0343241 0.0041489 0)
(-0.0367588 0.00456754 0)
(-0.0394019 0.00501179 0)
(-0.0422586 0.0054815 0)
(-0.0453323 0.00597561 0)
(-0.048624 0.00649188 0)
(-0.0521316 0.00702649 0)
(-0.0558485 0.00757374 0)
(-0.0597634 0.00812561 0)
(-0.0638581 0.00867135 0)
(-0.0681062 0.00919692 0)
(-0.07247 0.00968456 0)
(-0.0768916 0.0101126 0)
(-0.0812688 0.0104549 0)
(-0.0853827 0.0106801 0)
(-0.088701 0.0107495 0)
(-0.0898907 0.010613 0)
(-0.0857684 0.0102024 0)
(-0.0694201 0.00942628 0)
(-0.027701 0.00818359 0)
(0.0602766 0.00641099 0)
(0.220083 0.00416709 0)
(0.470725 0.00181214 0)
(0.807557 0.000335445 0)
(-0.00475991 9.35698e-06 0)
(-0.0110745 4.67727e-05 0)
(-0.0148967 0.000110714 0)
(-0.0170763 0.000185817 0)
(-0.0183478 0.000266539 0)
(-0.0192174 0.000351639 0)
(-0.0199775 0.000441124 0)
(-0.0207753 0.000535621 0)
(-0.0216782 0.000636077 0)
(-0.0227161 0.00074358 0)
(-0.0239036 0.000859306 0)
(-0.02525 0.000984509 0)
(-0.0267629 0.00112054 0)
(-0.0284498 0.00126882 0)
(-0.0303181 0.00143091 0)
(-0.0323755 0.0016084 0)
(-0.0346292 0.00180291 0)
(-0.0370862 0.00201608 0)
(-0.0397524 0.00224945 0)
(-0.0426325 0.00250446 0)
(-0.0457293 0.00278228 0)
(-0.0490426 0.00308365 0)
(-0.0525692 0.0034086 0)
(-0.0563009 0.00375627 0)
(-0.0602244 0.00412461 0)
(-0.064319 0.00450999 0)
(-0.0685557 0.00490665 0)
(-0.0728931 0.00530626 0)
(-0.0772699 0.00569741 0)
(-0.081579 0.00606486 0)
(-0.0855955 0.00638801 0)
(-0.0887777 0.00663835 0)
(-0.0897772 0.00677447 0)
(-0.0853887 0.00673433 0)
(-0.0686763 0.00642945 0)
(-0.0265001 0.00575482 0)
(0.0619505 0.00463109 0)
(0.22205 0.00307836 0)
(0.472498 0.00136119 0)
(0.808371 0.000254693 0)
(-0.00476769 -2.7539e-06 0)
(-0.0110887 -1.88886e-05 0)
(-0.0149131 -5.14453e-05 0)
(-0.0170937 -9.25809e-05 0)
(-0.0183663 -0.000137867 0)
(-0.0192375 -0.000184967 0)
(-0.0199999 -0.000232431 0)
(-0.0208009 -0.000279369 0)
(-0.0217078 -0.000325181 0)
(-0.0227505 -0.000369339 0)
(-0.0239438 -0.000411261 0)
(-0.025297 -0.000450243 0)
(-0.0268179 -0.000485406 0)
(-0.0285141 -0.000515648 0)
(-0.0303933 -0.000539602 0)
(-0.0324633 -0.00055561 0)
(-0.0347315 -0.000561695 0)
(-0.037205 -0.000555532 0)
(-0.03989 -0.000534405 0)
(-0.0427912 -0.000495174 0)
(-0.0459113 -0.000434271 0)
(-0.0492502 -0.000347771 0)
(-0.0528042 -0.000231506 0)
(-0.0565648 -8.1182e-05 0)
(-0.0605176 0.000107474 0)
(-0.0646409 0.000338386 0)
(-0.0689037 0.000614529 0)
(-0.0732625 0.000937341 0)
(-0.0776525 0.00130603 0)
(-0.0819624 0.00171626 0)
(-0.0859604 0.00215802 0)
(-0.0890937 0.00261206 0)
(-0.0899964 0.00304386 0)
(-0.0854374 0.00339491 0)
(-0.0684533 0.00357479 0)
(-0.0259001 0.00346862 0)
(0.0629735 0.00297598 0)
(0.223379 0.00207728 0)
(0.473758 0.000949507 0)
(0.808962 0.000180803 0)
(-0.00474054 -1.49221e-05 0)
(-0.011023 -8.47502e-05 0)
(-0.0148232 -0.000213968 0)
(-0.0169901 -0.000371487 0)
(-0.0182553 -0.000542924 0)
(-0.0191227 -0.000722397 0)
(-0.019883 -0.000907037 0)
(-0.0206824 -0.00109572 0)
(-0.0215881 -0.00128822 0)
(-0.0226298 -0.00148459 0)
(-0.0238225 -0.00168486 0)
(-0.0251757 -0.00188893 0)
(-0.0266973 -0.0020964 0)
(-0.0283953 -0.00230654 0)
(-0.0302779 -0.0025182 0)
(-0.032353 -0.00272969 0)
(-0.0346289 -0.00293873 0)
(-0.0371131 -0.00314231 0)
(-0.0398123 -0.00333657 0)
(-0.0427322 -0.00351665 0)
(-0.0458762 -0.00367654 0)
(-0.0492449 -0.00380904 0)
(-0.0528354 -0.00390572 0)
(-0.0566398 -0.00395685 0)
(-0.060644 -0.00395153 0)
(-0.0648263 -0.00387785 0)
(-0.0691552 -0.00372354 0)
(-0.0735858 -0.00347665 0)
(-0.0780506 -0.00312665 0)
(-0.0824335 -0.00266619 0)
(-0.0864952 -0.00209414 0)
(-0.0896696 -0.00142031 0)
(-0.0905693 -0.000673011 0)
(-0.0859323 9.1224e-05 0)
(-0.0687623 0.000775784 0)
(-0.0258997 0.00125034 0)
(0.0633634 0.00138835 0)
(0.224102 0.00112743 0)
(0.474541 0.00056167 0)
(0.809345 0.000111054 0)
(-0.00467844 -2.70694e-05 0)
(-0.0108776 -0.000150396 0)
(-0.0146272 -0.000375837 0)
(-0.0167656 -0.000649175 0)
(-0.0180152 -0.000946155 0)
(-0.0188732 -0.00125741 0)
(-0.0196266 -0.0015787 0)
(-0.0204197 -0.0019087 0)
(-0.0213188 -0.0022476 0)
(-0.0223537 -0.00259607 0)
(-0.0235393 -0.00295483 0)
(-0.0248853 -0.00332438 0)
(-0.0264001 -0.00370492 0)
(-0.0280921 -0.00409616 0)
(-0.0299699 -0.00449724 0)
(-0.0320424 -0.00490656 0)
(-0.0343184 -0.00532163 0)
(-0.0368066 -0.00573889 0)
(-0.0395151 -0.00615346 0)
(-0.0424506 -0.00655886 0)
(-0.0456182 -0.00694678 0)
(-0.0490203 -0.00730676 0)
(-0.0526557 -0.00762607 0)
(-0.0565184 -0.00788947 0)
(-0.0605962 -0.00807912 0)
(-0.0648686 -0.00817468 0)
(-0.0693049 -0.00815382 0)
(-0.07386 -0.00799311 0)
(-0.0784642 -0.00766938 0)
(-0.0829971 -0.00716207 0)
(-0.08721 -0.00645725 0)
(-0.0905212 -0.00555384 0)
(-0.091517 -0.00447327 0)
(-0.0868978 -0.00327233 0)
(-0.0696251 -0.00205579 0)
(-0.0265125 -0.000973582 0)
(0.0631191 -0.000186383 0)
(0.22423 0.0001951 0)
(0.474863 0.000184085 0)
(0.809531 4.33539e-05 0)
(-0.00458162 -3.91146e-05 0)
(-0.010653 -0.000215396 0)
(-0.0143258 -0.000536008 0)
(-0.0164213 -0.000923873 0)
(-0.017647 -0.00134502 0)
(-0.0184901 -0.00178667 0)
(-0.0192317 -0.00224329 0)
(-0.0200135 -0.00271341 0)
(-0.0209006 -0.00319768 0)
(-0.0219225 -0.00369745 0)
(-0.0230941 -0.00421418 0)
(-0.0244254 -0.00474909 0)
(-0.0259253 -0.00530303 0)
(-0.0276028 -0.00587629 0)
(-0.0294672 -0.00646846 0)
(-0.0315282 -0.00707818 0)
(-0.033796 -0.00770297 0)
(-0.0362806 -0.00833893 0)
(-0.0389917 -0.0089804 0)
(-0.0419381 -0.00961957 0)
(-0.0451274 -0.010246 0)
(-0.0485646 -0.0108463 0)
(-0.0522516 -0.0114036 0)
(-0.0561856 -0.011897 0)
(-0.0603577 -0.0123018 0)
(-0.0647506 -0.0125885 0)
(-0.0693361 -0.0127241 0)
(-0.07407 -0.0126722 0)
(-0.0788821 -0.0123952 0)
(-0.0836473 -0.0118569 0)
(-0.0881069 -0.0110277 0)
(-0.09166 -0.00989276 0)
(-0.0928612 -0.00846443 0)
(-0.0883642 -0.00679899 0)
(-0.0710751 -0.00501242 0)
(-0.0277686 -0.00328092 0)
(0.0622206 -0.0018067 0)
(0.223757 -0.000754491 0)
(0.474726 -0.000194913 0)
(0.809517 -2.27676e-05 0)
(-0.00445053 -5.09735e-05 0)
(-0.0103503 -0.000279309 0)
(-0.0139207 -0.000693409 0)
(-0.0159589 -0.00119376 0)
(-0.0171524 -0.00173689 0)
(-0.0179749 -0.00230675 0)
(-0.0186999 -0.00289657 0)
(-0.0194653 -0.0035048 0)
(-0.0203348 -0.00413261 0)
(-0.0213372 -0.00478212 0)
(-0.0224876 -0.00545557 0)
(-0.0237963 -0.00615504 0)
(-0.0252727 -0.00688216 0)
(-0.0269264 -0.00763796 0)
(-0.0287677 -0.00842265 0)
(-0.0308074 -0.00923538 0)
(-0.0330571 -0.010074 0)
(-0.0355285 -0.0109345 0)
(-0.0382336 -0.0118109 0)
(-0.041184 -0.0126944 0)
(-0.0443903 -0.013573 0)
(-0.0478613 -0.0144307 0)
(-0.0516034 -0.0152468 0)
(-0.0556185 -0.0159953 0)
(-0.0599029 -0.0166442 0)
(-0.0644444 -0.017155 0)
(-0.0692196 -0.0174827 0)
(-0.0741876 -0.0175767 0)
(-0.0792791 -0.0173822 0)
(-0.0843655 -0.016844 0)
(-0.0891774 -0.0159126 0)
(-0.0930913 -0.0145545 0)
(-0.0946228 -0.0127687 0)
(-0.0903672 -0.0106084 0)
(-0.07316 -0.00820262 0)
(-0.0297189 -0.00576067 0)
(0.0606238 -0.0035365 0)
(0.222652 -0.00175995 0)
(0.474111 -0.000596048 0)
(0.809296 -9.45458e-05 0)
(-0.00428584 -6.25598e-05 0)
(-0.00997121 -0.000341682 0)
(-0.013414 -0.000846942 0)
(-0.0153808 -0.00145698 0)
(-0.016534 -0.0021191 0)
(-0.0173303 -0.00281412 0)
(-0.0180337 -0.00353413 0)
(-0.0187775 -0.0042776 0)
(-0.0196234 -0.00504627 0)
(-0.0205996 -0.00584308 0)
(-0.0217211 -0.0066712 0)
(-0.0229988 -0.00753366 0)
(-0.0244423 -0.00843301 0)
(-0.0260621 -0.00937124 0)
(-0.0278695 -0.0103494 0)
(-0.0298765 -0.0113675 0)
(-0.0320964 -0.012424 0)
(-0.0345429 -0.0135154 0)
(-0.0372308 -0.0146358 0)
(-0.0401748 -0.015776 0)
(-0.0433897 -0.0169231 0)
(-0.046889 -0.0180592 0)
(-0.0506849 -0.0191605 0)
(-0.0547859 -0.0201962 0)
(-0.0591955 -0.0211278 0)
(-0.0639094 -0.0219072 0)
(-0.0689116 -0.0224771 0)
(-0.0741681 -0.0227707 0)
(-0.0796132 -0.0227133 0)
(-0.0851168 -0.0222261 0)
(-0.0903991 -0.0212334 0)
(-0.0948111 -0.0196758 0)
(-0.0968208 -0.0175316 0)
(-0.0929505 -0.0148456 0)
(-0.0759435 -0.0117599 0)
(-0.0324374 -0.00852388 0)
(0.0582569 -0.00545697 0)
(0.220855 -0.00287023 0)
(0.472981 -0.00103807 0)
(0.808855 -0.000174551 0)
(-0.00408849 -7.37849e-05 0)
(-0.00951786 -0.000402053 0)
(-0.0128086 -0.000995483 0)
(-0.0146903 -0.00171161 0)
(-0.0157952 -0.00248888 0)
(-0.0165598 -0.00330513 0)
(-0.0172366 -0.00415144 0)
(-0.0179534 -0.00502634 0)
(-0.0187694 -0.00593224 0)
(-0.0197124 -0.00687298 0)
(-0.0207971 -0.00785276 0)
(-0.0220345 -0.00887567 0)
(-0.0234351 -0.00994541 0)
(-0.0250099 -0.0110651 0)
(-0.0267712 -0.012237 0)
(-0.0287324 -0.0134622 0)
(-0.0309086 -0.0147403 0)
(-0.033316 -0.0160689 0)
(-0.035972 -0.0174427 0)
(-0.0388954 -0.0188531 0)
(-0.0421054 -0.020287 0)
(-0.0456219 -0.0217257 0)
(-0.0494638 -0.0231433 0)
(-0.0536482 -0.0245056 0)
(-0.0581885 -0.0257678 0)
(-0.0630912 -0.0268731 0)
(-0.0683518 -0.0277515 0)
(-0.0739473 -0.0283186 0)
(-0.0798204 -0.0284763 0)
(-0.0858439 -0.0281168 0)
(-0.0917294 -0.02713 0)
(-0.0968003 -0.0254202 0)
(-0.0994684 -0.0229329 0)
(-0.0961631 -0.019695 0)
(-0.0795079 -0.0158576 0)
(-0.0360274 -0.0117176 0)
(0.0550138 -0.00767683 0)
(0.218276 -0.00415066 0)
(0.471268 -0.00154716 0)
(0.808163 -0.000267321 0)
(-0.00385966 -8.45608e-05 0)
(-0.00899299 -0.000459957 0)
(-0.0121082 -0.0011379 0)
(-0.0138916 -0.00195571 0)
(-0.0149404 -0.00284341 0)
(-0.0156677 -0.00377605 0)
(-0.0163127 -0.00474381 0)
(-0.016997 -0.00574535 0)
(-0.0177769 -0.00678383 0)
(-0.0186792 -0.00786408 0)
(-0.0197186 -0.00899142 0)
(-0.0209062 -0.0101711 0)
(-0.0222529 -0.0114082 0)
(-0.0237705 -0.0127073 0)
(-0.0254722 -0.0140719 0)
(-0.0273729 -0.0155049 0)
(-0.0294892 -0.0170075 0)
(-0.0318399 -0.0185787 0)
(-0.0344456 -0.020215 0)
(-0.0373291 -0.0219092 0)
(-0.0405152 -0.0236494 0)
(-0.0440303 -0.0254172 0)
(-0.047902 -0.0271863 0)
(-0.0521577 -0.0289205 0)
(-0.0568234 -0.0305706 0)
(-0.0619203 -0.0320725 0)
(-0.0674603 -0.0333436 0)
(-0.0734371 -0.0342812 0)
(-0.0798092 -0.0347613 0)
(-0.0864591 -0.0346405 0)
(-0.0930955 -0.0337644 0)
(-0.0990149 -0.031986 0)
(-0.102564 -0.0292005 0)
(-0.100055 -0.025399 0)
(-0.0839549 -0.0207319 0)
(-0.0406282 -0.0155477 0)
(0.0507422 -0.0103518 0)
(0.214775 -0.0056964 0)
(0.468872 -0.00216317 0)
(0.807174 -0.000380739 0)
(-0.00360079 -9.48026e-05 0)
(-0.0083999 -0.000514934 0)
(-0.0113171 -0.00127305 0)
(-0.0129897 -0.00218733 0)
(-0.0139749 -0.00317985 0)
(-0.0146593 -0.00422307 0)
(-0.0152676 -0.00530642 0)
(-0.0159136 -0.00642878 0)
(-0.016651 -0.00759409 0)
(-0.017505 -0.00880826 0)
(-0.0184902 -0.0100778 0)
(-0.0196178 -0.0114093 0)
(-0.0208991 -0.0128094 0)
(-0.0223463 -0.0142841 0)
(-0.0239734 -0.0158391 0)
(-0.0257967 -0.0174789 0)
(-0.0278345 -0.019207 0)
(-0.0301078 -0.0210249 0)
(-0.0326405 -0.0229315 0)
(-0.0354596 -0.0249222 0)
(-0.0385956 -0.0269875 0)
(-0.0420824 -0.0291116 0)
(-0.045957 -0.0312697 0)
(-0.0502594 -0.033426 0)
(-0.0550309 -0.0355296 0)
(-0.0603114 -0.0375112 0)
(-0.0661351 -0.0392784 0)
(-0.0725207 -0.0407106 0)
(-0.0794521 -0.0416559 0)
(-0.086833 -0.04193 0)
(-0.0943802 -0.0413222 0)
(-0.101369 -0.0396153 0)
(-0.106075 -0.0366277 0)
(-0.104669 -0.0322859 0)
(-0.0894043 -0.026717 0)
(-0.0464239 -0.0203176 0)
(0.0452264 -0.0137193 0)
(0.210146 -0.00765636 0)
(0.465631 -0.00294961 0)
(0.805813 -0.00052769 0)
(-0.00331352 -0.000104435 0)
(-0.00774242 -0.000566543 0)
(-0.0104405 -0.00139981 0)
(-0.0119904 -0.00240448 0)
(-0.0129048 -0.00349525 0)
(-0.0135411 -0.00464226 0)
(-0.0141074 -0.00583429 0)
(-0.0147097 -0.00707052 0)
(-0.0153978 -0.00835573 0)
(-0.0161959 -0.00969693 0)
(-0.0171178 -0.0111019 0)
(-0.0181749 -0.0125788 0)
(-0.0193784 -0.0141357 0)
(-0.020741 -0.0157807 0)
(-0.0222775 -0.0175214 0)
(-0.0240049 -0.0193648 0)
(-0.0259431 -0.0213172 0)
(-0.028115 -0.0233832 0)
(-0.0305475 -0.0255651 0)
(-0.0332718 -0.0278625 0)
(-0.036324 -0.0302699 0)
(-0.0397455 -0.032776 0)
(-0.043584 -0.0353604 0)
(-0.0478929 -0.037991 0)
(-0.0527316 -0.0406193 0)
(-0.0581632 -0.0431751 0)
(-0.0642506 -0.0455602 0)
(-0.0710474 -0.0476399 0)
(-0.0785762 -0.0492358 0)
(-0.0867795 -0.0501187 0)
(-0.0954009 -0.0500104 0)
(-0.103711 -0.0486004 0)
(-0.109913 -0.0455943 0)
(-0.110012 -0.0408076 0)
(-0.0959847 -0.0342995 0)
(-0.0536536 -0.0264925 0)
(0.0381591 -0.0181602 0)
(0.204075 -0.0102781 0)
(0.461293 -0.0040145 0)
(0.803959 -0.000730466 0)
(-0.00299975 -0.000113398 0)
(-0.00702497 -0.000614362 0)
(-0.00948443 -0.00151701 0)
(-0.0109004 -0.00260507 0)
(-0.0117373 -0.0037865 0)
(-0.0123204 -0.00502943 0)
(-0.0128398 -0.00632208 0)
(-0.0133927 -0.00766402 0)
(-0.014025 -0.00906088 0)
(-0.0147593 -0.0105208 0)
(-0.0156088 -0.0120529 0)
(-0.0165844 -0.0136668 0)
(-0.0176976 -0.0153725 0)
(-0.018961 -0.01718 0)
(-0.0203896 -0.0190992 0)
(-0.0220011 -0.0211402 0)
(-0.0238162 -0.0233123 0)
(-0.0258597 -0.025624 0)
(-0.0281607 -0.0280824 0)
(-0.0307539 -0.030692 0)
(-0.0336805 -0.0334537 0)
(-0.0369894 -0.0363631 0)
(-0.0407384 -0.0394075 0)
(-0.0449955 -0.0425626 0)
(-0.0498396 -0.0457878 0)
(-0.0553608 -0.0490187 0)
(-0.0616575 -0.0521588 0)
(-0.068829 -0.0550674 0)
(-0.0769539 -0.0575455 0)
(-0.0860374 -0.0593216 0)
(-0.0958801 -0.0600424 0)
(-0.105778 -0.059281 0)
(-0.113885 -0.0565844 0)
(-0.116019 -0.0515873 0)
(-0.103804 -0.0442008 0)
(-0.0626107 -0.0348082 0)
(0.029107 -0.0243107 0)
(0.196081 -0.0139915 0)
(0.455449 -0.0055502 0)
(0.801413 -0.00102938 0)
(-0.00266156 -0.000121655 0)
(-0.00625256 -0.000657942 0)
(-0.00845558 -0.00162329 0)
(-0.00972753 -0.00278659 0)
(-0.0104806 -0.00404988 0)
(-0.0110056 -0.00537955 0)
(-0.0114734 -0.00676343 0)
(-0.0119714 -0.00820149 0)
(-0.0125416 -0.00970019 0)
(-0.0132044 -0.0112688 0)
(-0.0139723 -0.0129177 0)
(-0.0148558 -0.0146583 0)
(-0.0158658 -0.0165021 0)
(-0.0170148 -0.0184614 0)
(-0.0183178 -0.0205488 0)
(-0.0197923 -0.0227773 0)
(-0.0214596 -0.02516 0)
(-0.0233451 -0.02771 0)
(-0.0254795 -0.0304396 0)
(-0.0279 -0.0333602 0)
(-0.0306518 -0.0364806 0)
(-0.0337899 -0.0398059 0)
(-0.0373813 -0.0433349 0)
(-0.0415078 -0.0470564 0)
(-0.0462683 -0.0509442 0)
(-0.0517816 -0.054949 0)
(-0.0581871 -0.0589877 0)
(-0.0656406 -0.0629271 0)
(-0.0742958 -0.0665632 0)
(-0.0842511 -0.0695948 0)
(-0.0954092 -0.0715978 0)
(-0.107146 -0.0720137 0)
(-0.117615 -0.0701818 0)
(-0.122459 -0.0654617 0)
(-0.112881 -0.0574795 0)
(-0.0736214 -0.0464356 0)
(0.0174666 -0.0332603 0)
(0.18541 -0.0195795 0)
(0.447413 -0.00791989 0)
(0.797825 -0.00150166 0)
(-0.00230121 -0.000129162 0)
(-0.005431 -0.000696604 0)
(-0.00736199 -0.00171656 0)
(-0.00848098 -0.00294524 0)
(-0.00914456 -0.00427976 0)
(-0.00960696 -0.00568516 0)
(-0.0100185 -0.00714899 0)
(-0.0104565 -0.00867156 0)
(-0.0109584 -0.0102601 0)
(-0.0115424 -0.011925 0)
(-0.01222 -0.0136778 0)
(-0.0130008 -0.0155315 0)
(-0.0138952 -0.0174993 0)
(-0.014915 -0.0195959 0)
(-0.0160744 -0.0218364 0)
(-0.0173906 -0.024237 0)
(-0.0188843 -0.0268149 0)
(-0.0205808 -0.029588 0)
(-0.022511 -0.032575 0)
(-0.0247132 -0.0357947 0)
(-0.0272346 -0.0392658 0)
(-0.0301342 -0.0430053 0)
(-0.0334859 -0.047027 0)
(-0.0373824 -0.0513384 0)
(-0.0419406 -0.0559355 0)
(-0.047307 -0.0607956 0)
(-0.0536636 -0.0658646 0)
(-0.0612301 -0.0710383 0)
(-0.0702531 -0.0761344 0)
(-0.0809586 -0.0808528 0)
(-0.0934091 -0.0847263 0)
(-0.107147 -0.0870744 0)
(-0.120422 -0.0869958 0)
(-0.128782 -0.0834667 0)
(-0.122987 -0.0756235 0)
(-0.0869555 -0.0631998 0)
(0.00241706 -0.0468743 0)
(0.17086 -0.0284942 0)
(0.435988 -0.0118357 0)
(0.792557 -0.00230278 0)
(-0.00192139 -0.000135744 0)
(-0.00456751 -0.000728791 0)
(-0.00621361 -0.00179249 0)
(-0.00717201 -0.00307351 0)
(-0.00774099 -0.00446544 0)
(-0.00813658 -0.00593233 0)
(-0.00848762 -0.00746148 0)
(-0.00886097 -0.00905347 0)
(-0.00928885 -0.0107162 0)
(-0.00978736 -0.0124607 0)
(-0.0103666 -0.0143001 0)
(-0.0110351 -0.0162483 0)
(-0.0118022 -0.0183206 0)
(-0.0126787 -0.0205334 0)
(-0.0136776 -0.0229047 0)
(-0.0148148 -0.0254537 0)
(-0.0161097 -0.0282015 0)
(-0.0175861 -0.0311713 0)
(-0.0192739 -0.0343879 0)
(-0.0212102 -0.0378787 0)
(-0.023442 -0.0416728 0)
(-0.026029 -0.0458013 0)
(-0.0290477 -0.0502958 0)
(-0.0325973 -0.0551871 0)
(-0.0368066 -0.0605016 0)
(-0.0418441 -0.0662549 0)
(-0.0479297 -0.0724411 0)
(-0.0553463 -0.079013 0)
(-0.0644428 -0.0858508 0)
(-0.0756021 -0.09271 0)
(-0.0891103 -0.0991464 0)
(-0.104789 -0.10442 0)
(-0.121158 -0.107412 0)
(-0.13386 -0.106637 0)
(-0.133333 -0.100487 0)
(-0.10256 -0.0877578 0)
(-0.017009 -0.0682224 0)
(0.150545 -0.0434018 0)
(0.419031 -0.0187362 0)
(0.784386 -0.00376445 0)
(-0.00152593 -0.000140717 0)
(-0.00367247 -0.000750481 0)
(-0.00502446 -0.00184122 0)
(-0.00581618 -0.00315517 0)
(-0.00628611 -0.00458429 0)
(-0.00661114 -0.00609193 0)
(-0.00689804 -0.00766506 0)
(-0.00720261 -0.00930428 0)
(-0.00755183 -0.0110178 0)
(-0.00795923 -0.0128175 0)
(-0.00843328 -0.0147171 0)
(-0.00898127 -0.0167319 0)
(-0.0096111 -0.0188784 0)
(-0.0103321 -0.0211749 0)
(-0.0111555 -0.0236415 0)
(-0.0120952 -0.0263004 0)
(-0.0131683 -0.0291762 0)
(-0.0143962 -0.0322965 0)
(-0.0158055 -0.0356926 0)
(-0.0174304 -0.0393996 0)
(-0.0193143 -0.0434574 0)
(-0.0215135 -0.047911 0)
(-0.0241021 -0.0528116 0)
(-0.0271779 -0.058216 0)
(-0.0308724 -0.0641862 0)
(-0.035364 -0.0707865 0)
(-0.0408962 -0.0780767 0)
(-0.0478008 -0.0860979 0)
(-0.0565194 -0.0948431 0)
(-0.0676 -0.104203 0)
(-0.0816003 -0.113872 0)
(-0.0987454 -0.123198 0)
(-0.118063 -0.13099 0)
(-0.135655 -0.13535 0)
(-0.142045 -0.133725 0)
(-0.119473 -0.123336 0)
(-0.0415669 -0.101866 0)
(0.121706 -0.0690038 0)
(0.392713 -0.0315788 0)
(0.77084 -0.00663736 0)
(-0.00112201 -0.000142062 0)
(-0.00276337 -0.000752158 0)
(-0.0038171 -0.00184147 0)
(-0.00443799 -0.00315628 0)
(-0.00480525 -0.00458949 0)
(-0.00505667 -0.00610388 0)
(-0.00527668 -0.00768577 0)
(-0.00550969 -0.00933541 0)
(-0.00577714 -0.011061 0)
(-0.0060897 -0.0128747 0)
(-0.006454 -0.0147907 0)
(-0.00687579 -0.0168249 0)
(-0.00736131 -0.0189949 0)
(-0.00791799 -0.02132 0)
(-0.00855488 -0.0238219 0)
(-0.00928321 -0.0265247 0)
(-0.0101169 -0.0294557 0)
(-0.0110735 -0.0326461 0)
(-0.0121753 -0.0361318 0)
(-0.0134506 -0.0399545 0)
(-0.0149364 -0.0441629 0)
(-0.0166814 -0.0488146 0)
(-0.0187504 -0.053978 0)
(-0.0212312 -0.0597349 0)
(-0.024245 -0.0661829 0)
(-0.0279619 -0.0734381 0)
(-0.032624 -0.0816363 0)
(-0.0385789 -0.0909291 0)
(-0.0463218 -0.101469 0)
(-0.0565295 -0.113373 0)
(-0.0700249 -0.126627 0)
(-0.0875152 -0.140916 0)
(-0.108791 -0.155311 0)
(-0.130954 -0.167839 0)
(-0.145448 -0.175098 0)
(-0.134658 -0.172202 0)
(-0.0705649 -0.153096 0)
(0.0812507 -0.112637 0)
(0.350697 -0.0563463 0)
(0.746832 -0.0126921 0)
(-0.000724454 -0.000135082 0)
(-0.00187106 -0.000714571 0)
(-0.00262893 -0.00175288 0)
(-0.00307718 -0.00301356 0)
(-0.00333942 -0.00439376 0)
(-0.00351561 -0.00585557 0)
(-0.00366785 -0.00738425 0)
(-0.0038288 -0.00897926 0)
(-0.00401406 -0.0106484 0)
(-0.00423121 -0.0124033 0)
(-0.00448489 -0.0142583 0)
(-0.0047791 -0.016229 0)
(-0.00511824 -0.0183331 0)
(-0.00550762 -0.0205901 0)
(-0.00595375 -0.0230218 0)
(-0.00646471 -0.0256529 0)
(-0.00705065 -0.0285117 0)
(-0.00772437 -0.0316307 0)
(-0.00850223 -0.0350481 0)
(-0.00940535 -0.0388087 0)
(-0.0104614 -0.0429663 0)
(-0.0117072 -0.0475858 0)
(-0.0131924 -0.0527471 0)
(-0.014986 -0.0585491 0)
(-0.0171848 -0.0651164 0)
(-0.019929 -0.0726075 0)
(-0.023426 -0.081225 0)
(-0.0279883 -0.0912292 0)
(-0.0340898 -0.102948 0)
(-0.0424355 -0.116777 0)
(-0.0540019 -0.133139 0)
(-0.0699146 -0.152344 0)
(-0.0908541 -0.174243 0)
(-0.115484 -0.19754 0)
(-0.137437 -0.218783 0)
(-0.141197 -0.231242 0)
(-0.0989203 -0.223898 0)
(0.0284987 -0.18269 0)
(0.284272 -0.104269 0)
(0.701968 -0.0262781 0)
(-0.000361951 -0.000110801 0)
(-0.00104758 -0.000605523 0)
(-0.00152033 -0.00151212 0)
(-0.00179775 -0.00262799 0)
(-0.00195549 -0.00385867 0)
(-0.00205796 -0.0051658 0)
(-0.00214507 -0.00653367 0)
(-0.00223745 -0.00796088 0)
(-0.00234461 -0.00945418 0)
(-0.00247094 -0.0110243 0)
(-0.00261903 -0.0126842 0)
(-0.00279115 -0.0144483 0)
(-0.00298986 -0.0163327 0)
(-0.00321826 -0.0183554 0)
(-0.00348023 -0.0205365 0)
(-0.00378059 -0.0228989 0)
(-0.00412543 -0.025469 0)
(-0.00452245 -0.0282772 0)
(-0.00498154 -0.0313597 0)
(-0.00551551 -0.0347592 0)
(-0.00614125 -0.0385278 0)
(-0.00688135 -0.0427293 0)
(-0.00776668 -0.0474432 0)
(-0.0088404 -0.0527709 0)
(-0.0101645 -0.0588432 0)
(-0.0118305 -0.0658335 0)
(-0.0139785 -0.0739755 0)
(-0.0168291 -0.0835909 0)
(-0.0207377 -0.0951286 0)
(-0.0262762 -0.109216 0)
(-0.034331 -0.126709 0)
(-0.0461396 -0.148681 0)
(-0.0630387 -0.176218 0)
(-0.0854596 -0.209732 0)
(-0.110507 -0.247458 0)
(-0.127736 -0.283011 0)
(-0.114064 -0.301952 0)
(-0.0302168 -0.279369 0)
(0.182149 -0.190985 0)
(0.609537 -0.0576438 0)
(-8.60873e-05 -5.80015e-05 0)
(-0.000387359 -0.000388703 0)
(-0.000606968 -0.00104883 0)
(-0.000729611 -0.00188343 0)
(-0.000794091 -0.00281303 0)
(-0.000833138 -0.0038019 0)
(-0.000865785 -0.00483559 0)
(-0.000901227 -0.00591263 0)
(-0.000943302 -0.00703844 0)
(-0.000993572 -0.00822156 0)
(-0.0010529 -0.00947205 0)
(-0.00112208 -0.0108011 0)
(-0.0012021 -0.0122212 0)
(-0.00129418 -0.013746 0)
(-0.00139989 -0.015391 0)
(-0.00152116 -0.0171738 0)
(-0.00166046 -0.0191146 0)
(-0.00182092 -0.021237 0)
(-0.00200653 -0.0235689 0)
(-0.00222251 -0.0261437 0)
(-0.00247569 -0.0290018 0)
(-0.00277522 -0.0321934 0)
(-0.00313365 -0.0357816 0)
(-0.00356856 -0.0398472 0)
(-0.00410538 -0.0444964 0)
(-0.00478226 -0.0498721 0)
(-0.00565901 -0.0561728 0)
(-0.00683405 -0.063683 0)
(-0.00847617 -0.0728239 0)
(-0.010882 -0.0842369 0)
(-0.0145699 -0.0989099 0)
(-0.0204013 -0.118339 0)
(-0.0296564 -0.144645 0)
(-0.0438213 -0.180354 0)
(-0.0635198 -0.227291 0)
(-0.0856279 -0.283847 0)
(-0.0981234 -0.339807 0)
(-0.0737272 -0.367519 0)
(0.0469791 -0.313887 0)
(0.429755 -0.121301 0)
(1.09806e-05 1.06717e-05 0)
(-5.67745e-05 -8.54302e-05 0)
(-0.000109362 -0.000359048 0)
(-0.000135479 -0.000722921 0)
(-0.000146901 -0.00113204 0)
(-0.000152681 -0.00156513 0)
(-0.000157431 -0.00201478 0)
(-0.000163072 -0.00248099 0)
(-0.000170232 -0.00296692 0)
(-0.000179072 -0.00347685 0)
(-0.000189659 -0.00401547 0)
(-0.00020209 -0.00458782 0)
(-0.000216514 -0.00519935 0)
(-0.000233142 -0.00585608 0)
(-0.000252245 -0.00656475 0)
(-0.000274167 -0.00733301 0)
(-0.000299343 -0.00816961 0)
(-0.000328328 -0.0090848 0)
(-0.000361833 -0.0100906 0)
(-0.000400766 -0.0112015 0)
(-0.00044631 -0.0124348 0)
(-0.000500036 -0.0138122 0)
(-0.000564077 -0.0153606 0)
(-0.000641393 -0.0171145 0)
(-0.000736234 -0.019119 0)
(-0.000854986 -0.0214347 0)
(-0.00100792 -0.0241461 0)
(-0.00121291 -0.0273756 0)
(-0.00150351 -0.0313114 0)
(-0.00194624 -0.0362592 0)
(-0.00267501 -0.0427406 0)
(-0.00395297 -0.0516719 0)
(-0.00626453 -0.0646535 0)
(-0.0104003 -0.0843152 0)
(-0.0173492 -0.11445 0)
(-0.0274401 -0.159738 0)
(-0.0377814 -0.22515 0)
(-0.0362548 -0.306165 0)
(0.0213429 -0.339088 0)
(0.310067 -0.161429 0)
)
;

boundaryField
{
    frontAndBack
    {
        type            empty;
    }
    fixedWalls
    {
        type            noSlip;
    }
    movingWall
    {
        type            fixedValue;
        value           uniform (1 0 0);
    }
}


// ************************************************************************* //
